1      17.366392651841856
2      6.925312561922813
3      6.925312561922813
4      6.925312561922813
5      6.925312561922813
6      6.925312561922813
7      3.124880380038275
8      3.124880380038275
9      3.124880380038275
10      3.124880380038275
11      3.124880380038275
12      3.124880380038275
13      3.124880380038275
14      3.124880380038275
15      3.124880380038275
16      3.124880380038275
17      3.124880380038275
18      3.124880380038275
19      3.124880380038275
20      2.3814055934050877
21      2.3814055934050877
22      2.3814055934050877
23      2.3814055934050877
24      2.3814055934050877
25      2.3814055934050877
26      2.3814055934050877
27      2.3814055934050877
28      2.3772608212025887
29      2.3772608212025887
30      2.3772608212025887
31      2.3772608212025887
32      2.3772608212025887
33      2.3772608212025887
34      2.3772608212025887
35      2.3772608212025887
36      2.3772608212025887
37      2.3772608212025887
38      1.1719408422416517
39      1.104660136758037
40      1.104660136758037
41      1.104660136758037
42      1.104660136758037
43      1.104660136758037
44      1.0168929177160473
45      1.0168929177160473
46      1.0168929177160473
47      1.0168929177160473
48      1.0168929177160473
49      1.0168929177160473
50      1.0168929177160473
51      1.0168929177160473
52      1.0168929177160473
53      1.0168929177160473
54      1.0168929177160473
55      1.0168929177160473
56      1.0168929177160473
57      1.0168929177160473
58      1.0168929177160473
59      1.0168929177160473
60      1.0168929177160473
61      1.0168929177160473
62      1.0168929177160473
63      1.0168929177160473
64      1.0168929177160473
65      1.0168929177160473
66      1.0168929177160473
67      1.0168929177160473
68      1.0168929177160473
69      1.0168929177160473
70      1.0168929177160473
71      1.0168929177160473
72      1.0168929177160473
73      1.0168929177160473
74      1.0168929177160473
75      1.0168929177160473
76      1.0168929177160473
77      1.0168929177160473
78      1.0168929177160473
79      1.0168929177160473
80      1.0168929177160473
81      1.0213837344897596
82      1.0213837344897596
83      1.0213837344897596
84      1.0213837344897596
85      1.0213837344897596
86      1.0213837344897596
87      1.0213837344897596
88      1.0213837344897596
89      1.0213837344897596
90      0.6123411540010982
91      0.6123411540010982
92      0.6123411540010982
93      0.6123411540010982
94      0.6123411540010982
95      0.6123411540010982
96      0.6123411540010982
97      0.6123411540010982
98      0.6123411540010982
99      0.6123411540010982
100      0.6123411540010982
101      0.6123411540010982
102      0.6123411540010982
103      0.6123411540010982
104      0.6123411540010982
105      0.6123411540010982
106      0.13477702418534734
107      0.13477702418534734
108      0.13477702418534734
109      0.13477702418534734
110      0.13477702418534734
111      0.13477702418534734
112      0.13477702418534734
113      0.13477702418534734
114      0.13477702418534734
115      0.13477702418534734
116      0.13477702418534734
117      0.13477702418534734
118      0.13477702418534734
119      0.13477702418534734
120      0.13477702418534734
121      0.13477702418534734
122      0.13477702418534734
123      0.13477702418534734
124      0.09345138384025167
125      0.023590015878043956
126      0.023590015878043956
127      0.004948290273813905
128      0.004948290273813905
129      0.004948290273813905
130      0.004948290273813905
131      0.004948290273813905
132      0.004948290273813905
133      0.004948290273813905
134      0.004948290273813905
135      0.004948290273813905
136      0.004948290273813905
137      0.004948290273813905
138      0.004948290273813905
139      0.004948290273813905
140      0.004948290273813905
141      0.004948290273813905
142      0.004948290273813905
143      0.004948290273813905
144      0.004948290273813905
145      0.004948290273813905
146      0.004948290273813905
147      0.004948290273813905
148      0.004948290273813905
149      0.004948290273813905
150      0.004948290273813905
151      0.004361968296815679
152      0.004361968296815679
153      0.002250659156784517
154      0.002250659156784517
155      0.002250659156784517
156      0.002250659156784517
157      0.002250659156784517
158      0.002250659156784517
159      0.002250659156784517
160      0.0017435367576673147
161      0.0017435367576673147
162      0.0017435367576673147
163      0.0017435367576673147
164      0.0017435367576673147
165      0.0017435367576673147
166      0.0017435367576673147
167      0.0017435367576673147
168      0.0017435367576673147
169      0.0017435367576673147
170      9.410001069260873E-4
171      9.410001069260873E-4
172      9.410001069260873E-4
173      3.362073915955761E-4
174      3.362073915955761E-4
175      3.362073915955761E-4
176      3.362073915955761E-4
177      3.362073915955761E-4
178      3.362073915955761E-4
179      3.362073915955761E-4
180      3.362073915955761E-4
181      3.362073915955761E-4
182      1.7842630094026005E-4
183      1.7796917038724727E-4
184      1.7796917038724727E-4
185      1.7796917038724727E-4
186      1.7796917038724727E-4
187      1.7796917038724727E-4
188      1.7796917038724727E-4
189      1.7796917038724727E-4
190      1.7796917038724727E-4
191      1.7796917038724727E-4
192      1.7796917038724727E-4
193      1.7796917038724727E-4
194      7.408790536424921E-5
195      7.408790536424921E-5
196      4.087703229650712E-5
197      4.087703229650712E-5
198      4.087703229650712E-5
199      4.087703229650712E-5
200      4.087703229650712E-5
201      4.087703229650712E-5
202      4.087703229650712E-5
203      4.087703229650712E-5
204      4.087703229650712E-5
205      4.087703229650712E-5
206      4.087703229650712E-5
207      4.087703229650712E-5
208      4.087703229650712E-5
209      4.087703229650712E-5
210      4.087703229650712E-5
211      4.087703229650712E-5
212      4.087703229650712E-5
213      4.087703229650712E-5
214      4.087703229650712E-5
215      4.087703229650712E-5
216      4.087703229650712E-5
217      4.087703229650712E-5
218      1.3980646660188862E-5
219      1.3980646660188862E-5
220      1.3980646660188862E-5
221      1.3980646660188862E-5
222      1.3980646660188862E-5
223      1.3980646660188862E-5
224      4.585625014619819E-6
225      4.585625014619819E-6
226      4.585625014619819E-6
227      4.585625014619819E-6
228      4.585625014619819E-6
229      4.585625014619819E-6
230      4.585625014619819E-6
231      4.585625014619819E-6
232      4.585625014619819E-6
233      3.1397881533091248E-6
234      3.1397881533091248E-6
235      3.1397881533091248E-6
236      2.4618008355188768E-6
237      2.4618008355188768E-6
238      2.4618008355188768E-6
239      2.4618008355188768E-6
240      2.4618008355188768E-6
241      2.4618008355188768E-6
242      2.4618008355188768E-6
243      2.4618008355188768E-6
244      2.4618008355188768E-6
245      2.4618008355188768E-6
246      5.965585326618911E-7
247      5.965585326618911E-7
248      5.965585326618911E-7
249      5.965585326618911E-7
250      5.965585326618911E-7
251      5.965585326618911E-7
252      5.965585326618911E-7
253      5.965585326618911E-7
254      5.965585326618911E-7
255      5.965585326618911E-7
256      5.965585326618911E-7
257      5.965585326618911E-7
258      5.965585326618911E-7
259      5.965585326618911E-7
260      5.965585326618911E-7
261      5.965585326618911E-7
262      5.965585326618911E-7
263      5.965585326618911E-7
264      5.965585326618911E-7
265      5.965585326618911E-7
266      5.965585326618911E-7
267      5.965585326618911E-7
268      5.965585326618911E-7
269      5.965585326618911E-7
270      5.965585326618911E-7
271      5.965585326618911E-7
272      5.965585326618911E-7
273      5.965585326618911E-7
274      5.965585326618911E-7
275      5.965585326618911E-7
276      5.965585326618911E-7
277      5.965585326618911E-7
278      5.965585326618911E-7
279      5.965585326618911E-7
280      5.965585326618911E-7
281      5.965585326618911E-7
282      5.965585326618911E-7
283      5.965585326618911E-7
284      5.965585326618911E-7
285      5.965585326618911E-7
286      5.965585326618911E-7
287      5.965585326618911E-7
288      5.965585326618911E-7
289      5.965585326618911E-7
290      5.965585326618911E-7
291      5.965585326618911E-7
292      5.965585326618911E-7
293      5.965585326618911E-7
294      5.965585326618911E-7
295      5.965585326618911E-7
296      5.965585326618911E-7
297      5.951893147100906E-7
298      5.951893147100906E-7
299      2.419929143867009E-7
300      2.419929143867009E-7
301      2.419929143867009E-7
302      2.419929143867009E-7
303      2.419929143867009E-7
304      2.0079341967833628E-7
305      1.734552975183511E-7
306      1.734552975183511E-7
307      1.734552975183511E-7
308      1.734552975183511E-7
309      1.734552975183511E-7
310      1.734552975183511E-7
311      1.734552975183511E-7
312      1.734552975183511E-7
313      1.734552975183511E-7
314      1.4926975975952307E-7
315      7.687271248466089E-8
316      7.687271248466089E-8
317      2.9038919181255502E-8
318      2.9038919181255502E-8
319      2.9038919181255502E-8
320      2.9038919181255502E-8
321      2.9038919181255502E-8
322      2.9038919181255502E-8
323      6.807857704886052E-9
324      6.807857704886052E-9
325      6.807857704886052E-9
326      6.807857704886052E-9
327      6.807857704886052E-9
328      6.807857704886052E-9
329      6.807857704886052E-9
330      6.807857704886052E-9
331      6.807857704886052E-9
332      6.807857704886052E-9
333      6.807857704886052E-9
334      6.807857704886052E-9
335      6.807857704886052E-9
336      6.807857704886052E-9
337      6.807857704886052E-9
338      6.807857704886052E-9
339      6.807857704886052E-9
340      6.807857704886052E-9
341      6.807857704886052E-9
342      6.807857704886052E-9
343      6.807857704886052E-9
344      6.807857704886052E-9
345      6.807857704886052E-9
346      6.807857704886052E-9
347      6.807857704886052E-9
348      6.807857704886052E-9
349      6.807857704886052E-9
350      6.807857704886052E-9
351      6.807857704886052E-9
352      6.807857704886052E-9
353      6.807857704886052E-9
354      6.807857704886052E-9
355      6.807857704886052E-9
356      6.807857704886052E-9
357      6.807857704886052E-9
358      6.807857704886052E-9
359      6.807857704886052E-9
360      4.134963038746612E-9
361      4.134963038746612E-9
362      4.134963038746612E-9
363      4.134963038746612E-9
364      4.134963038746612E-9
365      4.134963038746612E-9
366      4.134963038746612E-9
367      4.134963038746612E-9
368      1.2246436217390217E-10
369      1.2246436217390217E-10
370      1.2246436217390217E-10
371      1.2246436217390217E-10
372      1.2246436217390217E-10
373      1.2246436217390217E-10
374      1.2246436217390217E-10
375      1.2246436217390217E-10
376      1.2246436217390217E-10
377      1.2246436217390217E-10
378      1.2246436217390217E-10
379      1.2246436217390217E-10
380      1.2246436217390217E-10
381      1.2246436217390217E-10
382      1.2246436217390217E-10
383      1.2246436217390217E-10
384      1.2246436217390217E-10
385      1.2246436217390217E-10
386      1.2246436217390217E-10
387      1.2246436217390217E-10
388      1.2246436217390217E-10
389      1.2246436217390217E-10
390      1.2246436217390217E-10
391      1.2246436217390217E-10
392      1.2246436217390217E-10
393      1.2246436217390217E-10
394      1.2246436217390217E-10
395      1.2246436217390217E-10
396      1.2246436217390217E-10
397      1.2246436217390217E-10
398      1.2246436217390217E-10
399      1.2246436217390217E-10
400      1.2246436217390217E-10
401      1.2246436217390217E-10
402      1.2246436217390217E-10
403      1.2246436217390217E-10
404      1.2246436217390217E-10
405      1.2246436217390217E-10
406      1.2084564783398841E-10
407      1.2084564783398841E-10
408      1.2084564783398841E-10
409      1.2084564783398841E-10
410      1.2084564783398841E-10
411      1.2084564783398841E-10
412      1.2084564783398841E-10
413      1.2084564783398841E-10
414      1.2084564783398841E-10
415      1.2084564783398841E-10
416      1.2084564783398841E-10
417      1.2084564783398841E-10
418      1.2084564783398841E-10
419      1.2084564783398841E-10
420      1.2084564783398841E-10
421      1.2084564783398841E-10
422      1.2084564783398841E-10
423      1.2084564783398841E-10
424      1.2084564783398841E-10
425      1.2084564783398841E-10
426      1.2084564783398841E-10
427      1.2084564783398841E-10
428      1.2084564783398841E-10
429      1.2084564783398841E-10
430      1.2084564783398841E-10
431      3.169537114089888E-12
432      3.169537114089888E-12
433      3.169537114089888E-12
434      3.169537114089888E-12
435      3.169537114089888E-12
436      3.169537114089888E-12
437      3.169537114089888E-12
438      3.169537114089888E-12
439      3.169537114089888E-12
440      3.169537114089888E-12
441      3.169537114089888E-12
442      3.169537114089888E-12
443      3.169537114089888E-12
444      3.169537114089888E-12
445      3.169537114089888E-12
446      3.169537114089888E-12
447      3.169537114089888E-12
448      3.169537114089888E-12
449      3.169537114089888E-12
450      3.169537114089888E-12
451      3.169537114089888E-12
452      3.169537114089888E-12
453      3.169537114089888E-12
454      3.169537114089888E-12
455      3.169537114089888E-12
456      3.169537114089888E-12
457      3.169537114089888E-12
458      3.169537114089888E-12
459      3.169537114089888E-12
460      3.169537114089888E-12
461      3.169537114089888E-12
462      3.169537114089888E-12
463      3.169537114089888E-12
464      3.169537114089888E-12
465      3.169537114089888E-12
466      3.169537114089888E-12
467      3.169537114089888E-12
468      3.169537114089888E-12
469      3.169537114089888E-12
470      3.169537114089888E-12
471      3.169537114089888E-12
472      3.169537114089888E-12
473      3.169537114089888E-12
474      3.169537114089888E-12
475      3.169537114089888E-12
476      3.169537114089888E-12
477      3.169537114089888E-12
478      3.169537114089888E-12
479      3.169537114089888E-12
480      3.169537114089888E-12
481      3.169537114089888E-12
482      3.169537114089888E-12
483      3.169537114089888E-12
484      3.169537114089888E-12
485      3.169537114089888E-12
486      3.169537114089888E-12
487      3.169537114089888E-12
488      3.169537114089888E-12
489      3.169537114089888E-12
490      3.169537114089888E-12
491      3.169537114089888E-12
492      3.169537114089888E-12
493      3.169537114089888E-12
494      3.169537114089888E-12
495      3.169537114089888E-12
496      3.169537114089888E-12
497      3.169537114089888E-12
498      3.169537114089888E-12
499      3.169537114089888E-12
500      3.169537114089888E-12
501      3.169537114089888E-12
502      3.169537114089888E-12
503      3.169537114089888E-12
504      3.169537114089888E-12
505      3.169537114089888E-12
506      3.169537114089888E-12
507      3.169537114089888E-12
508      3.169537114089888E-12
509      3.169537114089888E-12
510      3.169537114089888E-12
511      3.169537114089888E-12
512      3.169537114089888E-12
513      3.169537114089888E-12
514      3.169537114089888E-12
515      3.169537114089888E-12
516      3.169537114089888E-12
517      3.169537114089888E-12
518      3.169537114089888E-12
519      3.169537114089888E-12
520      3.169537114089888E-12
521      3.169537114089888E-12
522      3.169537114089888E-12
523      3.169537114089888E-12
524      3.169537114089888E-12
525      3.169537114089888E-12
526      3.169537114089888E-12
527      3.169537114089888E-12
528      3.169537114089888E-12
529      3.169537114089888E-12
530      3.169537114089888E-12
531      3.169537114089888E-12
532      3.169537114089888E-12
533      3.169537114089888E-12
534      3.169537114089888E-12
535      3.169537114089888E-12
536      3.169537114089888E-12
537      3.169537114089888E-12
538      3.169537114089888E-12
539      3.169537114089888E-12
540      3.169537114089888E-12
541      3.169537114089888E-12
542      3.169537114089888E-12
543      3.169537114089888E-12
544      3.169537114089888E-12
545      3.169537114089888E-12
546      3.169537114089888E-12
547      3.169537114089888E-12
548      3.169537114089888E-12
549      3.169537114089888E-12
550      3.169537114089888E-12
551      3.169537114089888E-12
552      3.169537114089888E-12
553      3.169537114089888E-12
554      3.169537114089888E-12
555      3.169537114089888E-12
556      3.169537114089888E-12
557      3.169537114089888E-12
558      3.169537114089888E-12
559      3.169537114089888E-12
560      3.169537114089888E-12
561      3.169537114089888E-12
562      3.169537114089888E-12
563      3.169537114089888E-12
564      3.165020461692916E-12
565      3.165020461692916E-12
566      3.165020461692916E-12
567      3.165020461692916E-12
568      3.165020461692916E-12
569      3.165020461692916E-12
570      3.165020461692916E-12
571      3.165020461692916E-12
572      3.165020461692916E-12
573      3.165020461692916E-12
574      3.165020461692916E-12
575      3.165020461692916E-12
576      3.165020461692916E-12
577      3.165020461692916E-12
578      3.165020461692916E-12
579      3.165020461692916E-12
580      3.165020461692916E-12
581      3.165020461692916E-12
582      3.165020461692916E-12
583      3.165020461692916E-12
584      3.165020461692916E-12
585      3.165020461692916E-12
586      3.165020461692916E-12
587      3.165020461692916E-12
588      3.165020461692916E-12
589      3.165020461692916E-12
590      3.165020461692916E-12
591      3.165020461692916E-12
592      3.165020461692916E-12
593      3.165020461692916E-12
594      3.165020461692916E-12
595      3.165020461692916E-12
596      3.165020461692916E-12
597      3.165020461692916E-12
598      3.165020461692916E-12
599      3.165020461692916E-12
600      3.165020461692916E-12
601      3.165020461692916E-12
602      3.165020461692916E-12
603      3.165020461692916E-12
604      3.165020461692916E-12
605      3.165020461692916E-12
606      3.165020461692916E-12
607      3.165020461692916E-12
608      3.165020461692916E-12
609      3.165020461692916E-12
610      3.165020461692916E-12
611      3.165020461692916E-12
612      3.165020461692916E-12
613      3.165020461692916E-12
614      3.165020461692916E-12
615      3.165020461692916E-12
616      3.165020461692916E-12
617      3.165020461692916E-12
618      3.165020461692916E-12
619      3.165020461692916E-12
620      3.165020461692916E-12
621      3.165020461692916E-12
622      3.165020461692916E-12
623      3.165020461692916E-12
624      3.165020461692916E-12
625      3.165020461692916E-12
626      3.165020461692916E-12
627      3.165020461692916E-12
628      3.165020461692916E-12
629      3.165020461692916E-12
630      3.165020461692916E-12
631      3.165020461692916E-12
632      3.165020461692916E-12
633      3.165020461692916E-12
634      3.165020461692916E-12
635      3.165020461692916E-12
636      3.165020461692916E-12
637      3.165020461692916E-12
638      3.165020461692916E-12
639      3.165020461692916E-12
640      3.165020461692916E-12
641      3.165020461692916E-12
642      3.165020461692916E-12
643      3.165020461692916E-12
644      3.165020461692916E-12
645      3.165020461692916E-12
646      3.165020461692916E-12
647      3.165020461692916E-12
648      3.165020461692916E-12
649      3.165020461692916E-12
650      3.165020461692916E-12
651      3.165020461692916E-12
652      3.165020461692916E-12
653      3.165020461692916E-12
654      3.165020461692916E-12
655      3.165020461692916E-12
656      3.165020461692916E-12
657      3.165020461692916E-12
658      3.165020461692916E-12
659      3.165020461692916E-12
660      3.165020461692916E-12
661      3.165020461692916E-12
662      3.165020461692916E-12
663      3.165020461692916E-12
664      3.165020461692916E-12
665      3.165020461692916E-12
666      3.165020461692916E-12
667      3.165020461692916E-12
668      3.165020461692916E-12
669      3.165020461692916E-12
670      3.165020461692916E-12
671      3.165020461692916E-12
672      3.165020461692916E-12
673      3.165020461692916E-12
674      3.165020461692916E-12
675      3.165020461692916E-12
676      3.165020461692916E-12
677      3.165020461692916E-12
678      3.165020461692916E-12
679      3.165020461692916E-12
680      3.165020461692916E-12
681      3.165020461692916E-12
682      3.165020461692916E-12
683      3.165020461692916E-12
684      3.165020461692916E-12
685      3.165020461692916E-12
686      3.165020461692916E-12
687      3.165020461692916E-12
688      3.165020461692916E-12
689      3.165020461692916E-12
690      3.165020461692916E-12
691      3.165020461692916E-12
692      3.165020461692916E-12
693      3.165020461692916E-12
694      3.165020461692916E-12
695      3.165020461692916E-12
696      3.165020461692916E-12
697      3.165020461692916E-12
698      3.165020461692916E-12
699      3.165020461692916E-12
700      3.165020461692916E-12
701      3.165020461692916E-12
702      3.165020461692916E-12
703      3.165020461692916E-12
704      3.165020461692916E-12
705      3.165020461692916E-12
706      3.165020461692916E-12
707      3.165020461692916E-12
708      3.165020461692916E-12
709      3.165020461692916E-12
710      3.165020461692916E-12
711      3.165020461692916E-12
712      3.165020461692916E-12
713      3.165020461692916E-12
714      3.165020461692916E-12
715      3.165020461692916E-12
716      3.165020461692916E-12
717      3.165020461692916E-12
718      3.165020461692916E-12
719      3.165020461692916E-12
720      3.165020461692916E-12
721      3.165020461692916E-12
722      3.165020461692916E-12
723      3.165020461692916E-12
724      3.165020461692916E-12
725      3.165020461692916E-12
726      3.165020461692916E-12
727      3.165020461692916E-12
728      3.165020461692916E-12
729      3.1671333492511757E-12
730      3.1671333492511757E-12
731      3.1671333492511757E-12
732      3.1671333492511757E-12
733      3.1671333492511757E-12
734      3.1671333492511757E-12
735      3.1671333492511757E-12
736      3.1671333492511757E-12
737      3.1671333492511757E-12
738      3.1671333492511757E-12
739      3.1671333492511757E-12
740      3.1671333492511757E-12
741      3.1671333492511757E-12
742      3.1671333492511757E-12
743      3.1671333492511757E-12
744      3.1671333492511757E-12
745      3.1671333492511757E-12
746      3.1671333492511757E-12
747      3.1671333492511757E-12
748      3.1671333492511757E-12
749      3.1671333492511757E-12
750      3.1671333492511757E-12
751      3.1671333492511757E-12
752      3.1671333492511757E-12
753      3.1671333492511757E-12
754      3.1671333492511757E-12
755      3.1671333492511757E-12
756      3.1671333492511757E-12
757      3.1671333492511757E-12
758      3.1671333492511757E-12
759      3.1671333492511757E-12
760      3.1671333492511757E-12
761      3.1671333492511757E-12
762      3.1671333492511757E-12
763      3.1671333492511757E-12
764      3.1671333492511757E-12
765      3.1671333492511757E-12
766      3.1671333492511757E-12
767      3.1671333492511757E-12
768      3.1671333492511757E-12
769      3.1671333492511757E-12
770      3.1671333492511757E-12
771      3.1671333492511757E-12
772      3.1671333492511757E-12
773      3.1671333492511757E-12
774      3.1671333492511757E-12
775      3.1671333492511757E-12
776      3.1671333492511757E-12
777      3.1671333492511757E-12
778      3.1671333492511757E-12
779      3.1671333492511757E-12
780      3.1671333492511757E-12
781      3.1671333492511757E-12
782      3.1671333492511757E-12
783      3.1671333492511757E-12
784      3.1671333492511757E-12
785      3.1671333492511757E-12
786      3.1671333492511757E-12
787      3.1671333492511757E-12
788      3.1671333492511757E-12
789      3.1671333492511757E-12
790      3.1671333492511757E-12
791      3.1671333492511757E-12
792      3.1671333492511757E-12
793      3.1671333492511757E-12
794      3.1671333492511757E-12
795      3.1671333492511757E-12
796      3.1671333492511757E-12
797      3.1671333492511757E-12
798      3.1671333492511757E-12
799      3.1671333492511757E-12
800      3.1671333492511757E-12
801      3.1671333492511757E-12
802      3.1671333492511757E-12
803      3.1671333492511757E-12
804      3.1671333492511757E-12
805      3.1671333492511757E-12
806      3.1671333492511757E-12
807      3.1671333492511757E-12
808      3.1671333492511757E-12
809      3.1671333492511757E-12
810      3.1671333492511757E-12
811      3.1671333492511757E-12
812      3.1671333492511757E-12
813      3.1671333492511757E-12
814      3.1671333492511757E-12
815      3.1671333492511757E-12
816      3.1671333492511757E-12
817      3.1671333492511757E-12
818      3.1671333492511757E-12
819      3.1671333492511757E-12
820      3.1671333492511757E-12
821      3.1671333492511757E-12
822      3.1671333492511757E-12
823      3.1671333492511757E-12
824      3.1671333492511757E-12
825      3.1671333492511757E-12
826      3.1671333492511757E-12
827      3.1671333492511757E-12
828      3.1671333492511757E-12
829      3.1671333492511757E-12
830      3.1671333492511757E-12
831      3.1671333492511757E-12
832      3.1671333492511757E-12
833      3.1671333492511757E-12
834      3.1671333492511757E-12
835      3.1671333492511757E-12
836      3.1671333492511757E-12
837      3.1671333492511757E-12
838      3.1671333492511757E-12
839      3.1671333492511757E-12
840      3.1671333492511757E-12
841      3.1671333492511757E-12
842      3.1671333492511757E-12
843      3.1671333492511757E-12
844      3.1671333492511757E-12
845      3.1671333492511757E-12
846      3.1671333492511757E-12
847      3.1671333492511757E-12
848      3.1671333492511757E-12
849      3.1671333492511757E-12
850      3.1671333492511757E-12
851      3.1671333492511757E-12
852      3.1671333492511757E-12
853      3.1671333492511757E-12
854      3.1671333492511757E-12
855      3.1671333492511757E-12
856      3.1671333492511757E-12
857      3.1671333492511757E-12
858      3.1671333492511757E-12
859      3.1671333492511757E-12
860      3.1671333492511757E-12
861      3.1671333492511757E-12
862      3.1671333492511757E-12
863      3.1671333492511757E-12
864      3.1671333492511757E-12
865      3.1671333492511757E-12
866      3.1671333492511757E-12
867      3.1671333492511757E-12
868      3.1671333492511757E-12
869      3.1671333492511757E-12
870      3.1671333492511757E-12
871      3.1671333492511757E-12
872      3.1671333492511757E-12
873      3.1671333492511757E-12
874      3.1671333492511757E-12
875      3.1671333492511757E-12
876      3.1671333492511757E-12
877      3.1671333492511757E-12
878      3.1671333492511757E-12
879      3.1671333492511757E-12
880      3.1671333492511757E-12
881      3.1671333492511757E-12
882      3.1671333492511757E-12
883      3.1671333492511757E-12
884      3.1671333492511757E-12
885      3.1671333492511757E-12
886      3.1671333492511757E-12
887      3.1671333492511757E-12
888      3.1671333492511757E-12
889      3.1671333492511757E-12
890      3.1671333492511757E-12
891      3.1671333492511757E-12
892      3.1671333492511757E-12
893      3.1671333492511757E-12
894      3.1671333492511757E-12
895      3.1671333492511757E-12
896      3.1671333492511757E-12
897      3.1671333492511757E-12
898      3.1671333492511757E-12
899      3.1671333492511757E-12
900      3.1671333492511757E-12
901      3.1671333492511757E-12
902      3.1671333492511757E-12
903      3.1671333492511757E-12
904      3.1671333492511757E-12
905      3.1671333492511757E-12
906      3.1671333492511757E-12
907      3.1671333492511757E-12
908      3.1671333492511757E-12
909      3.1671333492511757E-12
910      3.1671333492511757E-12
911      3.1671333492511757E-12
912      3.1671333492511757E-12
913      3.1671333492511757E-12
914      3.1671333492511757E-12
915      3.1671333492511757E-12
916      3.1671333492511757E-12
917      3.1671333492511757E-12
918      3.1671333492511757E-12
919      3.1671333492511757E-12
920      3.1671333492511757E-12
921      3.1671333492511757E-12
922      3.1671333492511757E-12
923      3.1671333492511757E-12
924      3.1671333492511757E-12
925      3.1671333492511757E-12
926      3.1671333492511757E-12
927      3.1671333492511757E-12
928      3.1671333492511757E-12
929      3.1671333492511757E-12
930      3.1671333492511757E-12
931      3.1671333492511757E-12
932      3.1671333492511757E-12
933      3.1671333492511757E-12
934      3.1671333492511757E-12
935      3.1671333492511757E-12
936      3.1531220946977507E-12
937      3.1531220946977507E-12
938      3.1531220946977507E-12
939      3.1531220946977507E-12
940      3.1531220946977507E-12
941      3.1531220946977507E-12
942      3.1531220946977507E-12
943      3.1531220946977507E-12
944      3.1531220946977507E-12
945      3.1531220946977507E-12
946      3.1531220946977507E-12
947      3.1531220946977507E-12
948      3.1531220946977507E-12
949      3.1531220946977507E-12
950      3.1531220946977507E-12
951      3.1531220946977507E-12
952      3.1531220946977507E-12
953      3.1531220946977507E-12
954      3.1531220946977507E-12
955      3.1531220946977507E-12
956      3.1531220946977507E-12
957      3.1531220946977507E-12
958      3.1531220946977507E-12
959      3.1531220946977507E-12
960      3.1531220946977507E-12
961      3.1531220946977507E-12
962      3.1531220946977507E-12
963      3.1531220946977507E-12
964      3.1531220946977507E-12
965      3.1531220946977507E-12
966      3.1531220946977507E-12
967      3.1531220946977507E-12
968      3.1531220946977507E-12
969      3.1531220946977507E-12
970      3.1531220946977507E-12
971      3.1531220946977507E-12
972      3.1531220946977507E-12
973      3.1531220946977507E-12
974      3.1531220946977507E-12
975      3.1531220946977507E-12
976      3.1531220946977507E-12
977      3.1531220946977507E-12
978      3.1531220946977507E-12
979      3.1531220946977507E-12
980      3.1531220946977507E-12
981      3.1531220946977507E-12
982      3.1531220946977507E-12
983      3.1531220946977507E-12
984      3.1531220946977507E-12
985      3.1531220946977507E-12
986      3.1531220946977507E-12
987      3.1531220946977507E-12
988      3.1531220946977507E-12
989      3.1531220946977507E-12
990      3.1531220946977507E-12
991      3.1531220946977507E-12
992      3.1531220946977507E-12
993      3.1531220946977507E-12
994      3.1531220946977507E-12
995      3.1531220946977507E-12
996      3.1531220946977507E-12
997      3.1531220946977507E-12
998      3.1531220946977507E-12
999      3.1531220946977507E-12
