1      29.713116671332205
2      20.70289165783556
3      18.76047984099253
4      6.295011770417311
5      6.295011770417311
6      6.295011770417311
7      6.295011770417311
8      6.295011770417311
9      6.295011770417311
10      6.295011770417311
11      6.295011770417311
12      6.295011770417311
13      6.295011770417311
14      6.295011770417311
15      6.295011770417311
16      6.295011770417311
17      6.295011770417311
18      6.295011770417311
19      6.295011770417311
20      6.295011770417311
21      6.295011770417311
22      6.295011770417311
23      6.295011770417311
24      6.295011770417311
25      6.295011770417311
26      6.295011770417311
27      6.295011770417311
28      6.295011770417311
29      18.76047984099253
30      18.76047984099253
31      18.76047984099253
32      18.76047984099253
33      18.76047984099253
34      3.2006331618995345
35      3.2006331618995345
36      3.2006331618995345
37      3.2006331618995345
38      3.2006331618995345
39      3.2006331618995345
40      3.2006331618995345
41      3.2006331618995345
42      3.2006331618995345
43      3.2006331618995345
44      3.2006331618995345
45      3.2006331618995345
46      3.2006331618995345
47      3.2006331618995345
48      3.2006331618995345
49      3.2006331618995345
50      3.2006331618995345
51      3.2006331618995345
52      3.2006331618995345
53      3.2006331618995345
54      3.2006331618995345
55      3.2006331618995345
56      3.2006331618995345
57      20.72432217195141
58      20.72432217195141
59      20.72432217195141
60      20.72432217195141
61      20.72432217195141
62      20.72432217195141
63      20.72432217195141
64      20.72432217195141
65      1.319334579017657
66      1.319334579017657
67      1.3184646107008793
68      1.3184646107008793
69      1.3184646107008793
70      1.3184646107008793
71      1.3184646107008793
72      0.708639862409369
73      0.708639862409369
74      0.708639862409369
75      0.708639862409369
76      0.708639862409369
77      0.708639862409369
78      0.708639862409369
79      0.708639862409369
80      0.708639862409369
81      0.708639862409369
82      0.708639862409369
83      0.708639862409369
84      0.708639862409369
85      0.708639862409369
86      0.708639862409369
87      0.3039358603006929
88      0.3039358603006929
89      0.3039358603006929
90      0.3039358603006929
91      0.3039358603006929
92      0.3039358603006929
93      0.3039358603006929
94      0.3039358603006929
95      0.3039358603006929
96      0.3039358603006929
97      0.3039358603006929
98      0.3039358603006929
99      0.3039358603006929
100      0.3039358603006929
101      0.3039358603006929
102      0.3039358603006929
103      0.3039358603006929
104      0.3039358603006929
105      0.3039358603006929
106      0.3039358603006929
107      0.3039358603006929
108      0.21017991244011733
109      0.21017991244011733
110      0.21017991244011733
111      0.21017991244011733
112      0.21017991244011733
113      0.21017991244011733
114      0.21017991244011733
115      0.21017991244011733
116      0.21017991244011733
117      0.21017991244011733
118      0.14324441445578237
119      0.14324441445578237
120      0.14324441445578237
121      0.14324441445578237
122      0.14324441445578237
123      0.14324441445578237
124      0.14324441445578237
125      0.14324441445578237
126      0.14324441445578237
127      0.14324441445578237
128      0.14324441445578237
129      0.14324441445578237
130      0.14324441445578237
131      0.14324441445578237
132      0.14324441445578237
133      0.14324441445578237
134      0.04735986434103889
135      0.04735986434103889
136      0.04735986434103889
137      0.04735986434103889
138      0.04735986434103889
139      0.04735986434103889
140      0.04735986434103889
141      0.04735986434103889
142      0.04735986434103889
143      0.04735986434103889
144      0.04735986434103889
145      0.04735986434103889
146      0.04735986434103889
147      0.04735986434103889
148      0.04735986434103889
149      0.04735986434103889
150      0.04735986434103889
151      0.04735986434103889
152      0.04735986434103889
153      0.04735986434103889
154      0.04735986434103889
155      0.04735986434103889
156      0.04735986434103889
157      0.04735986434103889
158      0.04735986434103889
159      0.04735986434103889
160      0.04735986434103889
161      0.04735986434103889
162      0.04735986434103889
163      0.04735986434103889
164      0.04735986434103889
165      0.04735986434103889
166      0.04735986434103889
167      0.04735986434103889
168      0.04735986434103889
169      0.04735986434103889
170      0.04735986434103889
171      0.04735986434103889
172      0.04735986434103889
173      0.04735986434103889
174      0.04735986434103889
175      0.04735986434103889
176      0.04735986434103889
177      0.04735986434103889
178      0.04735986434103889
179      0.04735986434103889
180      0.04735986434103889
181      0.04735986434103889
182      0.04735986434103889
183      0.04735986434103889
184      0.04735986434103889
185      0.04735986434103889
186      0.04735986434103889
187      0.04735986434103889
188      0.04735986434103889
189      0.04735986434103889
190      0.04735986434103889
191      0.04735986434103889
192      0.04735986434103889
193      0.04704353135225498
194      0.04704353135225498
195      0.04704353135225498
196      0.04704353135225498
197      0.04704353135225498
198      0.04704353135225498
199      0.04704353135225498
200      0.04704353135225498
201      0.04704353135225498
202      0.04704353135225498
203      0.04704353135225498
204      0.04704353135225498
205      0.04704353135225498
206      0.04704353135225498
207      0.04704353135225498
208      0.04704353135225498
209      0.04704353135225498
210      0.04704353135225498
211      0.04704353135225498
212      0.04704353135225498
213      0.04704353135225498
214      0.04704353135225498
215      0.04704353135225498
216      0.04704353135225498
217      0.04704353135225498
218      0.04704353135225498
219      0.04704353135225498
220      0.04704353135225498
221      0.04704353135225498
222      0.04704353135225498
223      0.04704353135225498
224      0.04704353135225498
225      0.04704353135225498
226      0.04704353135225498
227      0.04704353135225498
228      0.04704353135225498
229      0.04704353135225498
230      0.02314156987094802
231      0.02314156987094802
232      0.02314156987094802
233      0.02314156987094802
234      0.013265809185059946
235      0.013265809185059946
236      0.013265809185059946
237      0.013265809185059946
238      0.013265809185059946
239      0.013265809185059946
240      0.013265809185059946
241      0.013265809185059946
242      0.013265809185059946
243      0.013265809185059946
244      0.013265809185059946
245      0.013265809185059946
246      0.010460511311792656
247      0.010460511311792656
248      0.010460511311792656
249      0.010460511311792656
250      0.010460511311792656
251      0.010460511311792656
252      0.00546665046719422
253      0.00546665046719422
254      0.00546665046719422
255      0.00546665046719422
256      0.00546665046719422
257      0.00546665046719422
258      0.00546665046719422
259      0.00546665046719422
260      0.00546665046719422
261      0.00546665046719422
262      0.00546665046719422
263      0.00546665046719422
264      0.00546665046719422
265      0.00546665046719422
266      0.00546665046719422
267      0.004307129920757187
268      0.004307129920757187
269      0.002763877652423182
270      0.002763877652423182
271      0.002763877652423182
272      0.002763877652423182
273      0.002763877652423182
274      0.002763877652423182
275      0.002763877652423182
276      0.002763877652423182
277      0.002763877652423182
278      0.002763877652423182
279      0.002763877652423182
280      0.002763877652423182
281      0.002763877652423182
282      0.002763877652423182
283      0.002763877652423182
284      0.0013432158627943312
285      0.0013432158627943312
286      0.0013432158627943312
287      0.0013432158627943312
288      0.0013432158627943312
289      0.0013432158627943312
290      0.0013432158627943312
291      0.0013432158627943312
292      0.0013432158627943312
293      0.0013432158627943312
294      0.0013432158627943312
295      0.0013432158627943312
296      0.0013432158627943312
297      0.0013432158627943312
298      0.0013432158627943312
299      0.0013432158627943312
300      0.0013432158627943312
301      0.0013432158627943312
302      0.0013432158627943312
303      0.0013432158627943312
304      0.0013432158627943312
305      0.0013432158627943312
306      0.0013432158627943312
307      0.0013432158627943312
308      0.0013432158627943312
309      0.0013432158627943312
310      0.0013432158627943312
311      0.0013432158627943312
312      0.0013432158627943312
313      0.0013432158627943312
314      6.250508811377203E-4
315      6.250508811377203E-4
316      6.250508811377203E-4
317      6.250508811377203E-4
318      6.250508811377203E-4
319      6.250508811377203E-4
320      6.250508811377203E-4
321      6.250508811377203E-4
322      6.250508811377203E-4
323      6.250508811377203E-4
324      6.250508811377203E-4
325      6.250508811377203E-4
326      6.250508811377203E-4
327      6.250508811377203E-4
328      6.250508811377203E-4
329      6.250508811377203E-4
330      6.250508811377203E-4
331      6.250508811377203E-4
332      6.250508811377203E-4
333      6.250508811377203E-4
334      6.250508811377203E-4
335      6.250508811377203E-4
336      6.250508811377203E-4
337      6.250508811377203E-4
338      6.250508811377203E-4
339      6.250508811377203E-4
340      6.250508811377203E-4
341      5.32736580899737E-5
342      5.32736580899737E-5
343      5.32736580899737E-5
344      5.32736580899737E-5
345      5.32736580899737E-5
346      5.32736580899737E-5
347      5.32736580899737E-5
348      5.32736580899737E-5
349      5.32736580899737E-5
350      5.32736580899737E-5
351      5.32736580899737E-5
352      5.32736580899737E-5
353      5.32736580899737E-5
354      5.32736580899737E-5
355      5.32736580899737E-5
356      5.32736580899737E-5
357      5.32736580899737E-5
358      5.32736580899737E-5
359      5.32736580899737E-5
360      5.32736580899737E-5
361      5.2710238468054794E-5
362      5.2710238468054794E-5
363      5.2710238468054794E-5
364      5.2710238468054794E-5
365      5.2710238468054794E-5
366      5.2710238468054794E-5
367      5.2710238468054794E-5
368      5.2710238468054794E-5
369      5.2710238468054794E-5
370      5.2710238468054794E-5
371      5.2710238468054794E-5
372      5.2710238468054794E-5
373      5.2710238468054794E-5
374      5.2710238468054794E-5
375      5.2710238468054794E-5
376      5.2710238468054794E-5
377      5.2710238468054794E-5
378      5.2710238468054794E-5
379      5.2710238468054794E-5
380      5.2710238468054794E-5
381      5.2710238468054794E-5
382      5.2710238468054794E-5
383      5.2710238468054794E-5
384      5.2710238468054794E-5
385      5.2710238468054794E-5
386      5.2710238468054794E-5
387      5.2710238468054794E-5
388      5.2710238468054794E-5
389      5.2710238468054794E-5
390      5.2710238468054794E-5
391      5.2710238468054794E-5
392      5.2710238468054794E-5
393      5.2710238468054794E-5
394      5.2710238468054794E-5
395      5.2710238468054794E-5
396      5.2710238468054794E-5
397      5.2710238468054794E-5
398      5.2710238468054794E-5
399      5.2710238468054794E-5
400      5.2710238468054794E-5
401      5.2710238468054794E-5
402      5.2710238468054794E-5
403      5.2710238468054794E-5
404      5.2710238468054794E-5
405      5.2710238468054794E-5
406      5.2710238468054794E-5
407      5.2710238468054794E-5
408      5.2710238468054794E-5
409      5.2710238468054794E-5
410      5.2710238468054794E-5
411      5.2710238468054794E-5
412      5.2710238468054794E-5
413      2.8575446370781798E-5
414      2.8575446370781798E-5
415      2.8575446370781798E-5
416      7.44647380490139E-6
417      7.44647380490139E-6
418      7.44647380490139E-6
419      6.631607812121163E-7
420      6.631607812121163E-7
421      6.631607812121163E-7
422      6.631607812121163E-7
423      6.631607812121163E-7
424      6.631607812121163E-7
425      6.631607812121163E-7
426      6.631607812121163E-7
427      6.631607812121163E-7
428      6.631607812121163E-7
429      6.631607812121163E-7
430      6.631607812121163E-7
431      6.631607812121163E-7
432      6.631607812121163E-7
433      6.631607812121163E-7
434      6.631607812121163E-7
435      6.631607812121163E-7
436      6.631607812121163E-7
437      6.631607812121163E-7
438      6.631607812121163E-7
439      6.631607812121163E-7
440      6.631607812121163E-7
441      6.631607812121163E-7
442      6.631607812121163E-7
443      6.631607812121163E-7
444      6.631607812121163E-7
445      6.631607812121163E-7
446      6.631607812121163E-7
447      6.631607812121163E-7
448      6.631607812121163E-7
449      6.631607812121163E-7
450      6.631607812121163E-7
451      6.631607812121163E-7
452      6.631607812121163E-7
453      6.631607812121163E-7
454      6.631607812121163E-7
455      6.631607812121163E-7
456      6.631607812121163E-7
457      6.631607812121163E-7
458      6.631607812121163E-7
459      6.631607812121163E-7
460      6.631607812121163E-7
461      6.631607812121163E-7
462      6.631607812121163E-7
463      6.631607812121163E-7
464      6.631607812121163E-7
465      6.631607812121163E-7
466      6.631607812121163E-7
467      6.631607812121163E-7
468      6.631607812121163E-7
469      6.631607812121163E-7
470      6.631607812121163E-7
471      6.631607812121163E-7
472      6.631607812121163E-7
473      6.631607812121163E-7
474      6.631607812121163E-7
475      6.631607812121163E-7
476      6.631607812121163E-7
477      6.631607812121163E-7
478      6.631607812121163E-7
479      6.631607812121163E-7
480      6.631607812121163E-7
481      6.631607812121163E-7
482      6.631607812121163E-7
483      6.631607812121163E-7
484      6.631607812121163E-7
485      6.631607812121163E-7
486      6.631607812121163E-7
487      6.631607812121163E-7
488      6.631607812121163E-7
489      6.631607812121163E-7
490      6.631607812121163E-7
491      6.631607812121163E-7
492      6.631607812121163E-7
493      6.631607812121163E-7
494      6.631607812121163E-7
495      6.631607812121163E-7
496      6.631607812121163E-7
497      6.631607812121163E-7
498      6.631607812121163E-7
499      6.631607812121163E-7
500      6.631607812121163E-7
501      6.631607812121163E-7
502      6.476576424759739E-7
503      6.476576424759739E-7
504      6.476576424759739E-7
505      6.476576424759739E-7
506      6.476576424759739E-7
507      6.476576424759739E-7
508      6.476576424759739E-7
509      5.012625002147762E-7
510      5.012625002147762E-7
511      5.012625002147762E-7
512      5.012625002147762E-7
513      5.012625002147762E-7
514      5.012625002147762E-7
515      5.012625002147762E-7
516      5.012625002147762E-7
517      5.012625002147762E-7
518      5.012625002147762E-7
519      5.012625002147762E-7
520      5.012625002147762E-7
521      5.012625002147762E-7
522      2.7098256732648324E-7
523      2.7098256732648324E-7
524      2.7098256732648324E-7
525      2.7098256732648324E-7
526      2.7098256732648324E-7
527      2.7098256732648324E-7
528      2.7098256732648324E-7
529      2.7098256732648324E-7
530      2.7098256732648324E-7
531      2.7098256732648324E-7
532      2.7098256732648324E-7
533      2.7098256732648324E-7
534      2.7098256732648324E-7
535      2.7098256732648324E-7
536      2.7098256732648324E-7
537      2.7098256732648324E-7
538      2.7098256732648324E-7
539      2.7098256732648324E-7
540      2.7098256732648324E-7
541      1.7551332975312994E-7
542      1.7551332975312994E-7
543      1.7551332975312994E-7
544      1.3159439327881914E-7
545      1.3159439327881914E-7
546      1.3159439327881914E-7
547      1.1352356659655221E-7
548      1.1352356659655221E-7
549      1.1352356659655221E-7
550      1.1352356659655221E-7
551      3.93353732030334E-8
552      3.93353732030334E-8
553      3.93353732030334E-8
554      3.93353732030334E-8
555      3.93353732030334E-8
556      3.93353732030334E-8
557      3.93353732030334E-8
558      3.93353732030334E-8
559      3.93353732030334E-8
560      3.93353732030334E-8
561      3.93353732030334E-8
562      3.93353732030334E-8
563      3.93353732030334E-8
564      3.93353732030334E-8
565      2.6688565770855756E-8
566      2.6688565770855756E-8
567      2.6688565770855756E-8
568      2.6688565770855756E-8
569      2.6688565770855756E-8
570      2.6688565770855756E-8
571      2.6688565770855756E-8
572      2.6688565770855756E-8
573      2.6688565770855756E-8
574      2.6688565770855756E-8
575      2.6688565770855756E-8
576      2.6688565770855756E-8
577      2.6688565770855756E-8
578      2.6688565770855756E-8
579      1.706377318313821E-8
580      1.706377318313821E-8
581      1.706377318313821E-8
582      1.706377318313821E-8
583      1.706377318313821E-8
584      1.706377318313821E-8
585      1.706377318313821E-8
586      1.706377318313821E-8
587      1.706377318313821E-8
588      1.706377318313821E-8
589      1.706377318313821E-8
590      1.706377318313821E-8
591      1.706377318313821E-8
592      1.706377318313821E-8
593      1.706377318313821E-8
594      1.706377318313821E-8
595      1.706377318313821E-8
596      1.706377318313821E-8
597      1.706377318313821E-8
598      1.706377318313821E-8
599      1.706377318313821E-8
600      1.706377318313821E-8
601      1.706377318313821E-8
602      1.706377318313821E-8
603      1.706377318313821E-8
604      1.706377318313821E-8
605      1.706377318313821E-8
606      1.706377318313821E-8
607      1.706377318313821E-8
608      1.706377318313821E-8
609      1.706377318313821E-8
610      1.706377318313821E-8
611      1.706377318313821E-8
612      1.706377318313821E-8
613      1.706377318313821E-8
614      1.706377318313821E-8
615      1.706377318313821E-8
616      1.706377318313821E-8
617      1.3995069204822089E-8
618      1.3995069204822089E-8
619      1.3995069204822089E-8
620      1.3995069204822089E-8
621      1.3995069204822089E-8
622      1.3995069204822089E-8
623      1.3995069204822089E-8
624      1.3995069204822089E-8
625      1.3995069204822089E-8
626      1.2822947170011205E-8
627      2.2081982456570174E-9
628      2.2081982456570174E-9
629      2.2081982456570174E-9
630      1.5067159305224826E-9
631      1.5067159305224826E-9
632      1.5067159305224826E-9
633      1.5067159305224826E-9
634      1.5067159305224826E-9
635      1.5067159305224826E-9
636      1.5067159305224826E-9
637      1.5067159305224826E-9
638      1.5067159305224826E-9
639      1.5067159305224826E-9
640      1.5067159305224826E-9
641      1.5067159305224826E-9
642      1.5067159305224826E-9
643      1.5067159305224826E-9
644      1.5067159305224826E-9
645      1.1044227938458783E-9
646      1.1044227938458783E-9
647      1.1044227938458783E-9
648      1.1044227938458783E-9
649      1.1044227938458783E-9
650      3.401567514281642E-10
651      3.401567514281642E-10
652      3.368182515743194E-10
653      3.368182515743194E-10
654      3.368182515743194E-10
655      3.368182515743194E-10
656      3.368182515743194E-10
657      3.368182515743194E-10
658      3.368182515743194E-10
659      3.368182515743194E-10
660      3.368182515743194E-10
661      8.745237042388561E-11
662      8.745237042388561E-11
663      8.745237042388561E-11
664      8.745237042388561E-11
665      8.745237042388561E-11
666      8.745237042388561E-11
667      8.745237042388561E-11
668      8.745237042388561E-11
669      8.745237042388561E-11
670      8.745237042388561E-11
671      8.745237042388561E-11
672      8.745237042388561E-11
673      8.745237042388561E-11
674      8.745237042388561E-11
675      8.745237042388561E-11
676      8.745237042388561E-11
677      8.745237042388561E-11
678      8.745237042388561E-11
679      8.745237042388561E-11
680      8.745237042388561E-11
681      8.745237042388561E-11
682      8.745237042388561E-11
683      8.745237042388561E-11
684      8.745237042388561E-11
685      8.745237042388561E-11
686      8.745237042388561E-11
687      8.745237042388561E-11
688      8.745237042388561E-11
689      8.745237042388561E-11
690      8.745237042388561E-11
691      8.745237042388561E-11
692      8.745237042388561E-11
693      8.745237042388561E-11
694      8.745237042388561E-11
695      8.745237042388561E-11
696      8.745237042388561E-11
697      8.745237042388561E-11
698      8.745237042388561E-11
699      8.745237042388561E-11
700      3.123306552298043E-11
701      3.123306552298043E-11
702      3.123306552298043E-11
703      3.123306552298043E-11
704      3.123306552298043E-11
705      3.123306552298043E-11
706      3.123306552298043E-11
707      3.123306552298043E-11
708      3.123306552298043E-11
709      3.123306552298043E-11
710      3.123306552298043E-11
711      3.123306552298043E-11
712      3.123306552298043E-11
713      3.123306552298043E-11
714      3.123306552298043E-11
715      3.123306552298043E-11
716      3.123306552298043E-11
717      3.123306552298043E-11
718      3.123306552298043E-11
719      3.123306552298043E-11
720      3.123306552298043E-11
721      3.123306552298043E-11
722      3.123306552298043E-11
723      3.123306552298043E-11
724      3.123306552298043E-11
725      3.123306552298043E-11
726      3.123306552298043E-11
727      3.123306552298043E-11
728      3.123306552298043E-11
729      3.123306552298043E-11
730      3.123306552298043E-11
731      3.123306552298043E-11
732      3.123306552298043E-11
733      3.123306552298043E-11
734      3.123306552298043E-11
735      3.123306552298043E-11
736      3.123306552298043E-11
737      3.123306552298043E-11
738      3.123306552298043E-11
739      3.123306552298043E-11
740      3.123306552298043E-11
741      3.097938762277745E-11
742      3.097938762277745E-11
743      3.097938762277745E-11
744      3.097938762277745E-11
745      3.097938762277745E-11
746      3.097938762277745E-11
747      3.097938762277745E-11
748      3.097938762277745E-11
749      3.097938762277745E-11
750      3.097938762277745E-11
751      3.097938762277745E-11
752      3.097938762277745E-11
753      3.097938762277745E-11
754      3.097938762277745E-11
755      3.097938762277745E-11
756      3.097938762277745E-11
757      3.097938762277745E-11
758      3.097938762277745E-11
759      3.097938762277745E-11
760      3.097938762277745E-11
761      3.097938762277745E-11
762      3.097938762277745E-11
763      3.097938762277745E-11
764      3.097938762277745E-11
765      3.097938762277745E-11
766      3.097938762277745E-11
767      3.097938762277745E-11
768      3.097938762277745E-11
769      3.097938762277745E-11
770      2.2664782249272335E-11
771      2.2664782249272335E-11
772      2.2664782249272335E-11
773      2.2664782249272335E-11
774      2.2664782249272335E-11
775      2.2664782249272335E-11
776      2.2664782249272335E-11
777      2.2664782249272335E-11
778      2.2664782249272335E-11
779      2.2664782249272335E-11
780      2.2664782249272335E-11
781      2.2664782249272335E-11
782      2.2664782249272335E-11
783      2.2664782249272335E-11
784      2.2664782249272335E-11
785      2.2664782249272335E-11
786      2.2664782249272335E-11
787      2.2664782249272335E-11
788      2.2664782249272335E-11
789      1.725595742755069E-11
790      1.725595742755069E-11
791      1.725595742755069E-11
792      1.725595742755069E-11
793      1.725595742755069E-11
794      1.725595742755069E-11
795      1.725595742755069E-11
796      1.725595742755069E-11
797      1.725595742755069E-11
798      1.725595742755069E-11
799      1.725595742755069E-11
800      1.725595742755069E-11
801      1.725595742755069E-11
802      1.725595742755069E-11
803      1.725595742755069E-11
804      1.725595742755069E-11
805      1.725595742755069E-11
806      1.725595742755069E-11
807      1.725595742755069E-11
808      1.2356343135884152E-11
809      1.2356343135884152E-11
810      1.2356343135884152E-11
811      1.2356343135884152E-11
812      1.2356343135884152E-11
813      1.2356343135884152E-11
814      1.2356343135884152E-11
815      7.875536060190777E-12
816      7.875536060190777E-12
817      7.875536060190777E-12
818      7.875536060190777E-12
819      7.875536060190777E-12
820      7.875536060190777E-12
821      7.875536060190777E-12
822      7.875536060190777E-12
823      7.875536060190777E-12
824      7.875536060190777E-12
825      7.875536060190777E-12
826      7.875536060190777E-12
827      7.875536060190777E-12
828      7.875536060190777E-12
829      7.875536060190777E-12
830      7.875536060190777E-12
831      7.875536060190777E-12
832      7.875536060190777E-12
833      7.875536060190777E-12
834      7.875536060190777E-12
835      7.875536060190777E-12
836      2.602325446346831E-12
837      2.602325446346831E-12
838      2.602325446346831E-12
839      2.602325446346831E-12
840      2.602325446346831E-12
841      2.602325446346831E-12
842      2.602325446346831E-12
843      2.602325446346831E-12
844      2.602325446346831E-12
845      2.602325446346831E-12
846      2.602325446346831E-12
847      2.602325446346831E-12
848      2.602325446346831E-12
849      2.602325446346831E-12
850      2.602325446346831E-12
851      2.602325446346831E-12
852      2.602325446346831E-12
853      2.5737451531602363E-12
854      2.5737451531602363E-12
855      2.5737451531602363E-12
856      2.5737451531602363E-12
857      2.5737451531602363E-12
858      2.5737451531602363E-12
859      2.5737451531602363E-12
860      2.5737451531602363E-12
861      2.5737451531602363E-12
862      2.5737451531602363E-12
863      2.5737451531602363E-12
864      2.5737451531602363E-12
865      2.5737451531602363E-12
866      2.5737451531602363E-12
867      2.5737451531602363E-12
868      1.8839078689762173E-12
869      1.8839078689762173E-12
870      1.8839078689762173E-12
871      1.8839078689762173E-12
872      1.8839078689762173E-12
873      1.8839078689762173E-12
874      1.8839078689762173E-12
875      1.8839078689762173E-12
876      1.8839078689762173E-12
877      1.1904247949060782E-12
878      1.1904247949060782E-12
879      1.1904247949060782E-12
880      1.1904247949060782E-12
881      1.1904247949060782E-12
882      1.139279416756825E-12
883      5.937115333108841E-13
884      5.937115333108841E-13
885      5.937115333108841E-13
886      5.937115333108841E-13
887      5.937115333108841E-13
888      5.937115333108841E-13
889      5.937115333108841E-13
890      5.937115333108841E-13
891      2.289412591635761E-13
892      2.289412591635761E-13
893      2.289412591635761E-13
894      2.289412591635761E-13
895      2.289412591635761E-13
896      2.289412591635761E-13
897      2.289412591635761E-13
898      2.289412591635761E-13
899      2.289412591635761E-13
900      2.1441394266766567E-13
901      2.1441394266766567E-13
902      2.1441394266766567E-13
903      2.1441394266766567E-13
904      2.1441394266766567E-13
905      2.1441394266766567E-13
906      2.1441394266766567E-13
907      2.1441394266766567E-13
908      1.6816039912347127E-13
909      1.6816039912347127E-13
910      1.6816039912347127E-13
911      1.6816039912347127E-13
912      1.6816039912347127E-13
913      1.6816039912347127E-13
914      1.6816039912347127E-13
915      1.6816039912347127E-13
916      1.6816039912347127E-13
917      1.6816039912347127E-13
918      1.6816039912347127E-13
919      1.5158644625526151E-13
920      1.5158644625526151E-13
921      1.5158644625526151E-13
922      1.5158644625526151E-13
923      1.5158644625526151E-13
924      1.5158644625526151E-13
925      1.5158644625526151E-13
926      1.5158644625526151E-13
927      1.5158644625526151E-13
928      1.5158644625526151E-13
929      1.5158644625526151E-13
930      1.5158644625526151E-13
931      1.5158644625526151E-13
932      1.5158644625526151E-13
933      1.5158644625526151E-13
934      1.5158644625526151E-13
935      1.5158644625526151E-13
936      1.5158644625526151E-13
937      1.5158644625526151E-13
938      1.5158644625526151E-13
939      1.5158644625526151E-13
940      1.5158644625526151E-13
941      1.5158644625526151E-13
942      1.5158644625526151E-13
943      1.5158644625526151E-13
944      1.5158644625526151E-13
945      1.5158644625526151E-13
946      1.5158644625526151E-13
947      1.5158644625526151E-13
948      1.5158644625526151E-13
949      1.5158644625526151E-13
950      1.5158644625526151E-13
951      1.5158644625526151E-13
952      1.5158644625526151E-13
953      1.5158644625526151E-13
954      1.5158644625526151E-13
955      1.5158644625526151E-13
956      1.5158644625526151E-13
957      1.5158644625526151E-13
958      1.5158644625526151E-13
959      1.5158644625526151E-13
960      1.5158644625526151E-13
961      1.5158644625526151E-13
962      1.5158644625526151E-13
963      1.5158644625526151E-13
964      1.5158644625526151E-13
965      1.5158644625526151E-13
966      1.5158644625526151E-13
967      1.5158644625526151E-13
968      1.5158644625526151E-13
969      1.5158644625526151E-13
970      1.5158644625526151E-13
971      1.5158644625526151E-13
972      1.5158644625526151E-13
973      1.5158644625526151E-13
974      1.5158644625526151E-13
975      1.5158644625526151E-13
976      1.5158644625526151E-13
977      1.5158644625526151E-13
978      1.5158644625526151E-13
979      1.5158644625526151E-13
980      1.5158644625526151E-13
981      1.5158644625526151E-13
982      1.5158644625526151E-13
983      1.5158644625526151E-13
984      1.5158644625526151E-13
985      1.5158644625526151E-13
986      1.5158644625526151E-13
987      1.5158644625526151E-13
988      1.5158644625526151E-13
989      1.5158644625526151E-13
990      1.5158644625526151E-13
991      1.5158644625526151E-13
992      1.5158644625526151E-13
993      1.5158644625526151E-13
994      1.5158644625526151E-13
995      1.5158644625526151E-13
996      1.5158644625526151E-13
997      1.5158644625526151E-13
998      1.5158644625526151E-13
999      1.5158644625526151E-13
