1      8.989107077058149
2      4.276621438723957
3      0.8660407410577503
4      0.8660407410577503
5      0.8660407410577503
6      0.8660407410577503
7      0.8660407410577503
8      0.8660407410577503
9      0.8660407410577503
10      0.8660407410577503
11      0.8660407410577503
12      0.8660407410577503
13      0.8660407410577503
14      0.8660407410577503
15      0.8660407410577503
16      0.8660407410577503
17      0.8660407410577503
18      0.8660407410577503
19      0.8660407410577503
20      0.8660407410577503
21      0.8660407410577503
22      0.8660407410577503
23      0.8660407410577503
24      0.8660407410577503
25      0.8660407410577503
26      0.8660407410577503
27      0.8660407410577503
28      0.8642029705475323
29      0.8642029705475323
30      0.8642029705475323
31      0.8642029705475323
32      0.8642029705475323
33      0.8642029705475323
34      0.8642029705475323
35      0.8642029705475323
36      0.8642029705475323
37      0.8642029705475323
38      0.8642029705475323
39      0.8642029705475323
40      0.8642029705475323
41      0.8642029705475323
42      0.8642029705475323
43      0.8642029705475323
44      0.8642029705475323
45      0.8642029705475323
46      0.8642029705475323
47      0.8642029705475323
48      0.8642029705475323
49      0.8642029705475323
50      0.8642029705475323
51      0.8642029705475323
52      0.8642029705475323
53      0.8642029705475323
54      0.8642029705475323
55      0.8642029705475323
56      0.8642029705475323
57      0.8642029705475323
58      0.8642029705475323
59      0.8642029705475323
60      0.8642029705475323
61      0.8643403718156619
62      0.8643403718156619
63      0.8643403718156619
64      0.8643403718156619
65      0.8643403718156619
66      0.8643403718156619
67      0.8643403718156619
68      0.8643403718156619
69      0.8643403718156619
70      0.8643403718156619
71      0.8643403718156619
72      0.8643403718156619
73      0.8643403718156619
74      0.8643403718156619
75      0.8643403718156619
76      0.8643403718156619
77      0.8643403718156619
78      0.8643403718156619
79      0.8643403718156619
80      0.8643403718156619
81      0.8643403718156619
82      0.8643403718156619
83      0.8643403718156619
84      0.8643403718156619
85      0.8643403718156619
86      0.8643403718156619
87      0.8643403718156619
88      0.8643403718156619
89      0.8643403718156619
90      0.8643403718156619
91      0.8643403718156619
92      0.8643403718156619
93      0.8643403718156619
94      0.8643403718156619
95      0.8643403718156619
96      0.8643403718156619
97      0.8643403718156619
98      0.8643403718156619
99      0.8643403718156619
100      0.8643403718156619
101      0.8643403718156619
102      0.8551451951232081
103      0.8551451951232081
104      0.8551451951232081
105      0.8551451951232081
106      0.8551451951232081
107      0.8551451951232081
108      0.8551451951232081
109      0.8551451951232081
110      0.8551451951232081
111      0.8551451951232081
112      0.8551451951232081
113      0.8551451951232081
114      0.8551451951232081
115      0.8551451951232081
116      0.8551451951232081
117      0.8551451951232081
118      0.8551451951232081
119      0.8551451951232081
120      0.8551451951232081
121      0.8551451951232081
122      0.8551451951232081
123      0.8551451951232081
124      0.8551451951232081
125      0.8551451951232081
126      0.8551451951232081
127      0.8551451951232081
128      0.7043249650510258
129      0.7043249650510258
130      0.7043249650510258
131      0.7043249650510258
132      0.7043249650510258
133      0.7043249650510258
134      0.7043249650510258
135      0.7043249650510258
136      0.7043249650510258
137      0.7043249650510258
138      0.7043249650510258
139      0.7043249650510258
140      0.7043249650510258
141      0.7043249650510258
142      0.7043249650510258
143      0.7043249650510258
144      0.7043249650510258
145      0.7043249650510258
146      0.7043249650510258
147      0.7043249650510258
148      0.7043249650510258
149      0.7043249650510258
150      0.7043249650510258
151      0.7043249650510258
152      0.7043249650510258
153      0.7043249650510258
154      0.7043249650510258
155      0.5028569208801926
156      0.5028569208801926
157      0.5028569208801926
158      0.5028569208801926
159      0.5028569208801926
160      0.5028569208801926
161      0.5028569208801926
162      0.5028569208801926
163      0.5028569208801926
164      0.5028569208801926
165      0.5028569208801926
166      0.5028569208801926
167      0.5028569208801926
168      0.5008210961538836
169      0.5008210961538836
170      0.5008210961538836
171      0.5008210961538836
172      0.5008210961538836
173      0.5008210961538836
174      0.5008210961538836
175      0.5008210961538836
176      0.5008210961538836
177      0.5008210961538836
178      0.5008210961538836
179      0.5008210961538836
180      0.5008210961538836
181      0.5008210961538836
182      0.5008210961538836
183      0.5008210961538836
184      0.5008210961538836
185      0.5008210961538836
186      0.5008210961538836
187      0.5008210961538836
188      0.5008210961538836
189      0.5008210961538836
190      0.5008210961538836
191      0.5008210961538836
192      0.5008210961538836
193      0.5008210961538836
194      0.5008210961538836
195      0.46227006831900835
196      0.46227006831900835
197      0.46227006831900835
198      0.46227006831900835
199      0.46227006831900835
200      0.46227006831900835
201      0.46227006831900835
202      0.46227006831900835
203      0.46227006831900835
204      0.46227006831900835
205      0.46227006831900835
206      0.46227006831900835
207      0.46227006831900835
208      0.46227006831900835
209      0.46227006831900835
210      0.46227006831900835
211      0.46227006831900835
212      0.46227006831900835
213      0.46227006831900835
214      0.46227006831900835
215      0.4126482149331867
216      0.3402042655478663
217      0.3402042655478663
218      0.3402042655478663
219      0.22943372112570476
220      0.22943372112570476
221      0.22943372112570476
222      0.22943372112570476
223      0.22943372112570476
224      0.22943372112570476
225      0.22943372112570476
226      0.22943372112570476
227      0.06572714145046768
228      0.06572714145046768
229      0.06572714145046768
230      0.06572714145046768
231      0.06572714145046768
232      0.06572714145046768
233      0.06572714145046768
234      0.06504283146842596
235      0.06504283146842596
236      0.06504283146842596
237      0.06504283146842596
238      0.06504283146842596
239      0.06504283146842596
240      0.06504283146842596
241      0.06504283146842596
242      0.06504283146842596
243      0.06504283146842596
244      0.04098764265737403
245      0.04098764265737403
246      0.04098764265737403
247      0.04098764265737403
248      0.04098764265737403
249      0.04098764265737403
250      0.04098764265737403
251      0.04098764265737403
252      0.04098764265737403
253      0.04098764265737403
254      0.04098764265737403
255      0.04098764265737403
256      0.04098764265737403
257      0.04098764265737403
258      0.015008929906342451
259      0.015008929906342451
260      0.015008929906342451
261      0.015008929906342451
262      0.015008929906342451
263      0.015008929906342451
264      0.0038982497091265924
265      0.0038982497091265924
266      0.0038982497091265924
267      0.002573671075578294
268      0.002573671075578294
269      0.002573671075578294
270      0.002573671075578294
271      0.002573671075578294
272      0.0020240570085642276
273      0.0020240570085642276
274      0.0020240570085642276
275      9.83358045028406E-4
276      9.83358045028406E-4
277      9.83358045028406E-4
278      9.83358045028406E-4
279      9.83358045028406E-4
280      9.83358045028406E-4
281      9.83358045028406E-4
282      9.83358045028406E-4
283      9.83358045028406E-4
284      9.83358045028406E-4
285      9.83358045028406E-4
286      9.83358045028406E-4
287      9.83358045028406E-4
288      9.83358045028406E-4
289      9.83358045028406E-4
290      9.83358045028406E-4
291      9.83358045028406E-4
292      9.83358045028406E-4
293      9.83358045028406E-4
294      9.83358045028406E-4
295      9.83358045028406E-4
296      9.83358045028406E-4
297      2.8255299596647513E-4
298      2.8255299596647513E-4
299      2.8255299596647513E-4
300      2.8255299596647513E-4
301      2.8255299596647513E-4
302      2.8255299596647513E-4
303      2.8255299596647513E-4
304      2.8255299596647513E-4
305      2.8255299596647513E-4
306      2.8255299596647513E-4
307      2.8255299596647513E-4
308      2.8255299596647513E-4
309      2.608853085583619E-4
310      2.608853085583619E-4
311      2.608853085583619E-4
312      2.608853085583619E-4
313      2.608853085583619E-4
314      2.608853085583619E-4
315      2.608853085583619E-4
316      2.2204989638977162E-4
317      5.308045445176063E-5
318      5.308045445176063E-5
319      5.308045445176063E-5
320      5.308045445176063E-5
321      5.308045445176063E-5
322      5.308045445176063E-5
323      5.308045445176063E-5
324      5.308045445176063E-5
325      1.5897257121997722E-5
326      1.5897257121997722E-5
327      1.5897257121997722E-5
328      1.5897257121997722E-5
329      1.5897257121997722E-5
330      1.5897257121997722E-5
331      1.5897257121997722E-5
332      1.5897257121997722E-5
333      6.217576352878602E-6
334      6.217576352878602E-6
335      6.217576352878602E-6
336      6.217576352878602E-6
337      6.217576352878602E-6
338      6.217576352878602E-6
339      6.217576352878602E-6
340      6.217576352878602E-6
341      6.217576352878602E-6
342      6.217576352878602E-6
343      6.217576352878602E-6
344      6.217576352878602E-6
345      6.217576352878602E-6
346      6.217576352878602E-6
347      6.217576352878602E-6
348      6.217576352878602E-6
349      6.217576352878602E-6
350      6.217576352878602E-6
351      6.217576352878602E-6
352      6.217576352878602E-6
353      6.217576352878602E-6
354      6.176097221907746E-6
355      6.176097221907746E-6
356      6.176097221907746E-6
357      6.176097221907746E-6
358      6.176097221907746E-6
359      6.176097221907746E-6
360      6.176097221907746E-6
361      6.176097221907746E-6
362      6.176097221907746E-6
363      6.176097221907746E-6
364      6.176097221907746E-6
365      2.7321419384297713E-6
366      2.7321419384297713E-6
367      2.7321419384297713E-6
368      2.7321419384297713E-6
369      2.7321419384297713E-6
370      2.405915534596275E-6
371      2.405915534596275E-6
372      2.405915534596275E-6
373      2.405915534596275E-6
374      2.405915534596275E-6
375      3.8039596642287635E-7
376      3.8039596642287635E-7
377      3.8039596642287635E-7
378      3.8039596642287635E-7
379      3.8039596642287635E-7
380      3.8039596642287635E-7
381      3.8039596642287635E-7
382      3.8039596642287635E-7
383      3.8039596642287635E-7
384      3.8039596642287635E-7
385      3.8039596642287635E-7
386      3.8039596642287635E-7
387      3.8039596642287635E-7
388      2.543105865925465E-7
389      2.543105865925465E-7
390      2.543105865925465E-7
391      2.543105865925465E-7
392      2.543105865925465E-7
393      2.543105865925465E-7
394      2.543105865925465E-7
395      2.543105865925465E-7
396      2.543105865925465E-7
397      2.543105865925465E-7
398      2.543105865925465E-7
399      2.543105865925465E-7
400      2.543105865925465E-7
401      2.0390275261465536E-7
402      2.0390275261465536E-7
403      2.0390275261465536E-7
404      2.0390275261465536E-7
405      2.0390275261465536E-7
406      6.422867853908764E-8
407      2.7545277143771625E-8
408      2.7545277143771625E-8
409      2.7545277143771625E-8
410      2.7545277143771625E-8
411      2.7545277143771625E-8
412      2.7545277143771625E-8
413      2.0855135958674633E-8
414      1.1043810635140274E-8
415      1.1043810635140274E-8
416      1.1043810635140274E-8
417      1.1043810635140274E-8
418      1.1043810635140274E-8
419      1.6918005390718477E-9
420      1.6918005390718477E-9
421      1.6918005390718477E-9
422      1.6918005390718477E-9
423      1.6918005390718477E-9
424      1.6918005390718477E-9
425      1.6918005390718477E-9
426      1.6918005390718477E-9
427      1.6918005390718477E-9
428      1.6918005390718477E-9
429      1.6918005390718477E-9
430      1.6918005390718477E-9
431      1.6918005390718477E-9
432      1.6918005390718477E-9
433      1.6918005390718477E-9
434      9.566153558307628E-10
435      9.201976690479674E-10
436      9.201976690479674E-10
437      9.201976690479674E-10
438      9.201976690479674E-10
439      9.201976690479674E-10
440      9.201976690479674E-10
441      9.201976690479674E-10
442      9.201976690479674E-10
443      9.201976690479674E-10
444      9.201976690479674E-10
445      9.201976690479674E-10
446      9.201976690479674E-10
447      9.201976690479674E-10
448      9.201976690479674E-10
449      9.201976690479674E-10
450      9.201976690479674E-10
451      9.201976690479674E-10
452      9.201976690479674E-10
453      9.201976690479674E-10
454      9.201976690479674E-10
455      9.201976690479674E-10
456      9.201976690479674E-10
457      9.201976690479674E-10
458      9.201976690479674E-10
459      9.201976690479674E-10
460      9.201976690479674E-10
461      9.201976690479674E-10
462      8.805759753455333E-10
463      3.475121455483868E-10
464      3.475121455483868E-10
465      3.475121455483868E-10
466      3.475121455483868E-10
467      3.475121455483868E-10
468      3.475121455483868E-10
469      3.475121455483868E-10
470      3.475121455483868E-10
471      3.475121455483868E-10
472      3.475121455483868E-10
473      3.475121455483868E-10
474      3.475121455483868E-10
475      3.475121455483868E-10
476      3.475121455483868E-10
477      3.475121455483868E-10
478      3.475121455483868E-10
479      3.475121455483868E-10
480      3.475121455483868E-10
481      3.475121455483868E-10
482      3.475121455483868E-10
483      3.475121455483868E-10
484      3.475121455483868E-10
485      3.475121455483868E-10
486      3.475121455483868E-10
487      3.475121455483868E-10
488      3.475121455483868E-10
489      3.475121455483868E-10
490      3.475121455483868E-10
491      3.475121455483868E-10
492      3.475121455483868E-10
493      3.475121455483868E-10
494      3.475121455483868E-10
495      3.475121455483868E-10
496      3.475121455483868E-10
497      3.475121455483868E-10
498      3.475121455483868E-10
499      3.475121455483868E-10
500      3.475121455483868E-10
501      3.475121455483868E-10
502      3.475121455483868E-10
503      3.475121455483868E-10
504      3.475121455483868E-10
505      3.475121455483868E-10
506      3.475121455483868E-10
507      3.475121455483868E-10
508      3.475121455483868E-10
509      1.167192967245064E-10
510      1.167192967245064E-10
511      1.167192967245064E-10
512      1.167192967245064E-10
513      1.167192967245064E-10
514      1.167192967245064E-10
515      1.167192967245064E-10
516      1.167192967245064E-10
517      1.167192967245064E-10
518      1.167192967245064E-10
519      1.167192967245064E-10
520      1.167192967245064E-10
521      1.167192967245064E-10
522      1.167192967245064E-10
523      1.167192967245064E-10
524      1.167192967245064E-10
525      1.167192967245064E-10
526      1.167192967245064E-10
527      1.167192967245064E-10
528      1.167192967245064E-10
529      1.167192967245064E-10
530      1.167192967245064E-10
531      1.167192967245064E-10
532      1.167192967245064E-10
533      1.167192967245064E-10
534      1.167192967245064E-10
535      1.167192967245064E-10
536      1.167192967245064E-10
537      1.167192967245064E-10
538      1.167192967245064E-10
539      1.167192967245064E-10
540      1.167192967245064E-10
541      1.1469827939211273E-10
542      1.1469827939211273E-10
543      6.295943936526409E-11
544      6.295943936526409E-11
545      3.996538322817102E-11
546      3.996538322817102E-11
547      3.996538322817102E-11
548      3.996538322817102E-11
549      3.996538322817102E-11
550      3.996538322817102E-11
551      3.996538322817102E-11
552      3.996538322817102E-11
553      3.996538322817102E-11
554      3.996538322817102E-11
555      3.548507952577931E-11
556      4.904559929614642E-12
557      4.904559929614642E-12
558      4.904559929614642E-12
559      4.904559929614642E-12
560      4.904559929614642E-12
561      4.904559929614642E-12
562      4.904559929614642E-12
563      4.904559929614642E-12
564      4.904559929614642E-12
565      4.904559929614642E-12
566      4.904559929614642E-12
567      4.904559929614642E-12
568      4.904559929614642E-12
569      4.904559929614642E-12
570      4.904559929614642E-12
571      4.904559929614642E-12
572      4.904559929614642E-12
573      2.8769890921123507E-12
574      2.8769890921123507E-12
575      2.8769890921123507E-12
576      2.8769890921123507E-12
577      2.8769890921123507E-12
578      2.8769890921123507E-12
579      2.8769890921123507E-12
580      2.8769890921123507E-12
581      2.8769890921123507E-12
582      2.8769890921123507E-12
583      2.8769890921123507E-12
584      2.8769890921123507E-12
585      2.8769890921123507E-12
586      2.8769890921123507E-12
587      2.8769890921123507E-12
588      2.8769890921123507E-12
589      2.8769890921123507E-12
590      1.5964320330306243E-12
591      1.5964320330306243E-12
592      1.5964320330306243E-12
593      1.5964320330306243E-12
594      1.5964320330306243E-12
595      1.5964320330306243E-12
596      9.821161802659379E-13
597      9.821161802659379E-13
598      9.821161802659379E-13
599      9.821161802659379E-13
600      9.821161802659379E-13
601      9.821161802659379E-13
602      9.821161802659379E-13
603      9.821161802659379E-13
604      9.821161802659379E-13
605      9.821161802659379E-13
606      9.821161802659379E-13
607      6.162480053471325E-13
608      6.162480053471325E-13
609      6.162480053471325E-13
610      6.162480053471325E-13
611      6.162480053471325E-13
612      6.162480053471325E-13
613      6.162480053471325E-13
614      3.687243016538354E-13
615      3.687243016538354E-13
616      3.687243016538354E-13
617      3.687243016538354E-13
618      3.66005797541769E-13
619      3.66005797541769E-13
620      3.66005797541769E-13
621      3.66005797541769E-13
622      3.66005797541769E-13
623      3.66005797541769E-13
624      3.66005797541769E-13
625      3.66005797541769E-13
626      3.66005797541769E-13
627      3.66005797541769E-13
628      3.66005797541769E-13
629      3.66005797541769E-13
630      3.66005797541769E-13
631      3.66005797541769E-13
632      2.692849394906591E-13
633      2.692849394906591E-13
634      2.692849394906591E-13
635      1.5059580731605366E-13
636      1.5059580731605366E-13
637      1.5059580731605366E-13
638      1.126471287911086E-13
639      1.126471287911086E-13
640      1.126471287911086E-13
641      1.126471287911086E-13
642      1.126471287911086E-13
643      1.126471287911086E-13
644      7.774961118527451E-14
645      7.774961118527451E-14
646      7.774961118527451E-14
647      7.774961118527451E-14
648      7.774961118527451E-14
649      7.774961118527451E-14
650      7.774961118527451E-14
651      7.774961118527451E-14
652      7.774961118527451E-14
653      7.653933433183276E-14
654      7.653933433183276E-14
655      5.776611794084828E-14
656      5.776611794084828E-14
657      5.776611794084828E-14
658      5.087400114175504E-14
659      4.145004660221091E-14
660      4.145004660221091E-14
661      4.145004660221091E-14
662      1.7934651831557533E-14
663      1.7934651831557533E-14
664      1.7934651831557533E-14
665      8.198458508091206E-15
666      8.198458508091206E-15
667      8.198458508091206E-15
668      8.198458508091206E-15
669      8.198458508091206E-15
670      8.198458508091206E-15
671      8.198458508091206E-15
672      8.198458508091206E-15
673      8.198458508091206E-15
674      8.198458508091206E-15
675      8.198458508091206E-15
676      8.198458508091206E-15
677      8.198458508091206E-15
678      1.5692046025907603E-15
679      1.5692046025907603E-15
680      1.5692046025907603E-15
681      1.5692046025907603E-15
682      1.5692046025907603E-15
683      1.5692046025907603E-15
684      1.5692046025907603E-15
685      1.5692046025907603E-15
686      1.5692046025907603E-15
687      1.5692046025907603E-15
688      1.5692046025907603E-15
689      1.5692046025907603E-15
690      1.5692046025907603E-15
691      1.5692046025907603E-15
692      1.5692046025907603E-15
693      1.5692046025907603E-15
694      1.5692046025907603E-15
695      1.5692046025907603E-15
696      1.5692046025907603E-15
697      1.5692046025907603E-15
698      1.5692046025907603E-15
699      1.5692046025907603E-15
700      1.5692046025907603E-15
701      1.5692046025907603E-15
702      1.5692046025907603E-15
703      1.5692046025907603E-15
704      1.4107910543240718E-15
705      1.4107910543240718E-15
706      1.4107910543240718E-15
707      1.4107910543240718E-15
708      1.4107910543240718E-15
709      1.4107910543240718E-15
710      1.4107910543240718E-15
711      1.4107910543240718E-15
712      1.4107910543240718E-15
713      1.4107910543240718E-15
714      1.4107910543240718E-15
715      1.4107910543240718E-15
716      1.4107910543240718E-15
717      1.4107910543240718E-15
718      1.4017600411160667E-15
719      1.4017600411160667E-15
720      1.4017600411160667E-15
721      1.4017600411160667E-15
722      1.4017600411160667E-15
723      1.4017600411160667E-15
724      1.4017600411160667E-15
725      1.4017600411160667E-15
726      1.4017600411160667E-15
727      1.4017600411160667E-15
728      1.4017600411160667E-15
729      1.4017600411160667E-15
730      1.4017600411160667E-15
731      1.4017600411160667E-15
732      1.4017600411160667E-15
733      1.4017600411160667E-15
734      1.4017600411160667E-15
735      1.4017600411160667E-15
736      1.4017600411160667E-15
737      1.4017600411160667E-15
738      1.4017600411160667E-15
739      1.4017600411160667E-15
740      1.4017600411160667E-15
741      1.4017600411160667E-15
742      1.4017600411160667E-15
743      1.4017600411160667E-15
744      1.4017600411160667E-15
745      1.4017600411160667E-15
746      1.4017600411160667E-15
747      1.4017600411160667E-15
748      9.641064410525931E-16
749      9.641064410525931E-16
750      9.641064410525931E-16
751      9.641064410525931E-16
752      9.641064410525931E-16
753      9.641064410525931E-16
754      9.641064410525931E-16
755      9.641064410525931E-16
756      9.641064410525931E-16
757      9.641064410525931E-16
758      9.641064410525931E-16
759      7.706021642689284E-16
760      7.706021642689284E-16
761      7.706021642689284E-16
762      7.706021642689284E-16
763      7.706021642689284E-16
764      7.706021642689284E-16
765      7.706021642689284E-16
766      7.706021642689284E-16
767      7.706021642689284E-16
768      7.706021642689284E-16
769      7.706021642689284E-16
770      7.706021642689284E-16
771      7.706021642689284E-16
772      7.706021642689284E-16
773      7.706021642689284E-16
774      7.706021642689284E-16
775      7.706021642689284E-16
776      7.706021642689284E-16
777      7.706021642689284E-16
778      7.706021642689284E-16
779      7.706021642689284E-16
780      7.706021642689284E-16
781      7.706021642689284E-16
782      7.706021642689284E-16
783      7.706021642689284E-16
784      7.706021642689284E-16
785      7.706021642689284E-16
786      7.706021642689284E-16
787      7.706021642689284E-16
788      7.706021642689284E-16
789      7.706021642689284E-16
790      7.706021642689284E-16
791      7.706021642689284E-16
792      7.706021642689284E-16
793      1.5237891845298376E-16
794      1.5237891845298376E-16
795      1.5237891845298376E-16
796      1.5237891845298376E-16
797      1.5237891845298376E-16
798      1.5237891845298376E-16
799      1.5237891845298376E-16
800      1.5237891845298376E-16
801      1.5237891845298376E-16
802      1.5237891845298376E-16
803      1.5237891845298376E-16
804      1.5237891845298376E-16
805      1.5237891845298376E-16
806      1.5237891845298376E-16
807      1.5237891845298376E-16
808      1.5237891845298376E-16
809      1.5237891845298376E-16
810      1.5237891845298376E-16
811      1.5237891845298376E-16
812      1.5237891845298376E-16
813      1.5237891845298376E-16
814      1.5237891845298376E-16
815      1.5237891845298376E-16
816      1.5237891845298376E-16
817      1.5237891845298376E-16
818      1.5237891845298376E-16
819      1.5237891845298376E-16
820      1.5237891845298376E-16
821      1.5237891845298376E-16
822      1.5237891845298376E-16
823      1.5237891845298376E-16
824      1.5237891845298376E-16
825      1.5237891845298376E-16
826      1.5237891845298376E-16
827      1.5237891845298376E-16
828      1.5237891845298376E-16
829      1.5237891845298376E-16
830      1.5237891845298376E-16
831      1.5237891845298376E-16
832      1.5237891845298376E-16
833      1.5237891845298376E-16
834      1.5237891845298376E-16
835      1.5237891845298376E-16
836      1.5237891845298376E-16
837      1.5237891845298376E-16
838      1.5237891845298376E-16
839      1.5237891845298376E-16
840      1.5237891845298376E-16
841      1.5237891845298376E-16
842      1.5237891845298376E-16
843      1.5237891845298376E-16
844      1.5237891845298376E-16
845      1.5237891845298376E-16
846      1.5237891845298376E-16
847      1.5237891845298376E-16
848      1.5237891845298376E-16
849      1.5237891845298376E-16
850      1.5237891845298376E-16
851      1.5237891845298376E-16
852      1.5237891845298376E-16
853      1.5237891845298376E-16
854      1.5237891845298376E-16
855      1.5237891845298376E-16
856      1.5237891845298376E-16
857      1.5237891845298376E-16
858      1.5237891845298376E-16
859      1.5237891845298376E-16
860      1.5237891845298376E-16
861      1.5237891845298376E-16
862      1.5237891845298376E-16
863      1.5237891845298376E-16
864      1.5237891845298376E-16
865      1.5237891845298376E-16
866      1.5237891845298376E-16
867      1.5237891845298376E-16
868      1.5237891845298376E-16
869      1.5237891845298376E-16
870      1.5237891845298376E-16
871      1.5237891845298376E-16
872      1.5237891845298376E-16
873      1.5237891845298376E-16
874      1.5237891845298376E-16
875      1.5237891845298376E-16
876      1.5237891845298376E-16
877      1.5237891845298376E-16
878      1.5237891845298376E-16
879      1.5237891845298376E-16
880      1.5237891845298376E-16
881      1.5237891845298376E-16
882      1.5237891845298376E-16
883      1.5237891845298376E-16
884      1.5237891845298376E-16
885      1.5237891845298376E-16
886      1.5237891845298376E-16
887      1.5237891845298376E-16
888      1.5237891845298376E-16
889      1.5237891845298376E-16
890      1.5237891845298376E-16
891      1.5237891845298376E-16
892      1.5237891845298376E-16
893      1.5237891845298376E-16
894      1.5237891845298376E-16
895      1.5237891845298376E-16
896      1.5237891845298376E-16
897      1.5237891845298376E-16
898      1.5237891845298376E-16
899      1.5237891845298376E-16
900      1.5237891845298376E-16
901      1.5237891845298376E-16
902      1.5237891845298376E-16
903      1.5237891845298376E-16
904      1.5237891845298376E-16
905      1.5237891845298376E-16
906      1.5237891845298376E-16
907      1.5237891845298376E-16
908      1.5237891845298376E-16
909      1.5237891845298376E-16
910      1.5237891845298376E-16
911      1.5237891845298376E-16
912      1.5237891845298376E-16
913      1.5237891845298376E-16
914      1.5237891845298376E-16
915      1.5237891845298376E-16
916      1.5237891845298376E-16
917      1.5237891845298376E-16
918      1.5237891845298376E-16
919      1.5237891845298376E-16
920      1.5237891845298376E-16
921      1.5237891845298376E-16
922      1.5237891845298376E-16
923      1.5237891845298376E-16
924      1.5237891845298376E-16
925      1.5237891845298376E-16
926      1.5237891845298376E-16
927      1.5237891845298376E-16
928      1.5237891845298376E-16
929      1.5237891845298376E-16
930      1.5237891845298376E-16
931      1.5237891845298376E-16
932      1.5237891845298376E-16
933      1.5237891845298376E-16
934      1.5237891845298376E-16
935      1.5237891845298376E-16
936      1.5237891845298376E-16
937      1.5237891845298376E-16
938      1.5237891845298376E-16
939      1.5237891845298376E-16
940      1.5237891845298376E-16
941      1.5237891845298376E-16
942      1.5237891845298376E-16
943      1.5237891845298376E-16
944      1.5237891845298376E-16
945      1.5237891845298376E-16
946      1.5237891845298376E-16
947      1.5237891845298376E-16
948      1.5237891845298376E-16
949      1.5237891845298376E-16
950      1.5237891845298376E-16
951      1.5237891845298376E-16
952      1.5237891845298376E-16
953      1.5237891845298376E-16
954      1.5237891845298376E-16
955      1.5237891845298376E-16
956      1.5237891845298376E-16
957      1.5237891845298376E-16
958      1.5237891845298376E-16
959      1.5237891845298376E-16
960      1.5237891845298376E-16
961      1.5237891845298376E-16
962      1.5237891845298376E-16
963      1.5237891845298376E-16
964      1.5237891845298376E-16
965      1.5237891845298376E-16
966      1.5237891845298376E-16
967      1.5237891845298376E-16
968      1.5237891845298376E-16
969      1.5237891845298376E-16
970      1.5237891845298376E-16
971      1.5237891845298376E-16
972      1.5237891845298376E-16
973      1.5237891845298376E-16
974      1.5237891845298376E-16
975      1.5237891845298376E-16
976      1.5237891845298376E-16
977      1.5237891845298376E-16
978      1.5237891845298376E-16
979      1.5237891845298376E-16
980      1.5237891845298376E-16
981      1.5237891845298376E-16
982      1.5237891845298376E-16
983      1.5237891845298376E-16
984      1.5237891845298376E-16
985      1.5237891845298376E-16
986      1.5237891845298376E-16
987      1.5237891845298376E-16
988      1.5237891845298376E-16
989      1.5237891845298376E-16
990      1.5237891845298376E-16
991      1.5237891845298376E-16
992      1.5237891845298376E-16
993      1.5237891845298376E-16
994      1.5237891845298376E-16
995      1.5237891845298376E-16
996      1.5237891845298376E-16
997      1.3243358380206532E-16
998      1.3243358380206532E-16
999      1.3243358380206532E-16
