1      2.1617137340378942
2      2.1617137340378942
3      2.1617137340378942
4      2.1617137340378942
5      2.1617137340378942
6      2.1617137340378942
7      2.1617137340378942
8      1.4142766888706464
9      1.4142766888706464
10      1.4142766888706464
11      1.4142766888706464
12      1.4142766888706464
13      1.4142766888706464
14      1.4142766888706464
15      1.4142766888706464
16      0.322114360238691
17      0.322114360238691
18      0.322114360238691
19      0.322114360238691
20      0.322114360238691
21      0.322114360238691
22      0.322114360238691
23      0.322114360238691
24      0.322114360238691
25      0.322114360238691
26      0.322114360238691
27      0.322114360238691
28      0.322114360238691
29      0.322114360238691
30      0.322114360238691
31      0.322114360238691
32      0.322114360238691
33      0.322114360238691
34      0.322114360238691
35      0.322114360238691
36      0.322114360238691
37      0.322114360238691
38      0.322114360238691
39      0.322114360238691
40      0.322114360238691
41      0.322114360238691
42      0.322114360238691
43      0.322114360238691
44      0.322114360238691
45      0.322114360238691
46      0.32323939181866224
47      0.32323939181866224
48      0.32323939181866224
49      0.32323939181866224
50      0.32323939181866224
51      0.32323939181866224
52      0.32323939181866224
53      0.32323939181866224
54      0.32323939181866224
55      0.32323939181866224
56      0.32323939181866224
57      0.32323939181866224
58      0.32323939181866224
59      0.32323939181866224
60      0.32323939181866224
61      0.32323939181866224
62      0.32323939181866224
63      0.32323939181866224
64      0.32323939181866224
65      0.32323939181866224
66      0.32323939181866224
67      0.32323939181866224
68      0.32323939181866224
69      0.32323939181866224
70      0.32323939181866224
71      0.32323939181866224
72      0.32323939181866224
73      0.32323939181866224
74      0.32323939181866224
75      0.32323939181866224
76      0.32323939181866224
77      0.32323939181866224
78      0.32323939181866224
79      0.32323939181866224
80      0.32323939181866224
81      0.32323939181866224
82      0.32323939181866224
83      0.3314325467300333
84      0.3314325467300333
85      0.3314325467300333
86      0.3314325467300333
87      0.3314325467300333
88      0.3314325467300333
89      0.3314325467300333
90      0.3314325467300333
91      0.3314325467300333
92      0.3314325467300333
93      0.3314325467300333
94      0.3314325467300333
95      0.3314325467300333
96      0.3314325467300333
97      0.3314325467300333
98      0.3314325467300333
99      0.3314325467300333
100      0.3314325467300333
101      0.3314325467300333
102      0.3314325467300333
103      0.3314325467300333
104      0.3314325467300333
105      0.3314325467300333
106      0.3314325467300333
107      0.3314325467300333
108      0.3314325467300333
109      0.3314325467300333
110      0.3314325467300333
111      0.3314325467300333
112      0.3314325467300333
113      0.3314325467300333
114      0.3314325467300333
115      0.3314325467300333
116      0.3314325467300333
117      0.3314325467300333
118      0.3314325467300333
119      0.3314325467300333
120      0.3314325467300333
121      0.3314325467300333
122      0.3314325467300333
123      0.3314325467300333
124      0.3314325467300333
125      0.3314325467300333
126      0.3314325467300333
127      0.3314325467300333
128      0.3204381280615615
129      0.3204381280615615
130      0.3204381280615615
131      0.3204381280615615
132      0.3204381280615615
133      0.3204381280615615
134      0.3204381280615615
135      0.3204381280615615
136      0.3204381280615615
137      0.3204381280615615
138      0.3204381280615615
139      0.3204381280615615
140      0.3204381280615615
141      0.3204381280615615
142      0.3204381280615615
143      0.3204381280615615
144      0.3204381280615615
145      0.3204381280615615
146      0.3204381280615615
147      0.3204381280615615
148      0.3204381280615615
149      0.3204381280615615
150      0.3204381280615615
151      0.3204381280615615
152      0.3204381280615615
153      0.3204381280615615
154      0.3204381280615615
155      0.3204381280615615
156      0.3204381280615615
157      0.3204381280615615
158      0.3204381280615615
159      0.3204381280615615
160      0.3204381280615615
161      0.3204381280615615
162      0.3204381280615615
163      0.3204381280615615
164      0.3204381280615615
165      0.3204381280615615
166      0.3204381280615615
167      0.3204381280615615
168      0.3204381280615615
169      0.3204381280615615
170      0.3204381280615615
171      0.3204381280615615
172      0.3204381280615615
173      0.3204381280615615
174      0.3204381280615615
175      0.3204381280615615
176      0.3204381280615615
177      0.3204381280615615
178      0.3204381280615615
179      0.3204381280615615
180      0.3204381280615615
181      0.3204381280615615
182      0.3204381280615615
183      0.3204381280615615
184      0.32464249312916704
185      0.32464249312916704
186      0.32464249312916704
187      0.32464249312916704
188      0.32464249312916704
189      0.32464249312916704
190      0.32464249312916704
191      0.32464249312916704
192      0.32464249312916704
193      0.32464249312916704
194      0.32464249312916704
195      0.32464249312916704
196      0.32464249312916704
197      0.32464249312916704
198      0.32464249312916704
199      0.32464249312916704
200      0.32464249312916704
201      0.32464249312916704
202      0.32464249312916704
203      0.32464249312916704
204      0.32464249312916704
205      0.32464249312916704
206      0.32464249312916704
207      0.32464249312916704
208      0.32464249312916704
209      0.32464249312916704
210      0.32464249312916704
211      0.32464249312916704
212      0.32464249312916704
213      0.32464249312916704
214      0.32464249312916704
215      0.32464249312916704
216      0.32464249312916704
217      0.32464249312916704
218      0.32464249312916704
219      0.32464249312916704
220      0.32464249312916704
221      0.32464249312916704
222      0.32464249312916704
223      0.32464249312916704
224      0.32464249312916704
225      0.32464249312916704
226      0.32464249312916704
227      0.32464249312916704
228      0.32464249312916704
229      0.32464249312916704
230      0.32464249312916704
231      0.32464249312916704
232      0.32464249312916704
233      0.32464249312916704
234      0.32464249312916704
235      0.32464249312916704
236      0.32464249312916704
237      0.32464249312916704
238      0.32464249312916704
239      0.32464249312916704
240      0.32464249312916704
241      0.32464249312916704
242      0.32464249312916704
243      0.32464249312916704
244      0.32464249312916704
245      0.32464249312916704
246      0.32464249312916704
247      0.32464249312916704
248      0.32464249312916704
249      0.32464249312916704
250      0.32464249312916704
251      0.32464249312916704
252      0.32464249312916704
253      0.32464249312916704
254      0.32464249312916704
255      0.32464249312916704
256      0.32615330683745425
257      0.32615330683745425
258      0.32615330683745425
259      0.32615330683745425
260      0.32615330683745425
261      0.32615330683745425
262      0.32615330683745425
263      0.32615330683745425
264      0.32615330683745425
265      0.32615330683745425
266      0.32615330683745425
267      0.32615330683745425
268      0.32615330683745425
269      0.32615330683745425
270      0.32615330683745425
271      0.32615330683745425
272      0.32615330683745425
273      0.32615330683745425
274      0.32615330683745425
275      0.32615330683745425
276      0.32615330683745425
277      0.32615330683745425
278      0.32615330683745425
279      0.32615330683745425
280      0.32615330683745425
281      0.32615330683745425
282      0.32615330683745425
283      0.32615330683745425
284      0.32615330683745425
285      0.32615330683745425
286      0.32615330683745425
287      0.32615330683745425
288      0.32615330683745425
289      0.32615330683745425
290      0.32615330683745425
291      0.32615330683745425
292      0.32615330683745425
293      0.32615330683745425
294      0.32615330683745425
295      0.32615330683745425
296      0.32615330683745425
297      0.32615330683745425
298      0.32615330683745425
299      0.32615330683745425
300      0.32615330683745425
301      0.32615330683745425
302      0.32615330683745425
303      0.32615330683745425
304      0.32615330683745425
305      0.32615330683745425
306      0.32615330683745425
307      0.32615330683745425
308      0.32615330683745425
309      0.32615330683745425
310      0.32615330683745425
311      0.32615330683745425
312      0.32615330683745425
313      0.32615330683745425
314      0.32615330683745425
315      0.32615330683745425
316      0.32615330683745425
317      0.32615330683745425
318      0.32615330683745425
319      0.32615330683745425
320      0.32615330683745425
321      0.32615330683745425
322      0.32615330683745425
323      0.32615330683745425
324      0.32615330683745425
325      0.32615330683745425
326      0.32615330683745425
327      0.32615330683745425
328      0.32615330683745425
329      0.32615330683745425
330      0.32615330683745425
331      0.32615330683745425
332      0.32615330683745425
333      0.32615330683745425
334      0.32615330683745425
335      0.32615330683745425
336      0.32615330683745425
337      0.32615330683745425
338      0.32615330683745425
339      0.32615330683745425
340      0.32615330683745425
341      0.32615330683745425
342      0.32615330683745425
343      0.32615330683745425
344      0.3219556192514633
345      0.3219556192514633
346      0.3219556192514633
347      0.3219556192514633
348      0.3219556192514633
349      0.3219556192514633
350      0.3219556192514633
351      0.3219556192514633
352      0.3219556192514633
353      0.3219556192514633
354      0.3219556192514633
355      0.3219556192514633
356      0.3219556192514633
357      0.3219556192514633
358      0.3219556192514633
359      0.3219556192514633
360      0.3219556192514633
361      0.3219556192514633
362      0.3219556192514633
363      0.3219556192514633
364      0.3219556192514633
365      0.3219556192514633
366      0.3219556192514633
367      0.3219556192514633
368      0.3219556192514633
369      0.3219556192514633
370      0.3219556192514633
371      0.3219556192514633
372      0.3219556192514633
373      0.3219556192514633
374      0.3219556192514633
375      0.3219556192514633
376      0.3219556192514633
377      0.3219556192514633
378      0.3219556192514633
379      0.3219556192514633
380      0.3219556192514633
381      0.3219556192514633
382      0.3219556192514633
383      0.3219556192514633
384      0.3219556192514633
385      0.3219556192514633
386      0.3219556192514633
387      0.3219556192514633
388      0.3219556192514633
389      0.3219556192514633
390      0.3219556192514633
391      0.3219556192514633
392      0.3219556192514633
393      0.3219556192514633
394      0.3219556192514633
395      0.3219556192514633
396      0.3219556192514633
397      0.3219556192514633
398      0.3219556192514633
399      0.3219556192514633
400      0.3219556192514633
401      0.3219556192514633
402      0.3219556192514633
403      0.3219556192514633
404      0.3219556192514633
405      0.3219556192514633
406      0.3219556192514633
407      0.3219556192514633
408      0.3219556192514633
409      0.3219556192514633
410      0.3219556192514633
411      0.3219556192514633
412      0.3219556192514633
413      0.3219556192514633
414      0.3219556192514633
415      0.3219556192514633
416      0.3219556192514633
417      0.3219556192514633
418      0.3219556192514633
419      0.3219556192514633
420      0.3219556192514633
421      0.3219556192514633
422      0.3219556192514633
423      0.3219556192514633
424      0.3219556192514633
425      0.3219556192514633
426      0.3219556192514633
427      0.3219556192514633
428      0.3219556192514633
429      0.3219556192514633
430      0.3219556192514633
431      0.3219556192514633
432      0.3219556192514633
433      0.3219556192514633
434      0.3219556192514633
435      0.3219556192514633
436      0.3219556192514633
437      0.3219556192514633
438      0.3219556192514633
439      0.3219556192514633
440      0.3219556192514633
441      0.3219556192514633
442      0.3219556192514633
443      0.3219556192514633
444      0.3219556192514633
445      0.3219556192514633
446      0.3219556192514633
447      0.3219556192514633
448      0.3219556192514633
449      0.3219556192514633
450      0.3219556192514633
451      0.3219556192514633
452      0.3219556192514633
453      0.3219556192514633
454      0.3167994268042235
455      0.3167994268042235
456      0.3167994268042235
457      0.3167994268042235
458      0.3167994268042235
459      0.3167994268042235
460      0.3167994268042235
461      0.3167994268042235
462      0.3167994268042235
463      0.3167994268042235
464      0.3167994268042235
465      0.3167994268042235
466      0.3167994268042235
467      0.3167994268042235
468      0.3167994268042235
469      0.3167994268042235
470      0.3167994268042235
471      0.3167994268042235
472      0.3167994268042235
473      0.3167994268042235
474      0.3167994268042235
475      0.3167994268042235
476      0.3167994268042235
477      0.3167994268042235
478      0.3167994268042235
479      0.3167994268042235
480      0.3167994268042235
481      0.3167994268042235
482      0.3167994268042235
483      0.3167994268042235
484      0.3167994268042235
485      0.3167994268042235
486      0.3167994268042235
487      0.3167994268042235
488      0.3167994268042235
489      0.3167994268042235
490      0.3167994268042235
491      0.3167994268042235
492      0.3167994268042235
493      0.3167994268042235
494      0.3167994268042235
495      0.3167994268042235
496      0.3167994268042235
497      0.3167994268042235
498      0.3167994268042235
499      0.3167994268042235
500      0.3167994268042235
501      0.3167994268042235
502      0.3167994268042235
503      0.3167994268042235
504      0.3167994268042235
505      0.3167994268042235
506      0.3167994268042235
507      0.3167994268042235
508      0.3167994268042235
509      0.3167994268042235
510      0.3167994268042235
511      0.3167994268042235
512      0.3167994268042235
513      0.3167994268042235
514      0.3167994268042235
515      0.3167994268042235
516      0.3167994268042235
517      0.3167994268042235
518      0.3167994268042235
519      0.3167994268042235
520      0.3167994268042235
521      0.3167994268042235
522      0.3167994268042235
523      0.3167994268042235
524      0.3167994268042235
525      0.3167994268042235
526      0.3167994268042235
527      0.3167994268042235
528      0.3167994268042235
529      0.3167994268042235
530      0.3167994268042235
531      0.3167994268042235
532      0.3167994268042235
533      0.3167994268042235
534      0.3167994268042235
535      0.3167994268042235
536      0.3167994268042235
537      0.3167994268042235
538      0.3167994268042235
539      0.3167994268042235
540      0.3167994268042235
541      0.3167994268042235
542      0.3167994268042235
543      0.3167994268042235
544      0.3167994268042235
545      0.3167994268042235
546      0.3167994268042235
547      0.3167994268042235
548      0.3167994268042235
549      0.3167994268042235
550      0.3167994268042235
551      0.3167994268042235
552      0.3167994268042235
553      0.3167994268042235
554      0.3167994268042235
555      0.3167994268042235
556      0.3167994268042235
557      0.3167994268042235
558      0.3167994268042235
559      0.3167994268042235
560      0.3167994268042235
561      0.3167994268042235
562      0.3167994268042235
563      0.3167994268042235
564      0.3167994268042235
565      0.3167994268042235
566      0.3167994268042235
567      0.3167994268042235
568      0.3167994268042235
569      0.3167994268042235
570      0.3167994268042235
571      0.3167994268042235
572      0.3167994268042235
573      0.3167994268042235
574      0.3167994268042235
575      0.3167994268042235
576      0.23410337213467775
577      0.23410337213467775
578      0.23410337213467775
579      0.23410337213467775
580      0.23410337213467775
581      0.23410337213467775
582      0.23410337213467775
583      0.23410337213467775
584      0.23410337213467775
585      0.23410337213467775
586      0.23410337213467775
587      0.23410337213467775
588      0.23410337213467775
589      0.23410337213467775
590      0.23410337213467775
591      0.23410337213467775
592      0.23410337213467775
593      0.23410337213467775
594      0.23410337213467775
595      0.23410337213467775
596      0.23410337213467775
597      0.23410337213467775
598      0.23410337213467775
599      0.23410337213467775
600      0.23410337213467775
601      0.23410337213467775
602      0.23410337213467775
603      0.23410337213467775
604      0.23410337213467775
605      0.23410337213467775
606      0.23410337213467775
607      0.23410337213467775
608      0.23410337213467775
609      0.23410337213467775
610      0.23410337213467775
611      0.23410337213467775
612      0.23410337213467775
613      0.23410337213467775
614      0.23410337213467775
615      0.23410337213467775
616      0.23410337213467775
617      0.23410337213467775
618      0.23410337213467775
619      0.23410337213467775
620      0.23410337213467775
621      0.23410337213467775
622      0.23410337213467775
623      0.23410337213467775
624      0.23410337213467775
625      0.23410337213467775
626      0.23410337213467775
627      0.23410337213467775
628      0.23410337213467775
629      0.23410337213467775
630      0.23410337213467775
631      0.23410337213467775
632      0.23410337213467775
633      0.23410337213467775
634      0.23410337213467775
635      0.23410337213467775
636      0.20378327232914994
637      0.20378327232914994
638      0.20378327232914994
639      0.20378327232914994
640      0.20378327232914994
641      0.20378327232914994
642      0.20378327232914994
643      0.20378327232914994
644      0.20378327232914994
645      0.20378327232914994
646      0.20378327232914994
647      0.20378327232914994
648      0.20378327232914994
649      0.20378327232914994
650      0.20378327232914994
651      0.20378327232914994
652      0.20378327232914994
653      0.20378327232914994
654      0.20378327232914994
655      0.20378327232914994
656      0.20378327232914994
657      0.20378327232914994
658      0.20378327232914994
659      0.20378327232914994
660      0.20378327232914994
661      0.20378327232914994
662      0.20378327232914994
663      0.20378327232914994
664      0.20378327232914994
665      0.20378327232914994
666      0.20378327232914994
667      0.20378327232914994
668      0.20378327232914994
669      0.20378327232914994
670      0.20378327232914994
671      0.20378327232914994
672      0.20378327232914994
673      0.20378327232914994
674      0.20378327232914994
675      0.20378327232914994
676      0.20378327232914994
677      0.20378327232914994
678      0.20378327232914994
679      0.20378327232914994
680      0.20378327232914994
681      0.20378327232914994
682      0.20378327232914994
683      0.20378327232914994
684      0.20378327232914994
685      0.20378327232914994
686      0.20378327232914994
687      0.20378327232914994
688      0.20378327232914994
689      0.20378327232914994
690      0.20378327232914994
691      0.20378327232914994
692      0.20378327232914994
693      0.20378327232914994
694      0.20378327232914994
695      0.20378327232914994
696      0.20378327232914994
697      0.20378327232914994
698      0.20378327232914994
699      0.20378327232914994
700      0.20378327232914994
701      0.20378327232914994
702      0.20378327232914994
703      0.20378327232914994
704      0.20378327232914994
705      0.20378327232914994
706      0.20378327232914994
707      0.20378327232914994
708      0.20378327232914994
709      0.20378327232914994
710      0.20378327232914994
711      0.20378327232914994
712      0.20378327232914994
713      0.20378327232914994
714      0.20378327232914994
715      0.20378327232914994
716      0.20378327232914994
717      0.20378327232914994
718      0.20378327232914994
719      0.20378327232914994
720      0.20378327232914994
721      0.20378327232914994
722      0.20378327232914994
723      0.20378327232914994
724      0.20378327232914994
725      0.20378327232914994
726      0.20378327232914994
727      0.20378327232914994
728      0.20378327232914994
729      0.20378327232914994
730      0.20378327232914994
731      0.20378327232914994
732      0.20378327232914994
733      0.20378327232914994
734      0.20378327232914994
735      0.20378327232914994
736      0.20378327232914994
737      0.20378327232914994
738      0.20378327232914994
739      0.20378327232914994
740      0.20378327232914994
741      0.20378327232914994
742      0.20378327232914994
743      0.20378327232914994
744      0.20378327232914994
745      0.20378327232914994
746      0.20378327232914994
747      0.20378327232914994
748      0.20378327232914994
749      0.20378327232914994
750      0.20378327232914994
751      0.20378327232914994
752      0.20378327232914994
753      0.20378327232914994
754      0.20378327232914994
755      0.20378327232914994
756      0.20378327232914994
757      0.20378327232914994
758      0.20378327232914994
759      0.20378327232914994
760      0.20378327232914994
761      0.20378327232914994
762      0.20378327232914994
763      0.20378327232914994
764      0.20378327232914994
765      0.20378327232914994
766      0.20378327232914994
767      0.20378327232914994
768      0.20378327232914994
769      0.20378327232914994
770      0.20378327232914994
771      0.20378327232914994
772      0.20378327232914994
773      0.20378327232914994
774      0.20378327232914994
775      0.20378327232914994
776      0.20378327232914994
777      0.20378327232914994
778      0.20378327232914994
779      0.20378327232914994
780      0.20378327232914994
781      0.20378327232914994
782      0.20378327232914994
783      0.20378327232914994
784      0.20378327232914994
785      0.20378327232914994
786      0.20378327232914994
787      0.20378327232914994
788      0.20378327232914994
789      0.20378327232914994
790      0.20378327232914994
791      0.20378327232914994
792      0.20378327232914994
793      0.20378327232914994
794      0.20378327232914994
795      0.20378327232914994
796      0.20378327232914994
797      0.20378327232914994
798      0.20378327232914994
799      0.20378327232914994
800      0.20378327232914994
801      0.20378327232914994
802      0.20378327232914994
803      0.20378327232914994
804      0.20378327232914994
805      0.20378327232914994
806      0.20378327232914994
807      0.20378327232914994
808      0.20378327232914994
809      0.20378327232914994
810      0.20378327232914994
811      0.20378327232914994
812      0.20378327232914994
813      0.20378327232914994
814      0.20378327232914994
815      0.20378327232914994
816      0.20378327232914994
817      0.20378327232914994
818      0.20378327232914994
819      0.20378327232914994
820      0.20378327232914994
821      0.20391855144521182
822      0.20391855144521182
823      0.20391855144521182
824      0.20391855144521182
825      0.20391855144521182
826      0.20391855144521182
827      0.20391855144521182
828      0.20391855144521182
829      0.20391855144521182
830      0.20391855144521182
831      0.20391855144521182
832      0.20391855144521182
833      0.20391855144521182
834      0.20391855144521182
835      0.20391855144521182
836      0.20391855144521182
837      0.20391855144521182
838      0.20391855144521182
839      0.20391855144521182
840      0.20391855144521182
841      0.20391855144521182
842      0.20391855144521182
843      0.20391855144521182
844      0.20391855144521182
845      0.20391855144521182
846      0.20391855144521182
847      0.20391855144521182
848      0.20391855144521182
849      0.20391855144521182
850      0.20391855144521182
851      0.20391855144521182
852      0.20391855144521182
853      0.20391855144521182
854      0.20391855144521182
855      0.20391855144521182
856      0.20391855144521182
857      0.20391855144521182
858      0.20391855144521182
859      0.20391855144521182
860      0.20391855144521182
861      0.20391855144521182
862      0.20391855144521182
863      0.20391855144521182
864      0.20391855144521182
865      0.20391855144521182
866      0.20391855144521182
867      0.20391855144521182
868      0.20391855144521182
869      0.20391855144521182
870      0.20391855144521182
871      0.20391855144521182
872      0.20391855144521182
873      0.20391855144521182
874      0.20391855144521182
875      0.20391855144521182
876      0.20391855144521182
877      0.20391855144521182
878      0.20391855144521182
879      0.20391855144521182
880      0.20391855144521182
881      0.20391855144521182
882      0.20391855144521182
883      0.20391855144521182
884      0.20391855144521182
885      0.20391855144521182
886      0.20391855144521182
887      0.20391855144521182
888      0.20391855144521182
889      0.20391855144521182
890      0.18004787641461503
891      0.18004787641461503
892      0.18004787641461503
893      0.18004787641461503
894      0.18004787641461503
895      0.18004787641461503
896      0.18004787641461503
897      0.18004787641461503
898      0.18004787641461503
899      0.18004787641461503
900      0.18004787641461503
901      0.18004787641461503
902      0.18004787641461503
903      0.18004787641461503
904      0.18004787641461503
905      0.18004787641461503
906      0.18004787641461503
907      0.18004787641461503
908      0.18004787641461503
909      0.18004787641461503
910      0.18004787641461503
911      0.18004787641461503
912      0.18004787641461503
913      0.18004787641461503
914      0.18004787641461503
915      0.18004787641461503
916      0.18004787641461503
917      0.18004787641461503
918      0.18004787641461503
919      0.18004787641461503
920      0.18004787641461503
921      0.18004787641461503
922      0.18004787641461503
923      0.18004787641461503
924      0.18004787641461503
925      0.18004787641461503
926      0.18004787641461503
927      0.18004787641461503
928      0.04504018744529096
929      0.04504018744529096
930      0.04504018744529096
931      0.04504018744529096
932      0.04504018744529096
933      0.04504018744529096
934      0.04504018744529096
935      0.04504018744529096
936      0.04504018744529096
937      0.04504018744529096
938      0.04504018744529096
939      0.04504018744529096
940      0.04504018744529096
941      0.04504018744529096
942      0.04504018744529096
943      0.04504018744529096
944      0.04504018744529096
945      0.04504018744529096
946      0.04504018744529096
947      0.04504018744529096
948      0.04504018744529096
949      0.04504018744529096
950      0.04504018744529096
951      0.04504018744529096
952      0.04504018744529096
953      0.04504018744529096
954      0.04504018744529096
955      0.04504018744529096
956      0.04504018744529096
957      0.04504018744529096
958      0.04504018744529096
959      0.04504018744529096
960      0.04504018744529096
961      0.04504018744529096
962      0.04504018744529096
963      0.04504018744529096
964      0.04504018744529096
965      0.04504018744529096
966      0.04504018744529096
967      0.04504018744529096
968      0.04504018744529096
969      0.04504018744529096
970      0.04504018744529096
971      0.04504018744529096
972      0.04504018744529096
973      0.04504018744529096
974      0.04504018744529096
975      0.04504018744529096
976      0.04504018744529096
977      0.04504018744529096
978      0.04504018744529096
979      0.04504018744529096
980      0.04504018744529096
981      0.04504018744529096
982      0.04504018744529096
983      0.04504018744529096
984      0.04504018744529096
985      0.04504018744529096
986      0.04504018744529096
987      0.04504018744529096
988      0.04504018744529096
989      0.04504018744529096
990      0.04504018744529096
991      0.04504018744529096
992      0.04504018744529096
993      0.04504018744529096
994      0.04504018744529096
995      0.04504018744529096
996      0.04504018744529096
997      0.04504018744529096
998      0.04504018744529096
999      0.04504018744529096
