1      30.152325639229232
2      17.745372155488194
3      17.745372155488194
4      17.745372155488194
5      17.384851477547574
6      17.384851477547574
7      1.4869058151178083
8      1.4869058151178083
9      1.4869058151178083
10      1.4869058151178083
11      1.4869058151178083
12      1.4869058151178083
13      1.4869058151178083
14      1.4869058151178083
15      1.4869058151178083
16      1.4869058151178083
17      1.4869058151178083
18      1.4869058151178083
19      1.4869058151178083
20      1.4869058151178083
21      1.4869058151178083
22      1.4869058151178083
23      1.4869058151178083
24      1.4869058151178083
25      1.4869058151178083
26      1.4869058151178083
27      1.4869058151178083
28      1.4869058151178083
29      1.4869058151178083
30      1.4869058151178083
31      1.4869058151178083
32      1.4869058151178083
33      1.4840735632994644
34      1.4840735632994644
35      1.4840735632994644
36      1.4840735632994644
37      1.4840735632994644
38      1.4840735632994644
39      1.4840735632994644
40      1.4840735632994644
41      1.4840735632994644
42      1.4840735632994644
43      1.4840735632994644
44      1.4840735632994644
45      1.4840735632994644
46      1.4840735632994644
47      1.4840735632994644
48      1.4840735632994644
49      1.4840735632994644
50      1.4840735632994644
51      1.4840735632994644
52      1.4840735632994644
53      1.4840735632994644
54      1.4840735632994644
55      1.4840735632994644
56      1.4840735632994644
57      1.4840735632994644
58      1.4840735632994644
59      1.4840735632994644
60      1.4840735632994644
61      1.4840735632994644
62      1.4840735632994644
63      1.4840735632994644
64      1.4840735632994644
65      0.5125316658075227
66      0.5125316658075227
67      0.5125316658075227
68      0.5125316658075227
69      0.5125316658075227
70      0.5125316658075227
71      0.5125316658075227
72      0.5125316658075227
73      0.5125316658075227
74      0.5125316658075227
75      0.5125316658075227
76      0.5125316658075227
77      0.13512539910816093
78      0.13512539910816093
79      0.13512539910816093
80      0.13512539910816093
81      0.13512539910816093
82      0.13512539910816093
83      0.13512539910816093
84      0.13512539910816093
85      0.13512539910816093
86      0.13512539910816093
87      0.13512539910816093
88      0.10847889653578456
89      0.10847889653578456
90      0.10847889653578456
91      0.10847889653578456
92      0.09941770174193074
93      0.09941770174193074
94      0.09941770174193074
95      0.09941770174193074
96      0.09941770174193074
97      0.09941770174193074
98      0.09941770174193074
99      0.09941770174193074
100      0.09941770174193074
101      0.09941770174193074
102      0.09941770174193074
103      0.09941770174193074
104      0.09941770174193074
105      0.09941770174193074
106      0.09941770174193074
107      0.09941770174193074
108      0.09941770174193074
109      0.09941770174193074
110      0.09941770174193074
111      0.09941770174193074
112      0.09941770174193074
113      0.09941770174193074
114      0.09941770174193074
115      0.09941770174193074
116      0.09941770174193074
117      0.09941770174193074
118      0.09941770174193074
119      0.09941770174193074
120      0.09941770174193074
121      0.09941770174193074
122      0.09941770174193074
123      0.09941770174193074
124      0.09941770174193074
125      0.09941770174193074
126      0.09941770174193074
127      0.09941770174193074
128      0.09941770174193074
129      0.09941770174193074
130      0.09941770174193074
131      0.09941770174193074
132      0.09941770174193074
133      0.09941770174193074
134      0.07462700088746342
135      0.07462700088746342
136      0.02007309944302497
137      0.02007309944302497
138      0.02007309944302497
139      0.02007309944302497
140      0.02007309944302497
141      0.006578093848800545
142      0.006578093848800545
143      0.006578093848800545
144      0.006578093848800545
145      0.0014561919078583002
146      0.0014561919078583002
147      0.0014561919078583002
148      0.0014561919078583002
149      0.0014561919078583002
150      0.0014561919078583002
151      0.0014561919078583002
152      0.0014561919078583002
153      0.0014561919078583002
154      0.0014561919078583002
155      0.001125650820530387
156      0.001125650820530387
157      0.001125650820530387
158      0.001125650820530387
159      4.732872984408512E-4
160      4.732872984408512E-4
161      4.732872984408512E-4
162      4.732872984408512E-4
163      4.732872984408512E-4
164      4.732872984408512E-4
165      4.732872984408512E-4
166      4.732872984408512E-4
167      4.732872984408512E-4
168      4.732872984408512E-4
169      4.732872984408512E-4
170      4.732872984408512E-4
171      4.732872984408512E-4
172      4.732872984408512E-4
173      4.732872984408512E-4
174      4.732872984408512E-4
175      4.732872984408512E-4
176      4.732872984408512E-4
177      4.732872984408512E-4
178      4.732872984408512E-4
179      4.732872984408512E-4
180      4.732872984408512E-4
181      4.732872984408512E-4
182      4.732872984408512E-4
183      4.732872984408512E-4
184      4.732872984408512E-4
185      4.732872984408512E-4
186      4.732872984408512E-4
187      4.732872984408512E-4
188      4.732872984408512E-4
189      4.732872984408512E-4
190      4.732872984408512E-4
191      4.732872984408512E-4
192      2.1585063896121991E-4
193      2.1585063896121991E-4
194      2.1585063896121991E-4
195      2.1585063896121991E-4
196      2.1271643569903962E-4
197      2.1271643569903962E-4
198      2.1271643569903962E-4
199      2.1271643569903962E-4
200      2.1271643569903962E-4
201      2.1271643569903962E-4
202      2.1271643569903962E-4
203      2.1271643569903962E-4
204      2.1271643569903962E-4
205      6.053380187342597E-5
206      6.053380187342597E-5
207      6.053380187342597E-5
208      6.053380187342597E-5
209      6.053380187342597E-5
210      2.432505060568488E-5
211      2.432505060568488E-5
212      2.432505060568488E-5
213      1.1895999027429038E-5
214      1.1895999027429038E-5
215      1.1895999027429038E-5
216      1.1895999027429038E-5
217      1.1895999027429038E-5
218      1.1715466366545673E-5
219      1.1715466366545673E-5
220      1.1715466366545673E-5
221      1.1715466366545673E-5
222      1.1715466366545673E-5
223      1.1715466366545673E-5
224      1.1715466366545673E-5
225      1.1715466366545673E-5
226      1.1715466366545673E-5
227      1.1715466366545673E-5
228      1.1715466366545673E-5
229      1.1715466366545673E-5
230      1.1715466366545673E-5
231      1.1715466366545673E-5
232      1.1715466366545673E-5
233      1.1715466366545673E-5
234      1.1715466366545673E-5
235      1.1715466366545673E-5
236      1.1715466366545673E-5
237      1.1715466366545673E-5
238      1.1715466366545673E-5
239      1.1715466366545673E-5
240      1.1715466366545673E-5
241      1.1715466366545673E-5
242      8.525535548474642E-6
243      8.525535548474642E-6
244      8.525535548474642E-6
245      8.525535548474642E-6
246      8.525535548474642E-6
247      8.525535548474642E-6
248      3.056728915529182E-6
249      3.056728915529182E-6
250      3.056728915529182E-6
251      3.056728915529182E-6
252      3.056728915529182E-6
253      3.056728915529182E-6
254      3.056728915529182E-6
255      3.056728915529182E-6
256      3.056728915529182E-6
257      3.056728915529182E-6
258      3.056728915529182E-6
259      3.056728915529182E-6
260      3.056728915529182E-6
261      3.056728915529182E-6
262      3.056728915529182E-6
263      5.316541846472028E-7
264      5.316541846472028E-7
265      1.6331917273279552E-7
266      1.6331917273279552E-7
267      1.6331917273279552E-7
268      1.6331917273279552E-7
269      1.6331917273279552E-7
270      1.6331917273279552E-7
271      1.6331917273279552E-7
272      1.6331917273279552E-7
273      1.6331917273279552E-7
274      1.6331917273279552E-7
275      1.6331917273279552E-7
276      1.6331917273279552E-7
277      1.6331917273279552E-7
278      1.6331917273279552E-7
279      1.6331917273279552E-7
280      1.6331917273279552E-7
281      1.6331917273279552E-7
282      1.6331917273279552E-7
283      1.6331917273279552E-7
284      1.6331917273279552E-7
285      1.6331917273279552E-7
286      1.6331917273279552E-7
287      1.6331917273279552E-7
288      1.6331917273279552E-7
289      1.6331917273279552E-7
290      1.6331917273279552E-7
291      1.6331917273279552E-7
292      1.6331917273279552E-7
293      1.6331917273279552E-7
294      1.6331917273279552E-7
295      1.6331917273279552E-7
296      1.6331917273279552E-7
297      1.6331917273279552E-7
298      1.6331917273279552E-7
299      1.6331917273279552E-7
300      1.6331917273279552E-7
301      1.6331917273279552E-7
302      1.6331917273279552E-7
303      1.6331917273279552E-7
304      1.6331917273279552E-7
305      1.6331917273279552E-7
306      1.6331917273279552E-7
307      1.6331917273279552E-7
308      1.6331917273279552E-7
309      1.6331917273279552E-7
310      1.6331917273279552E-7
311      8.748614614824446E-8
312      8.748614614824446E-8
313      8.748614614824446E-8
314      8.748614614824446E-8
315      8.748614614824446E-8
316      8.748614614824446E-8
317      8.748614614824446E-8
318      8.748614614824446E-8
319      8.748614614824446E-8
320      8.748614614824446E-8
321      8.748614614824446E-8
322      8.748614614824446E-8
323      8.748614614824446E-8
324      8.748614614824446E-8
325      8.748614614824446E-8
326      8.748614614824446E-8
327      8.748614614824446E-8
328      8.748614614824446E-8
329      8.748614614824446E-8
330      8.748614614824446E-8
331      8.748614614824446E-8
332      8.748614614824446E-8
333      8.748614614824446E-8
334      8.748614614824446E-8
335      8.748614614824446E-8
336      8.748614614824446E-8
337      8.748614614824446E-8
338      8.748614614824446E-8
339      8.748614614824446E-8
340      8.748614614824446E-8
341      8.748614614824446E-8
342      8.748614614824446E-8
343      8.748614614824446E-8
344      8.748614614824446E-8
345      8.748614614824446E-8
346      8.748614614824446E-8
347      8.748614614824446E-8
348      8.748614614824446E-8
349      8.748614614824446E-8
350      4.1831208884963856E-8
351      4.1831208884963856E-8
352      4.1831208884963856E-8
353      4.1831208884963856E-8
354      4.1831208884963856E-8
355      4.1831208884963856E-8
356      4.153215161188223E-8
357      4.153215161188223E-8
358      4.153215161188223E-8
359      4.153215161188223E-8
360      4.153215161188223E-8
361      4.153215161188223E-8
362      4.153215161188223E-8
363      4.153215161188223E-8
364      4.153215161188223E-8
365      4.153215161188223E-8
366      4.153215161188223E-8
367      4.153215161188223E-8
368      4.153215161188223E-8
369      4.153215161188223E-8
370      4.153215161188223E-8
371      4.153215161188223E-8
372      3.250357686115321E-8
373      3.250357686115321E-8
374      3.250357686115321E-8
375      3.250357686115321E-8
376      3.250357686115321E-8
377      3.250357686115321E-8
378      3.250357686115321E-8
379      3.250357686115321E-8
380      3.250357686115321E-8
381      3.250357686115321E-8
382      3.250357686115321E-8
383      3.250357686115321E-8
384      3.250357686115321E-8
385      1.953864420472601E-8
386      1.953864420472601E-8
387      1.953864420472601E-8
388      1.953864420472601E-8
389      1.953864420472601E-8
390      1.953864420472601E-8
391      1.953864420472601E-8
392      1.953864420472601E-8
393      1.953864420472601E-8
394      1.953864420472601E-8
395      1.953864420472601E-8
396      1.953864420472601E-8
397      1.953864420472601E-8
398      1.0614874438276073E-8
399      1.0614874438276073E-8
400      1.0614874438276073E-8
401      1.0614874438276073E-8
402      1.0614874438276073E-8
403      1.0614874438276073E-8
404      1.0614874438276073E-8
405      1.0614874438276073E-8
406      1.0614874438276073E-8
407      1.0614874438276073E-8
408      1.0614874438276073E-8
409      1.0614874438276073E-8
410      1.0614874438276073E-8
411      1.0614874438276073E-8
412      1.0614874438276073E-8
413      1.0614874438276073E-8
414      3.664999219296055E-9
415      3.664999219296055E-9
416      3.664999219296055E-9
417      3.664999219296055E-9
418      3.664999219296055E-9
419      3.664999219296055E-9
420      3.664999219296055E-9
421      3.664999219296055E-9
422      3.664999219296055E-9
423      3.664999219296055E-9
424      3.664999219296055E-9
425      3.664999219296055E-9
426      3.664999219296055E-9
427      3.664999219296055E-9
428      3.664999219296055E-9
429      3.664999219296055E-9
430      3.664999219296055E-9
431      2.1763565964104872E-9
432      2.1763565964104872E-9
433      2.1763565964104872E-9
434      2.1763565964104872E-9
435      2.1763565964104872E-9
436      2.1763565964104872E-9
437      2.1763565964104872E-9
438      2.1763565964104872E-9
439      2.1763565964104872E-9
440      2.1763565964104872E-9
441      2.1763565964104872E-9
442      2.1763565964104872E-9
443      1.0013033077134616E-9
444      1.0013033077134616E-9
445      1.0013033077134616E-9
446      1.0013033077134616E-9
447      1.0013033077134616E-9
448      1.0013033077134616E-9
449      1.0013033077134616E-9
450      1.0013033077134616E-9
451      1.0013033077134616E-9
452      1.0013033077134616E-9
453      1.0013033077134616E-9
454      1.0013033077134616E-9
455      1.0013033077134616E-9
456      1.0013033077134616E-9
457      1.0013033077134616E-9
458      1.0013033077134616E-9
459      1.0013033077134616E-9
460      1.0013033077134616E-9
461      1.0013033077134616E-9
462      1.0013033077134616E-9
463      1.0013033077134616E-9
464      1.0013033077134616E-9
465      1.0013033077134616E-9
466      1.0013033077134616E-9
467      1.0013033077134616E-9
468      5.73356108816429E-10
469      5.73356108816429E-10
470      5.73356108816429E-10
471      5.73356108816429E-10
472      5.73356108816429E-10
473      5.73356108816429E-10
474      5.73356108816429E-10
475      5.73356108816429E-10
476      5.73356108816429E-10
477      5.73356108816429E-10
478      5.73356108816429E-10
479      5.73356108816429E-10
480      5.73356108816429E-10
481      5.73356108816429E-10
482      5.73356108816429E-10
483      5.73356108816429E-10
484      5.73356108816429E-10
485      5.73356108816429E-10
486      5.73356108816429E-10
487      5.73356108816429E-10
488      5.73356108816429E-10
489      3.2874731918201436E-10
490      3.2874731918201436E-10
491      3.2874731918201436E-10
492      3.2874731918201436E-10
493      3.2874731918201436E-10
494      3.2874731918201436E-10
495      3.2874731918201436E-10
496      3.2874731918201436E-10
497      3.2874731918201436E-10
498      3.2874731918201436E-10
499      3.2874731918201436E-10
500      3.2874731918201436E-10
501      1.0283865364849197E-10
502      1.0283865364849197E-10
503      1.0283865364849197E-10
504      1.0283865364849197E-10
505      1.0283865364849197E-10
506      1.0283865364849197E-10
507      1.0283865364849197E-10
508      1.0283865364849197E-10
509      1.0283865364849197E-10
510      1.0283865364849197E-10
511      1.0283865364849197E-10
512      1.0283865364849197E-10
513      1.0283865364849197E-10
514      1.0283865364849197E-10
515      1.0283865364849197E-10
516      1.0283865364849197E-10
517      1.0283865364849197E-10
518      1.0283865364849197E-10
519      1.0283865364849197E-10
520      1.0283865364849197E-10
521      1.0283865364849197E-10
522      1.0283865364849197E-10
523      1.0283865364849197E-10
524      1.0283865364849197E-10
525      1.0283865364849197E-10
526      1.0283865364849197E-10
527      1.0283865364849197E-10
528      1.0283865364849197E-10
529      1.0283865364849197E-10
530      1.0283865364849197E-10
531      1.0283865364849197E-10
532      1.0283865364849197E-10
533      1.0283865364849197E-10
534      1.0283865364849197E-10
535      6.844447135376066E-11
536      6.844447135376066E-11
537      1.3313285189282034E-11
538      1.3313285189282034E-11
539      1.3313285189282034E-11
540      1.3313285189282034E-11
541      1.3313285189282034E-11
542      4.2793526019287096E-12
543      4.2793526019287096E-12
544      4.2793526019287096E-12
545      4.2793526019287096E-12
546      4.2793526019287096E-12
547      4.2793526019287096E-12
548      4.2793526019287096E-12
549      4.2793526019287096E-12
550      4.2793526019287096E-12
551      4.2793526019287096E-12
552      4.2793526019287096E-12
553      4.2793526019287096E-12
554      4.2793526019287096E-12
555      4.2793526019287096E-12
556      4.2793526019287096E-12
557      4.2793526019287096E-12
558      4.2793526019287096E-12
559      4.2793526019287096E-12
560      4.2793526019287096E-12
561      4.2793526019287096E-12
562      4.2793526019287096E-12
563      4.2793526019287096E-12
564      4.2793526019287096E-12
565      4.2793526019287096E-12
566      4.2793526019287096E-12
567      4.2793526019287096E-12
568      4.2793526019287096E-12
569      4.2793526019287096E-12
570      4.2793526019287096E-12
571      4.2793526019287096E-12
572      4.2793526019287096E-12
573      4.2793526019287096E-12
574      4.2793526019287096E-12
575      4.2793526019287096E-12
576      4.2793526019287096E-12
577      4.2793526019287096E-12
578      5.714734305743454E-13
579      5.714734305743454E-13
580      5.714734305743454E-13
581      5.714734305743454E-13
582      5.714734305743454E-13
583      5.714734305743454E-13
584      5.714734305743454E-13
585      5.714734305743454E-13
586      5.714734305743454E-13
587      5.714734305743454E-13
588      5.714734305743454E-13
589      5.714734305743454E-13
590      5.714734305743454E-13
591      5.714734305743454E-13
592      5.714734305743454E-13
593      5.714734305743454E-13
594      5.714734305743454E-13
595      5.714734305743454E-13
596      5.714734305743454E-13
597      5.714734305743454E-13
598      5.714734305743454E-13
599      5.714734305743454E-13
600      5.714734305743454E-13
601      5.714734305743454E-13
602      5.714734305743454E-13
603      5.714734305743454E-13
604      5.714734305743454E-13
605      5.714734305743454E-13
606      5.714734305743454E-13
607      5.714734305743454E-13
608      5.714734305743454E-13
609      5.714734305743454E-13
610      5.714734305743454E-13
611      5.714734305743454E-13
612      5.714734305743454E-13
613      5.714734305743454E-13
614      5.714734305743454E-13
615      5.714734305743454E-13
616      5.714734305743454E-13
617      5.714734305743454E-13
618      5.714734305743454E-13
619      5.714734305743454E-13
620      5.714734305743454E-13
621      5.714734305743454E-13
622      5.714734305743454E-13
623      5.714734305743454E-13
624      5.714734305743454E-13
625      5.714734305743454E-13
626      5.714734305743454E-13
627      5.714734305743454E-13
628      8.513051003471847E-14
629      8.513051003471847E-14
630      8.513051003471847E-14
631      8.513051003471847E-14
632      8.513051003471847E-14
633      8.513051003471847E-14
634      8.513051003471847E-14
635      8.513051003471847E-14
636      8.513051003471847E-14
637      8.513051003471847E-14
638      8.513051003471847E-14
639      8.513051003471847E-14
640      8.513051003471847E-14
641      8.513051003471847E-14
642      8.513051003471847E-14
643      8.513051003471847E-14
644      8.513051003471847E-14
645      8.513051003471847E-14
646      8.513051003471847E-14
647      8.513051003471847E-14
648      8.513051003471847E-14
649      8.513051003471847E-14
650      8.513051003471847E-14
651      8.513051003471847E-14
652      8.513051003471847E-14
653      8.513051003471847E-14
654      8.513051003471847E-14
655      8.513051003471847E-14
656      8.513051003471847E-14
657      8.513051003471847E-14
658      8.513051003471847E-14
659      8.513051003471847E-14
660      8.513051003471847E-14
661      8.513051003471847E-14
662      8.513051003471847E-14
663      8.513051003471847E-14
664      8.513051003471847E-14
665      8.513051003471847E-14
666      8.513051003471847E-14
667      8.513051003471847E-14
668      8.513051003471847E-14
669      8.513051003471847E-14
670      8.513051003471847E-14
671      8.513051003471847E-14
672      8.513051003471847E-14
673      8.513051003471847E-14
674      8.513051003471847E-14
675      8.513051003471847E-14
676      8.513051003471847E-14
677      8.513051003471847E-14
678      8.513051003471847E-14
679      2.1305372720505975E-14
680      2.1305372720505975E-14
681      2.1305372720505975E-14
682      2.1305372720505975E-14
683      2.1305372720505975E-14
684      2.1305372720505975E-14
685      2.1305372720505975E-14
686      2.1305372720505975E-14
687      2.1305372720505975E-14
688      2.1305372720505975E-14
689      2.1305372720505975E-14
690      2.1305372720505975E-14
691      2.1305372720505975E-14
692      2.1305372720505975E-14
693      2.1305372720505975E-14
694      2.1305372720505975E-14
695      2.1305372720505975E-14
696      2.112102943784352E-14
697      2.112102943784352E-14
698      2.112102943784352E-14
699      2.112102943784352E-14
700      2.112102943784352E-14
701      2.112102943784352E-14
702      2.112102943784352E-14
703      2.112102943784352E-14
704      2.112102943784352E-14
705      2.112102943784352E-14
706      2.112102943784352E-14
707      2.112102943784352E-14
708      2.112102943784352E-14
709      2.112102943784352E-14
710      2.112102943784352E-14
711      2.112102943784352E-14
712      2.112102943784352E-14
713      2.112102943784352E-14
714      2.112102943784352E-14
715      2.112102943784352E-14
716      2.112102943784352E-14
717      2.112102943784352E-14
718      2.112102943784352E-14
719      2.112102943784352E-14
720      2.112102943784352E-14
721      2.112102943784352E-14
722      2.112102943784352E-14
723      2.112102943784352E-14
724      2.112102943784352E-14
725      2.112102943784352E-14
726      2.112102943784352E-14
727      2.112102943784352E-14
728      2.0716756624814992E-14
729      2.0716756624814992E-14
730      2.0716756624814992E-14
731      2.0716756624814992E-14
732      2.0716756624814992E-14
733      2.0716756624814992E-14
734      2.0716756624814992E-14
735      2.0716756624814992E-14
736      2.0716756624814992E-14
737      2.0716756624814992E-14
738      2.0716756624814992E-14
739      2.0716756624814992E-14
740      2.0716756624814992E-14
741      2.0716756624814992E-14
742      2.0716756624814992E-14
743      2.0716756624814992E-14
744      2.0716756624814992E-14
745      2.0716756624814992E-14
746      2.0716756624814992E-14
747      2.0716756624814992E-14
748      2.0716756624814992E-14
749      2.0716756624814992E-14
750      2.0716756624814992E-14
751      2.0716756624814992E-14
752      2.0716756624814992E-14
753      2.0716756624814992E-14
754      2.0716756624814992E-14
755      2.0716756624814992E-14
756      2.0716756624814992E-14
757      2.0716756624814992E-14
758      2.0716756624814992E-14
759      2.0716756624814992E-14
760      2.0716756624814992E-14
761      2.0716756624814992E-14
762      2.0716756624814992E-14
763      2.0716756624814992E-14
764      2.0716756624814992E-14
765      2.0716756624814992E-14
766      2.0119410850835733E-14
767      2.0119410850835733E-14
768      1.7571494709775634E-14
769      4.394943733228798E-15
770      4.394943733228798E-15
771      4.394943733228798E-15
772      4.394943733228798E-15
773      4.394943733228798E-15
774      4.394943733228798E-15
775      4.394943733228798E-15
776      4.394943733228798E-15
777      4.394943733228798E-15
778      4.394943733228798E-15
779      4.394943733228798E-15
780      4.394943733228798E-15
781      4.394943733228798E-15
782      4.394943733228798E-15
783      4.394943733228798E-15
784      4.394943733228798E-15
785      4.394943733228798E-15
786      4.394943733228798E-15
787      4.394943733228798E-15
788      4.394943733228798E-15
789      4.394943733228798E-15
790      4.394943733228798E-15
791      4.394943733228798E-15
792      4.394943733228798E-15
793      4.394943733228798E-15
794      4.394943733228798E-15
795      4.394943733228798E-15
796      4.394943733228798E-15
797      4.394943733228798E-15
798      2.213277204815305E-15
799      2.213277204815305E-15
800      2.213277204815305E-15
801      2.213277204815305E-15
802      2.213277204815305E-15
803      6.785011780751487E-16
804      6.785011780751487E-16
805      6.785011780751487E-16
806      6.785011780751487E-16
807      6.785011780751487E-16
808      6.785011780751487E-16
809      6.785011780751487E-16
810      6.785011780751487E-16
811      6.785011780751487E-16
812      6.785011780751487E-16
813      6.785011780751487E-16
814      6.785011780751487E-16
815      6.785011780751487E-16
816      4.292242567640479E-16
817      4.292242567640479E-16
818      4.292242567640479E-16
819      4.292242567640479E-16
820      4.292242567640479E-16
821      4.292242567640479E-16
822      4.292242567640479E-16
823      4.292242567640479E-16
824      4.292242567640479E-16
825      1.9283624368021429E-16
826      1.9283624368021429E-16
827      2.4755512730288902E-17
828      2.4755512730288902E-17
829      2.4755512730288902E-17
830      2.4755512730288902E-17
831      1.8916958619099044E-17
832      1.8916958619099044E-17
833      1.8916958619099044E-17
834      1.8916958619099044E-17
835      1.8916958619099044E-17
836      1.8916958619099044E-17
837      1.8916958619099044E-17
838      1.8916958619099044E-17
839      1.8916958619099044E-17
840      1.8916958619099044E-17
841      1.8916958619099044E-17
842      1.8916958619099044E-17
843      1.8916958619099044E-17
844      1.8916958619099044E-17
845      1.8916958619099044E-17
846      1.8916958619099044E-17
847      1.8916958619099044E-17
848      1.8916958619099044E-17
849      1.8916958619099044E-17
850      1.8916958619099044E-17
851      1.8916958619099044E-17
852      1.8916958619099044E-17
853      1.8916958619099044E-17
854      1.8916958619099044E-17
855      1.8916958619099044E-17
856      1.8916958619099044E-17
857      1.8916958619099044E-17
858      1.8916958619099044E-17
859      1.8916958619099044E-17
860      1.8916958619099044E-17
861      1.8916958619099044E-17
862      1.8916958619099044E-17
863      1.8916958619099044E-17
864      1.8916958619099044E-17
865      1.8916958619099044E-17
866      1.8916958619099044E-17
867      1.8916958619099044E-17
868      1.8916958619099044E-17
869      1.8916958619099044E-17
870      1.772931530402888E-17
871      1.772931530402888E-17
872      1.772931530402888E-17
873      1.772931530402888E-17
874      1.772931530402888E-17
875      1.772931530402888E-17
876      1.772931530402888E-17
877      1.772931530402888E-17
878      1.772931530402888E-17
879      1.772931530402888E-17
880      1.772931530402888E-17
881      4.122885097349349E-18
882      4.122885097349349E-18
883      4.122885097349349E-18
884      4.122885097349349E-18
885      4.122885097349349E-18
886      2.0282141977183834E-18
887      2.0282141977183834E-18
888      2.0282141977183834E-18
889      2.0282141977183834E-18
890      2.0282141977183834E-18
891      2.0282141977183834E-18
892      2.0282141977183834E-18
893      2.0282141977183834E-18
894      1.1175787763681726E-18
895      1.1175787763681726E-18
896      1.1175787763681726E-18
897      1.1175787763681726E-18
898      1.1175787763681726E-18
899      1.1175787763681726E-18
900      1.1175787763681726E-18
901      1.1175787763681726E-18
902      1.1175787763681726E-18
903      1.1175787763681726E-18
904      1.1175787763681726E-18
905      1.1175787763681726E-18
906      1.1175787763681726E-18
907      1.1175787763681726E-18
908      1.1175787763681726E-18
909      4.562947499986298E-19
910      4.562947499986298E-19
911      4.562947499986298E-19
912      4.562947499986298E-19
913      4.562947499986298E-19
914      4.562947499986298E-19
915      4.562947499986298E-19
916      4.562947499986298E-19
917      4.562947499986298E-19
918      3.927130429441923E-19
919      3.927130429441923E-19
920      3.927130429441923E-19
921      3.927130429441923E-19
922      3.927130429441923E-19
923      3.927130429441923E-19
924      3.927130429441923E-19
925      3.927130429441923E-19
926      3.927130429441923E-19
927      3.927130429441923E-19
928      3.927130429441923E-19
929      3.927130429441923E-19
930      3.927130429441923E-19
931      3.927130429441923E-19
932      3.927130429441923E-19
933      3.927130429441923E-19
934      3.927130429441923E-19
935      3.927130429441923E-19
936      3.927130429441923E-19
937      3.927130429441923E-19
938      3.927130429441923E-19
939      3.927130429441923E-19
940      3.927130429441923E-19
941      3.927130429441923E-19
942      3.927130429441923E-19
943      3.927130429441923E-19
944      3.927130429441923E-19
945      3.927130429441923E-19
946      3.927130429441923E-19
947      3.927130429441923E-19
948      3.927130429441923E-19
949      3.927130429441923E-19
950      3.927130429441923E-19
951      3.927130429441923E-19
952      2.881202282560996E-19
953      2.881202282560996E-19
954      2.881202282560996E-19
955      2.881202282560996E-19
956      2.881202282560996E-19
957      2.881202282560996E-19
958      2.881202282560996E-19
959      2.881202282560996E-19
960      2.881202282560996E-19
961      2.881202282560996E-19
962      2.881202282560996E-19
963      2.7101767884888435E-19
964      2.7101767884888435E-19
965      2.7101767884888435E-19
966      2.7101767884888435E-19
967      2.535806638763479E-19
968      2.535806638763479E-19
969      2.535806638763479E-19
970      2.535806638763479E-19
971      2.535806638763479E-19
972      2.535806638763479E-19
973      2.535806638763479E-19
974      2.535806638763479E-19
975      2.535806638763479E-19
976      2.535806638763479E-19
977      2.27985235842409E-19
978      2.27985235842409E-19
979      2.27985235842409E-19
980      2.27985235842409E-19
981      2.27985235842409E-19
982      2.27985235842409E-19
983      2.27985235842409E-19
984      2.27985235842409E-19
985      2.27985235842409E-19
986      2.27985235842409E-19
987      2.27985235842409E-19
988      2.27985235842409E-19
989      2.27985235842409E-19
990      2.27985235842409E-19
991      2.27985235842409E-19
992      2.27985235842409E-19
993      1.9208168433326162E-19
994      1.1492422512785402E-19
995      1.1492422512785402E-19
996      1.1492422512785402E-19
997      1.1492422512785402E-19
998      1.1492422512785402E-19
999      1.1492422512785402E-19
