1      13.936582912029202
2      10.69776555504396
3      2.8642244850656278
4      2.8642244850656278
5      2.8642244850656278
6      2.8642244850656278
7      2.8642244850656278
8      2.8642244850656278
9      2.8642244850656278
10      2.8642244850656278
11      2.8642244850656278
12      2.8642244850656278
13      2.8642244850656278
14      2.8642244850656278
15      2.8642244850656278
16      2.8642244850656278
17      2.8642244850656278
18      2.8642244850656278
19      2.8642244850656278
20      2.8642244850656278
21      2.8642244850656278
22      2.8642244850656278
23      2.8642244850656278
24      2.8642244850656278
25      2.8642244850656278
26      2.8642244850656278
27      2.8642244850656278
28      2.8272678361615
29      2.8214367526900146
30      2.8214367526900146
31      2.8214367526900146
32      2.8214367526900146
33      2.8214367526900146
34      2.8214367526900146
35      2.8214367526900146
36      2.8214367526900146
37      0.4233151288481216
38      0.4233151288481216
39      0.4233151288481216
40      0.4233151288481216
41      0.4233151288481216
42      0.4233151288481216
43      0.4233151288481216
44      0.4233151288481216
45      0.4233151288481216
46      0.4233151288481216
47      0.4233151288481216
48      0.4233151288481216
49      0.4233151288481216
50      0.4233151288481216
51      0.4233151288481216
52      0.4233151288481216
53      0.4233151288481216
54      0.4233151288481216
55      0.4233151288481216
56      0.297233016008774
57      0.297233016008774
58      0.297233016008774
59      0.297233016008774
60      0.297233016008774
61      0.297233016008774
62      0.297233016008774
63      0.297233016008774
64      0.297233016008774
65      0.297233016008774
66      0.297233016008774
67      0.297233016008774
68      0.297233016008774
69      0.297233016008774
70      0.297233016008774
71      0.291918437213145
72      0.291918437213145
73      0.291918437213145
74      0.291918437213145
75      0.291918437213145
76      0.291918437213145
77      0.291918437213145
78      0.291918437213145
79      0.291918437213145
80      0.291918437213145
81      0.291918437213145
82      0.291918437213145
83      0.291918437213145
84      0.291918437213145
85      0.291918437213145
86      0.291918437213145
87      0.291918437213145
88      0.291918437213145
89      0.291918437213145
90      0.291918437213145
91      0.291918437213145
92      0.291918437213145
93      0.291918437213145
94      0.20484453929538982
95      0.20484453929538982
96      0.20484453929538982
97      0.20484453929538982
98      0.20484453929538982
99      0.20484453929538982
100      0.20484453929538982
101      0.20484453929538982
102      0.20484453929538982
103      0.20484453929538982
104      0.20484453929538982
105      0.20484453929538982
106      0.20484453929538982
107      0.20484453929538982
108      0.20484453929538982
109      0.20484453929538982
110      0.20484453929538982
111      0.20484453929538982
112      0.20484453929538982
113      0.20484453929538982
114      0.20484453929538982
115      0.20484453929538982
116      0.20484453929538982
117      0.20484453929538982
118      0.20484453929538982
119      0.20484453929538982
120      0.20484453929538982
121      0.20484453929538982
122      0.20484453929538982
123      0.20484453929538982
124      0.20484453929538982
125      0.20484453929538982
126      0.20484453929538982
127      0.20484453929538982
128      0.20484453929538982
129      0.20484453929538982
130      0.20484453929538982
131      0.20484453929538982
132      0.20484453929538982
133      0.20484453929538982
134      0.20484453929538982
135      0.20484453929538982
136      0.20484453929538982
137      0.20484453929538982
138      0.20484453929538982
139      0.20484453929538982
140      0.10794463227867952
141      0.10794463227867952
142      0.10794463227867952
143      0.10794463227867952
144      0.10794463227867952
145      0.10794463227867952
146      0.10794463227867952
147      0.10794463227867952
148      0.10794463227867952
149      0.10794463227867952
150      0.10794463227867952
151      0.10794463227867952
152      0.03337425721553655
153      0.03337425721553655
154      0.03337425721553655
155      0.03337425721553655
156      0.03337425721553655
157      0.03337425721553655
158      0.03337425721553655
159      0.03337425721553655
160      0.03337425721553655
161      0.03337425721553655
162      0.03337425721553655
163      0.03337425721553655
164      0.03337425721553655
165      0.03337425721553655
166      0.03337425721553655
167      0.03337425721553655
168      0.03337425721553655
169      0.03337425721553655
170      0.03337425721553655
171      0.03337425721553655
172      0.03337425721553655
173      0.03337425721553655
174      0.03337425721553655
175      0.03337425721553655
176      0.03337425721553655
177      0.03337425721553655
178      0.03337425721553655
179      0.03337425721553655
180      0.03337425721553655
181      0.03337425721553655
182      0.03337425721553655
183      0.03337425721553655
184      0.03337425721553655
185      0.03337425721553655
186      0.03337425721553655
187      0.03337425721553655
188      0.03337425721553655
189      0.03337425721553655
190      0.03337425721553655
191      0.03337425721553655
192      0.03337425721553655
193      0.03337425721553655
194      0.03337425721553655
195      0.03337425721553655
196      0.03337425721553655
197      0.03337425721553655
198      0.03337425721553655
199      0.03337425721553655
200      0.03337425721553655
201      0.03337425721553655
202      0.03337425721553655
203      0.03337425721553655
204      0.03337425721553655
205      0.03337425721553655
206      0.03337425721553655
207      0.03337425721553655
208      0.03337425721553655
209      0.03337425721553655
210      0.03337425721553655
211      0.03337425721553655
212      0.03337425721553655
213      0.03337425721553655
214      0.03337425721553655
215      0.03337425721553655
216      0.03336814806800158
217      0.03336814806800158
218      0.03336814806800158
219      0.03336814806800158
220      0.03336814806800158
221      0.01632950710287214
222      0.01632950710287214
223      0.01632950710287214
224      0.01632950710287214
225      0.01632950710287214
226      0.01632950710287214
227      0.01632950710287214
228      0.01632950710287214
229      0.01632950710287214
230      0.01632950710287214
231      0.01632950710287214
232      0.01632950710287214
233      0.01632950710287214
234      0.01632950710287214
235      0.01632950710287214
236      0.01632950710287214
237      0.01632950710287214
238      0.01632950710287214
239      0.01632950710287214
240      0.01632950710287214
241      0.01632950710287214
242      0.01632950710287214
243      0.01632950710287214
244      0.01632950710287214
245      0.01632950710287214
246      0.01632950710287214
247      0.01632950710287214
248      0.01632950710287214
249      0.01632950710287214
250      0.01632950710287214
251      0.01632950710287214
252      0.01632950710287214
253      0.01632950710287214
254      0.01632950710287214
255      0.01632950710287214
256      0.012159028620480168
257      0.012159028620480168
258      0.012159028620480168
259      0.012159028620480168
260      0.010238159680992084
261      0.008933411651445034
262      0.008933411651445034
263      0.008933411651445034
264      0.008933411651445034
265      0.008933411651445034
266      0.008933411651445034
267      0.008933411651445034
268      0.008933411651445034
269      0.0046400877865295995
270      0.0046400877865295995
271      0.0046400877865295995
272      0.0046400877865295995
273      0.0046400877865295995
274      0.0046400877865295995
275      0.0046400877865295995
276      0.0046400877865295995
277      0.0046400877865295995
278      0.0046400877865295995
279      0.0046400877865295995
280      0.0046400877865295995
281      0.0046400877865295995
282      0.0046400877865295995
283      0.0046400877865295995
284      0.0046400877865295995
285      0.0046400877865295995
286      0.0046400877865295995
287      0.0046400877865295995
288      0.0046400877865295995
289      0.0046400877865295995
290      0.0046400877865295995
291      0.0046400877865295995
292      0.0028816963377796966
293      0.0021160351786315575
294      0.0021160351786315575
295      0.0021160351786315575
296      0.0021160351786315575
297      0.0021160351786315575
298      0.0021160351786315575
299      0.0021160351786315575
300      0.0021160351786315575
301      0.0021160351786315575
302      0.0021160351786315575
303      0.0016353716539176675
304      8.496856249852622E-4
305      8.496856249852622E-4
306      8.395344003613786E-4
307      8.395344003613786E-4
308      8.395344003613786E-4
309      6.060599045659019E-4
310      6.060599045659019E-4
311      6.060599045659019E-4
312      6.060599045659019E-4
313      6.060599045659019E-4
314      6.060599045659019E-4
315      6.060599045659019E-4
316      6.060599045659019E-4
317      5.321587078511758E-4
318      5.321587078511758E-4
319      5.321587078511758E-4
320      5.321587078511758E-4
321      5.321587078511758E-4
322      5.321587078511758E-4
323      5.321587078511758E-4
324      5.321587078511758E-4
325      5.321587078511758E-4
326      5.321587078511758E-4
327      5.321587078511758E-4
328      5.321587078511758E-4
329      5.321587078511758E-4
330      2.504764175865912E-4
331      2.504764175865912E-4
332      2.504764175865912E-4
333      2.504764175865912E-4
334      2.504764175865912E-4
335      1.7681912205702577E-4
336      1.7681912205702577E-4
337      1.7681912205702577E-4
338      1.7681912205702577E-4
339      1.7681912205702577E-4
340      1.7681912205702577E-4
341      1.7681912205702577E-4
342      1.7681912205702577E-4
343      1.7681912205702577E-4
344      1.7681912205702577E-4
345      1.7681912205702577E-4
346      1.7681912205702577E-4
347      1.7681912205702577E-4
348      1.7681912205702577E-4
349      1.7681912205702577E-4
350      1.7681912205702577E-4
351      1.7411528987311935E-4
352      1.7411528987311935E-4
353      1.7411528987311935E-4
354      1.7411528987311935E-4
355      1.7411528987311935E-4
356      1.7411528987311935E-4
357      1.7411528987311935E-4
358      1.7411528987311935E-4
359      1.7411528987311935E-4
360      6.068498777984215E-5
361      6.068498777984215E-5
362      6.068498777984215E-5
363      6.068498777984215E-5
364      6.068498777984215E-5
365      6.068498777984215E-5
366      6.068498777984215E-5
367      6.068498777984215E-5
368      6.068498777984215E-5
369      6.068498777984215E-5
370      6.068498777984215E-5
371      6.068498777984215E-5
372      6.068498777984215E-5
373      6.068498777984215E-5
374      6.068498777984215E-5
375      6.068498777984215E-5
376      6.068498777984215E-5
377      6.068498777984215E-5
378      6.068498777984215E-5
379      6.068498777984215E-5
380      6.068498777984215E-5
381      6.068498777984215E-5
382      6.068498777984215E-5
383      6.068498777984215E-5
384      6.068498777984215E-5
385      6.068498777984215E-5
386      4.785636443170322E-5
387      4.785636443170322E-5
388      4.785636443170322E-5
389      4.785636443170322E-5
390      3.126388804604759E-5
391      3.126388804604759E-5
392      3.126388804604759E-5
393      3.126388804604759E-5
394      3.126388804604759E-5
395      3.126388804604759E-5
396      3.126388804604759E-5
397      3.126388804604759E-5
398      3.126388804604759E-5
399      3.126388804604759E-5
400      3.126388804604759E-5
401      3.126388804604759E-5
402      3.126388804604759E-5
403      3.126388804604759E-5
404      3.126388804604759E-5
405      3.126388804604759E-5
406      3.126388804604759E-5
407      3.126388804604759E-5
408      3.126388804604759E-5
409      3.126388804604759E-5
410      3.126388804604759E-5
411      3.126388804604759E-5
412      3.126388804604759E-5
413      3.126388804604759E-5
414      3.126388804604759E-5
415      3.126388804604759E-5
416      3.126388804604759E-5
417      3.126388804604759E-5
418      3.126388804604759E-5
419      3.126388804604759E-5
420      3.126388804604759E-5
421      3.126388804604759E-5
422      3.126388804604759E-5
423      3.126388804604759E-5
424      3.126388804604759E-5
425      3.126388804604759E-5
426      3.126388804604759E-5
427      3.126388804604759E-5
428      2.5246574162083284E-5
429      2.2275296798073493E-5
430      2.2275296798073493E-5
431      2.2275296798073493E-5
432      2.2275296798073493E-5
433      2.2275296798073493E-5
434      2.2275296798073493E-5
435      2.2275296798073493E-5
436      2.2275296798073493E-5
437      2.1972552444485996E-5
438      1.848711105752705E-6
439      1.848711105752705E-6
440      1.848711105752705E-6
441      1.848711105752705E-6
442      1.848711105752705E-6
443      1.848711105752705E-6
444      1.848711105752705E-6
445      1.848711105752705E-6
446      1.848711105752705E-6
447      1.848711105752705E-6
448      1.848711105752705E-6
449      1.848711105752705E-6
450      1.848711105752705E-6
451      1.848711105752705E-6
452      1.848711105752705E-6
453      1.848711105752705E-6
454      1.7633286478867192E-6
455      1.7633286478867192E-6
456      1.7633286478867192E-6
457      1.7633286478867192E-6
458      6.158219136023791E-7
459      6.158219136023791E-7
460      2.8147545244964863E-7
461      2.8147545244964863E-7
462      2.8147545244964863E-7
463      2.210194530859887E-7
464      2.210194530859887E-7
465      2.210194530859887E-7
466      2.210194530859887E-7
467      2.210194530859887E-7
468      2.210194530859887E-7
469      2.210194530859887E-7
470      2.210194530859887E-7
471      3.0167966559172484E-8
472      3.0167966559172484E-8
473      3.0167966559172484E-8
474      3.0167966559172484E-8
475      3.0167966559172484E-8
476      3.0167966559172484E-8
477      3.0167966559172484E-8
478      3.0167966559172484E-8
479      3.0167966559172484E-8
480      3.0167966559172484E-8
481      3.0167966559172484E-8
482      3.0167966559172484E-8
483      3.0167966559172484E-8
484      3.0167966559172484E-8
485      3.0167966559172484E-8
486      3.0167966559172484E-8
487      3.0167966559172484E-8
488      3.0167966559172484E-8
489      3.0167966559172484E-8
490      3.0167966559172484E-8
491      3.0167966559172484E-8
492      3.0167966559172484E-8
493      3.0167966559172484E-8
494      3.0167966559172484E-8
495      3.0167966559172484E-8
496      3.0167966559172484E-8
497      3.0167966559172484E-8
498      3.0167966559172484E-8
499      3.0167966559172484E-8
500      3.0167966559172484E-8
501      3.0167966559172484E-8
502      3.0167966559172484E-8
503      3.0167966559172484E-8
504      3.0167966559172484E-8
505      3.0167966559172484E-8
506      3.0167966559172484E-8
507      3.0167966559172484E-8
508      3.0167966559172484E-8
509      3.0167966559172484E-8
510      3.0167966559172484E-8
511      1.8885495531504726E-8
512      1.8885495531504726E-8
513      1.8885495531504726E-8
514      1.8885495531504726E-8
515      1.8885495531504726E-8
516      1.8885495531504726E-8
517      1.8885495531504726E-8
518      5.884542444694097E-9
519      5.884542444694097E-9
520      5.884542444694097E-9
521      5.884542444694097E-9
522      2.899100071322497E-9
523      1.0214316347429077E-9
524      1.217951715747508E-10
525      1.217951715747508E-10
526      9.785924974050029E-11
527      9.785924974050029E-11
528      9.785924974050029E-11
529      9.785924974050029E-11
530      9.785924974050029E-11
531      9.785924974050029E-11
532      9.785924974050029E-11
533      9.785924974050029E-11
534      9.785924974050029E-11
535      9.785924974050029E-11
536      9.785924974050029E-11
537      9.785924974050029E-11
538      9.785924974050029E-11
539      9.785924974050029E-11
540      9.785924974050029E-11
541      9.785924974050029E-11
542      9.785924974050029E-11
543      9.785924974050029E-11
544      9.785924974050029E-11
545      9.785924974050029E-11
546      9.785924974050029E-11
547      9.785924974050029E-11
548      9.785924974050029E-11
549      9.785924974050029E-11
550      9.785924974050029E-11
551      9.785924974050029E-11
552      9.785924974050029E-11
553      9.785924974050029E-11
554      9.785924974050029E-11
555      7.595130581957722E-11
556      7.595130581957722E-11
557      7.595130581957722E-11
558      7.595130581957722E-11
559      7.595130581957722E-11
560      7.595130581957722E-11
561      7.595130581957722E-11
562      7.595130581957722E-11
563      7.595130581957722E-11
564      7.595130581957722E-11
565      7.581031280118858E-11
566      7.581031280118858E-11
567      6.495136930468117E-11
568      3.738807043026743E-11
569      3.738807043026743E-11
570      3.738807043026743E-11
571      3.7267062899174776E-11
572      3.7267062899174776E-11
573      1.9417406209086215E-11
574      1.9417406209086215E-11
575      1.9417406209086215E-11
576      1.9417406209086215E-11
577      1.9417406209086215E-11
578      1.9417406209086215E-11
579      1.9417406209086215E-11
580      1.9417406209086215E-11
581      1.9417406209086215E-11
582      1.9417406209086215E-11
583      8.94093449531115E-12
584      8.94093449531115E-12
585      8.94093449531115E-12
586      8.94093449531115E-12
587      8.94093449531115E-12
588      8.94093449531115E-12
589      8.94093449531115E-12
590      8.94093449531115E-12
591      8.94093449531115E-12
592      8.94093449531115E-12
593      8.94093449531115E-12
594      8.94093449531115E-12
595      8.94093449531115E-12
596      8.94093449531115E-12
597      8.94093449531115E-12
598      8.94093449531115E-12
599      8.94093449531115E-12
600      8.94093449531115E-12
601      8.94093449531115E-12
602      8.94093449531115E-12
603      8.94093449531115E-12
604      8.94093449531115E-12
605      8.94093449531115E-12
606      8.94093449531115E-12
607      8.94093449531115E-12
608      8.94093449531115E-12
609      8.94093449531115E-12
610      8.94093449531115E-12
611      8.94093449531115E-12
612      8.94093449531115E-12
613      8.94093449531115E-12
614      8.94093449531115E-12
615      8.94093449531115E-12
616      8.94093449531115E-12
617      8.94093449531115E-12
618      8.94093449531115E-12
619      6.94318729520947E-12
620      6.94318729520947E-12
621      6.94318729520947E-12
622      4.983839674622545E-12
623      4.983839674622545E-12
624      4.983839674622545E-12
625      4.983839674622545E-12
626      4.983839674622545E-12
627      4.983839674622545E-12
628      4.983839674622545E-12
629      4.559579370670698E-12
630      4.559579370670698E-12
631      4.559579370670698E-12
632      4.559579370670698E-12
633      4.559579370670698E-12
634      4.559579370670698E-12
635      4.559579370670698E-12
636      4.559579370670698E-12
637      4.559579370670698E-12
638      4.559579370670698E-12
639      4.559579370670698E-12
640      4.559579370670698E-12
641      4.559579370670698E-12
642      3.0053589252571916E-12
643      3.0053589252571916E-12
644      3.0053589252571916E-12
645      3.0053589252571916E-12
646      3.0053589252571916E-12
647      3.0053589252571916E-12
648      3.0053589252571916E-12
649      3.0053589252571916E-12
650      3.0053589252571916E-12
651      3.0053589252571916E-12
652      3.0053589252571916E-12
653      3.0053589252571916E-12
654      3.0053589252571916E-12
655      3.0053589252571916E-12
656      3.0053589252571916E-12
657      3.0053589252571916E-12
658      3.0053589252571916E-12
659      3.0053589252571916E-12
660      3.0053589252571916E-12
661      3.0053589252571916E-12
662      3.0053589252571916E-12
663      3.0053589252571916E-12
664      3.0053589252571916E-12
665      3.0053589252571916E-12
666      3.0053589252571916E-12
667      3.0053589252571916E-12
668      3.0053589252571916E-12
669      3.0053589252571916E-12
670      3.0053589252571916E-12
671      3.0053589252571916E-12
672      3.0053589252571916E-12
673      3.0053589252571916E-12
674      3.0053589252571916E-12
675      3.0053589252571916E-12
676      3.0053589252571916E-12
677      3.0053589252571916E-12
678      3.0053589252571916E-12
679      3.0053589252571916E-12
680      3.0053589252571916E-12
681      2.3384396785492374E-12
682      2.3384396785492374E-12
683      2.3384396785492374E-12
684      2.3384396785492374E-12
685      2.3384396785492374E-12
686      2.3384396785492374E-12
687      2.3384396785492374E-12
688      2.3384396785492374E-12
689      2.3384396785492374E-12
690      2.3384396785492374E-12
691      2.3384396785492374E-12
692      2.3384396785492374E-12
693      2.3384396785492374E-12
694      2.3384396785492374E-12
695      2.3384396785492374E-12
696      2.3384396785492374E-12
697      2.3384396785492374E-12
698      2.3384396785492374E-12
699      2.3384396785492374E-12
700      2.3384396785492374E-12
701      2.3384396785492374E-12
702      2.3384396785492374E-12
703      2.3384396785492374E-12
704      2.3384396785492374E-12
705      2.3384396785492374E-12
706      2.3384396785492374E-12
707      2.3384396785492374E-12
708      2.3384396785492374E-12
709      2.3384396785492374E-12
710      2.3384396785492374E-12
711      2.3384396785492374E-12
712      2.3384396785492374E-12
713      2.3384396785492374E-12
714      2.3384396785492374E-12
715      2.3384396785492374E-12
716      2.3384396785492374E-12
717      2.3384396785492374E-12
718      2.3384396785492374E-12
719      2.3384396785492374E-12
720      2.3384396785492374E-12
721      2.3384396785492374E-12
722      2.3384396785492374E-12
723      2.3384396785492374E-12
724      2.3384396785492374E-12
725      2.3384396785492374E-12
726      2.3384396785492374E-12
727      2.3384396785492374E-12
728      2.3384396785492374E-12
729      2.3384396785492374E-12
730      2.3384396785492374E-12
731      2.3384396785492374E-12
732      2.3384396785492374E-12
733      2.3384396785492374E-12
734      2.3384396785492374E-12
735      2.3384396785492374E-12
736      2.3384396785492374E-12
737      2.3384396785492374E-12
738      2.3384396785492374E-12
739      2.3384396785492374E-12
740      2.3384396785492374E-12
741      2.3384396785492374E-12
742      2.3384396785492374E-12
743      2.3384396785492374E-12
744      2.3384396785492374E-12
745      2.3384396785492374E-12
746      2.3384396785492374E-12
747      2.3384396785492374E-12
748      2.3384396785492374E-12
749      2.3384396785492374E-12
750      2.3384396785492374E-12
751      2.3384396785492374E-12
752      2.3384396785492374E-12
753      2.3384396785492374E-12
754      2.3384396785492374E-12
755      2.3384396785492374E-12
756      2.3384396785492374E-12
757      2.3384396785492374E-12
758      2.3384396785492374E-12
759      2.3384396785492374E-12
760      2.3384396785492374E-12
761      2.3384396785492374E-12
762      2.3384396785492374E-12
763      2.3384396785492374E-12
764      2.3384396785492374E-12
765      2.3384396785492374E-12
766      2.3384396785492374E-12
767      1.5451313341838152E-12
768      1.5451313341838152E-12
769      1.5451313341838152E-12
770      1.5451313341838152E-12
771      1.5451313341838152E-12
772      1.5451313341838152E-12
773      1.5451313341838152E-12
774      1.5451313341838152E-12
775      1.5451313341838152E-12
776      1.5451313341838152E-12
777      1.4017440288628997E-12
778      1.4017440288628997E-12
779      1.4017440288628997E-12
780      1.4017440288628997E-12
781      1.4017440288628997E-12
782      1.4017440288628997E-12
783      1.0419561283583051E-13
784      1.0419561283583051E-13
785      1.0419561283583051E-13
786      1.0419561283583051E-13
787      1.0419561283583051E-13
788      1.0419561283583051E-13
789      1.0419561283583051E-13
790      1.0419561283583051E-13
791      1.0419561283583051E-13
792      1.0419561283583051E-13
793      1.0419561283583051E-13
794      1.0419561283583051E-13
795      1.0419561283583051E-13
796      1.0419561283583051E-13
797      1.0419561283583051E-13
798      1.0419561283583051E-13
799      1.0419561283583051E-13
800      1.0419561283583051E-13
801      1.0419561283583051E-13
802      1.0419561283583051E-13
803      1.0419561283583051E-13
804      1.0419561283583051E-13
805      1.0419561283583051E-13
806      1.0419561283583051E-13
807      1.0419561283583051E-13
808      1.0419561283583051E-13
809      1.0419561283583051E-13
810      1.0419561283583051E-13
811      1.0419561283583051E-13
812      1.0419561283583051E-13
813      1.0419561283583051E-13
814      1.0419561283583051E-13
815      1.0419561283583051E-13
816      1.0419561283583051E-13
817      1.0419561283583051E-13
818      1.0419561283583051E-13
819      7.624276098332183E-14
820      7.624276098332183E-14
821      7.624276098332183E-14
822      7.624276098332183E-14
823      7.624276098332183E-14
824      7.624276098332183E-14
825      7.624276098332183E-14
826      7.624276098332183E-14
827      1.8476382613718892E-14
828      1.8476382613718892E-14
829      1.8476382613718892E-14
830      1.8476382613718892E-14
831      1.8476382613718892E-14
832      1.2953156321738795E-14
833      1.2953156321738795E-14
834      1.2953156321738795E-14
835      1.2953156321738795E-14
836      1.2953156321738795E-14
837      1.2953156321738795E-14
838      1.2953156321738795E-14
839      1.2953156321738795E-14
840      1.2953156321738795E-14
841      1.2953156321738795E-14
842      8.580312883651742E-15
843      8.580312883651742E-15
844      8.580312883651742E-15
845      8.580312883651742E-15
846      6.12414177253918E-15
847      6.12414177253918E-15
848      6.12414177253918E-15
849      6.12414177253918E-15
850      6.12414177253918E-15
851      6.12414177253918E-15
852      6.12414177253918E-15
853      6.12414177253918E-15
854      6.12414177253918E-15
855      6.12414177253918E-15
856      6.12414177253918E-15
857      2.0153097837792887E-15
858      2.0153097837792887E-15
859      1.5310660712031156E-15
860      1.5310660712031156E-15
861      1.5310660712031156E-15
862      1.5310660712031156E-15
863      2.8357155188579345E-16
864      2.8357155188579345E-16
865      2.8357155188579345E-16
866      2.8357155188579345E-16
867      2.8357155188579345E-16
868      2.8357155188579345E-16
869      2.8357155188579345E-16
870      2.8357155188579345E-16
871      2.8357155188579345E-16
872      2.8357155188579345E-16
873      2.8357155188579345E-16
874      2.8357155188579345E-16
875      2.8357155188579345E-16
876      2.8357155188579345E-16
877      2.8357155188579345E-16
878      2.8357155188579345E-16
879      2.8357155188579345E-16
880      2.8357155188579345E-16
881      1.1744076021699205E-16
882      1.1744076021699205E-16
883      1.1744076021699205E-16
884      1.1744076021699205E-16
885      1.1744076021699205E-16
886      1.1744076021699205E-16
887      1.1744076021699205E-16
888      1.1744076021699205E-16
889      1.1171945871093375E-16
890      1.1171945871093375E-16
891      1.1171945871093375E-16
892      6.30270900452045E-17
893      6.30270900452045E-17
894      6.30270900452045E-17
895      6.30270900452045E-17
896      6.30270900452045E-17
897      6.30270900452045E-17
898      6.30270900452045E-17
899      6.30270900452045E-17
900      6.30270900452045E-17
901      6.30270900452045E-17
902      6.30270900452045E-17
903      6.30270900452045E-17
904      6.30270900452045E-17
905      6.30270900452045E-17
906      6.30270900452045E-17
907      6.30270900452045E-17
908      6.30270900452045E-17
909      6.30270900452045E-17
910      6.30270900452045E-17
911      6.30270900452045E-17
912      6.30270900452045E-17
913      6.30270900452045E-17
914      6.30270900452045E-17
915      6.30270900452045E-17
916      6.30270900452045E-17
917      6.30270900452045E-17
918      6.30270900452045E-17
919      6.30270900452045E-17
920      6.30270900452045E-17
921      6.30270900452045E-17
922      6.30270900452045E-17
923      6.30270900452045E-17
924      6.30270900452045E-17
925      6.30270900452045E-17
926      6.30270900452045E-17
927      6.30270900452045E-17
928      6.30270900452045E-17
929      6.30270900452045E-17
930      6.30270900452045E-17
931      6.30270900452045E-17
932      6.30270900452045E-17
933      6.30270900452045E-17
934      6.30270900452045E-17
935      6.30270900452045E-17
936      6.30270900452045E-17
937      6.30270900452045E-17
938      6.30270900452045E-17
939      6.30270900452045E-17
940      6.30270900452045E-17
941      6.30270900452045E-17
942      6.30270900452045E-17
943      6.30270900452045E-17
944      6.30270900452045E-17
945      6.30270900452045E-17
946      6.30270900452045E-17
947      6.30270900452045E-17
948      6.30270900452045E-17
949      6.30270900452045E-17
950      6.30270900452045E-17
951      6.30270900452045E-17
952      6.30270900452045E-17
953      6.30270900452045E-17
954      6.30270900452045E-17
955      6.30270900452045E-17
956      6.30270900452045E-17
957      6.30270900452045E-17
958      6.30270900452045E-17
959      6.30270900452045E-17
960      6.30270900452045E-17
961      6.30270900452045E-17
962      6.30270900452045E-17
963      6.30270900452045E-17
964      6.30270900452045E-17
965      6.30270900452045E-17
966      6.30270900452045E-17
967      6.30270900452045E-17
968      6.30270900452045E-17
969      6.30270900452045E-17
970      6.30270900452045E-17
971      6.30270900452045E-17
972      6.30270900452045E-17
973      6.30270900452045E-17
974      6.30270900452045E-17
975      6.30270900452045E-17
976      6.30270900452045E-17
977      6.30270900452045E-17
978      6.30270900452045E-17
979      6.30270900452045E-17
980      6.30270900452045E-17
981      6.30270900452045E-17
982      6.30270900452045E-17
983      6.30270900452045E-17
984      6.30270900452045E-17
985      6.30270900452045E-17
986      6.30270900452045E-17
987      6.30270900452045E-17
988      6.30270900452045E-17
989      6.30270900452045E-17
990      6.30270900452045E-17
991      6.30270900452045E-17
992      6.30270900452045E-17
993      6.30270900452045E-17
994      6.30270900452045E-17
995      6.30270900452045E-17
996      6.30270900452045E-17
997      6.30270900452045E-17
998      6.30270900452045E-17
999      6.30270900452045E-17
