1      12.619336109696103
2      12.619336109696103
3      7.92718807144337
4      7.92718807144337
5      7.92718807144337
6      7.92718807144337
7      7.92718807144337
8      7.92718807144337
9      7.92718807144337
10      7.92718807144337
11      7.92718807144337
12      7.92718807144337
13      7.92718807144337
14      7.92718807144337
15      7.92718807144337
16      7.92718807144337
17      7.92718807144337
18      7.92718807144337
19      7.92718807144337
20      7.92718807144337
21      7.92718807144337
22      7.92718807144337
23      7.92718807144337
24      4.801742500677422
25      4.801742500677422
26      4.801742500677422
27      4.801742500677422
28      4.801742500677422
29      4.801742500677422
30      4.801742500677422
31      4.801742500677422
32      4.801742500677422
33      4.801742500677422
34      4.801742500677422
35      4.801742500677422
36      4.801742500677422
37      4.801742500677422
38      3.3754991512559127
39      3.3754991512559127
40      3.3754991512559127
41      2.9196571923577026
42      2.9196571923577026
43      1.7664688177339956
44      1.6073950041525735
45      0.6576670238891793
46      0.6576670238891793
47      0.6576670238891793
48      0.6576670238891793
49      0.40589952406007823
50      0.2717782172876181
51      4.186447838063994
52      0.19275238011609552
53      0.19275238011609552
54      0.19275238011609552
55      3.2192824098779913
56      3.2192824098779913
57      3.2192824098779913
58      3.2192824098779913
59      3.2192824098779913
60      3.2192824098779913
61      1.5944138199463906
62      1.5944138199463906
63      1.4863479365855246
64      1.4863479365855246
65      1.4863479365855246
66      0.5123900638254436
67      0.13438628333715408
68      0.07337587768272283
69      0.25506092952276166
70      0.25506092952276166
71      0.02235772482999414
72      0.02235772482999414
73      0.02235772482999414
74      0.02235772482999414
75      0.02235772482999414
76      0.02235772482999414
77      0.013248612080838785
78      0.013175916003960125
79      0.013175916003960125
80      0.013175916003960125
81      0.007347114931328064
82      0.007347114931328064
83      0.007347114931328064
84      0.007347114931328064
85      0.007347114931328064
86      0.007347114931328064
87      0.007347114931328064
88      0.007347114931328064
89      0.0016021502888368324
90      0.0016021502888368324
91      0.0016021502888368324
92      0.0016021502888368324
93      0.0016021502888368324
94      0.0016021502888368324
95      8.998252040008359E-4
96      8.998252040008359E-4
97      8.998252040008359E-4
98      8.998252040008359E-4
99      8.998252040008359E-4
100      8.998252040008359E-4
101      8.998252040008359E-4
102      8.998252040008359E-4
103      8.998252040008359E-4
104      8.998252040008359E-4
105      8.998252040008359E-4
106      8.998252040008359E-4
107      8.998252040008359E-4
108      8.998252040008359E-4
109      8.998252040008359E-4
110      8.998252040008359E-4
111      8.998252040008359E-4
112      8.998252040008359E-4
113      8.998252040008359E-4
114      8.998252040008359E-4
115      8.998252040008359E-4
116      8.998252040008359E-4
117      5.881470020831501E-4
118      5.881470020831501E-4
119      5.881470020831501E-4
120      5.881470020831501E-4
121      5.762555391310951E-4
122      5.762555391310951E-4
123      5.762555391310951E-4
124      5.762555391310951E-4
125      5.762555391310951E-4
126      5.762555391310951E-4
127      5.762555391310951E-4
128      5.762555391310951E-4
129      5.762555391310951E-4
130      5.762555391310951E-4
131      5.762555391310951E-4
132      5.762555391310951E-4
133      4.631760763393657E-4
134      4.631760763393657E-4
135      4.631760763393657E-4
136      4.631760763393657E-4
137      4.631760763393657E-4
138      4.631760763393657E-4
139      4.3010021382370916E-4
140      3.499900836431704E-4
141      2.932011890548364E-4
142      2.932011890548364E-4
143      2.932011890548364E-4
144      2.3138917681380544E-4
145      2.941630479480994E-5
146      2.1847860602916495E-5
147      2.1847860602916495E-5
148      1.754521741721818E-5
149      5.723680165512028E-6
150      3.530852958431454E-6
151      3.530852958431454E-6
152      3.530852958431454E-6
153      2.7010892726295732E-6
154      2.7010892726295732E-6
155      1.8671703073950348E-6
156      1.8671703073950348E-6
157      1.8671703073950348E-6
158      1.8671703073950348E-6
159      1.8671703073950348E-6
160      2.582300381513601E-7
161      2.582300381513601E-7
162      2.582300381513601E-7
163      2.582300381513601E-7
164      2.582300381513601E-7
165      2.582300381513601E-7
166      2.582300381513601E-7
167      2.582300381513601E-7
168      2.582300381513601E-7
169      2.582300381513601E-7
170      2.582300381513601E-7
171      2.582300381513601E-7
172      2.582300381513601E-7
173      2.582300381513601E-7
174      2.582300381513601E-7
175      2.3803737565529279E-7
176      2.3803737565529279E-7
177      2.3803737565529279E-7
178      2.3803737565529279E-7
179      2.3803737565529279E-7
180      2.3803737565529279E-7
181      2.3803737565529279E-7
182      2.3803737565529279E-7
183      1.320188620658129E-7
184      1.320188620658129E-7
185      1.320188620658129E-7
186      1.320188620658129E-7
187      1.320188620658129E-7
188      7.414785139432908E-8
189      7.414785139432908E-8
190      7.414785139432908E-8
191      7.354146442843124E-8
192      7.354146442843124E-8
193      7.354146442843124E-8
194      7.354146442843124E-8
195      7.354146442843124E-8
196      7.354146442843124E-8
197      7.354146442843124E-8
198      6.244317028884232E-8
199      6.244317028884232E-8
200      6.244317028884232E-8
201      3.449377811390835E-8
202      3.449377811390835E-8
203      3.449377811390835E-8
204      3.4094741394336435E-8
205      3.4094741394336435E-8
206      3.4094741394336435E-8
207      3.4094741394336435E-8
208      3.4094741394336435E-8
209      3.4094741394336435E-8
210      3.4094741394336435E-8
211      3.4094741394336435E-8
212      3.4094741394336435E-8
213      3.022608951964739E-8
214      1.1927555117030998E-8
215      1.1927555117030998E-8
216      1.0068757791367169E-8
217      1.0068757791367169E-8
218      1.0068757791367169E-8
219      1.0068757791367169E-8
220      1.0068757791367169E-8
221      1.0068757791367169E-8
222      1.0068757791367169E-8
223      1.0068757791367169E-8
224      1.0068757791367169E-8
225      6.341519443519906E-9
226      6.341519443519906E-9
227      6.341519443519906E-9
228      6.341519443519906E-9
229      6.341519443519906E-9
230      6.341519443519906E-9
231      6.341519443519906E-9
232      6.341519443519906E-9
233      6.341519443519906E-9
234      6.341519443519906E-9
235      6.341519443519906E-9
236      5.805561425472026E-9
237      5.805561425472026E-9
238      5.805561425472026E-9
239      5.805561425472026E-9
240      5.805561425472026E-9
241      5.805561425472026E-9
242      5.805561425472026E-9
243      5.805561425472026E-9
244      5.805561425472026E-9
245      5.805561425472026E-9
246      5.805561425472026E-9
247      5.805561425472026E-9
248      5.805561425472026E-9
249      5.805561425472026E-9
250      5.805561425472026E-9
251      5.805561425472026E-9
252      5.805561425472026E-9
253      5.805561425472026E-9
254      5.805561425472026E-9
255      5.805561425472026E-9
256      5.805561425472026E-9
257      5.805561425472026E-9
258      5.805561425472026E-9
259      5.805561425472026E-9
260      5.805561425472026E-9
261      5.805561425472026E-9
262      5.805561425472026E-9
263      5.805561425472026E-9
264      5.805561425472026E-9
265      5.805561425472026E-9
266      5.805561425472026E-9
267      3.589044061948939E-10
268      3.589044061948939E-10
269      3.589044061948939E-10
270      3.589044061948939E-10
271      3.589044061948939E-10
272      3.589044061948939E-10
273      3.589044061948939E-10
274      3.589044061948939E-10
275      3.589044061948939E-10
276      3.563092818760629E-10
277      3.563092818760629E-10
278      3.563092818760629E-10
279      3.563092818760629E-10
280      3.563092818760629E-10
281      3.563092818760629E-10
282      3.563092818760629E-10
283      3.563092818760629E-10
284      3.563092818760629E-10
285      3.563092818760629E-10
286      3.563092818760629E-10
287      3.563092818760629E-10
288      3.563092818760629E-10
289      3.563092818760629E-10
290      3.563092818760629E-10
291      3.563092818760629E-10
292      3.563092818760629E-10
293      3.563092818760629E-10
294      3.563092818760629E-10
295      3.563092818760629E-10
296      3.563092818760629E-10
297      3.563092818760629E-10
298      3.563092818760629E-10
299      3.563092818760629E-10
300      3.563092818760629E-10
301      3.563092818760629E-10
302      3.1177198408343627E-12
303      3.1177198408343627E-12
304      3.1177198408343627E-12
305      3.1177198408343627E-12
306      3.1177198408343627E-12
307      3.1177198408343627E-12
308      3.1177198408343627E-12
309      3.1177198408343627E-12
310      3.1177198408343627E-12
311      3.1177198408343627E-12
312      3.1177198408343627E-12
313      3.1177198408343627E-12
314      3.1177198408343627E-12
315      3.1177198408343627E-12
316      3.1177198408343627E-12
317      3.1177198408343627E-12
318      3.1177198408343627E-12
319      3.1177198408343627E-12
320      3.1177198408343627E-12
321      3.1177198408343627E-12
322      3.1177198408343627E-12
323      3.1177198408343627E-12
324      3.1177198408343627E-12
325      3.1177198408343627E-12
326      3.1177198408343627E-12
327      3.1177198408343627E-12
328      3.1177198408343627E-12
329      3.1177198408343627E-12
330      3.1177198408343627E-12
331      3.1177198408343627E-12
332      3.1177198408343627E-12
333      3.1177198408343627E-12
334      3.1177198408343627E-12
335      3.1177198408343627E-12
336      3.1177198408343627E-12
337      3.1177198408343627E-12
338      3.1177198408343627E-12
339      3.1177198408343627E-12
340      3.1177198408343627E-12
341      3.1177198408343627E-12
342      3.1177198408343627E-12
343      3.1177198408343627E-12
344      3.1177198408343627E-12
345      3.1177198408343627E-12
346      3.1177198408343627E-12
347      3.1177198408343627E-12
348      3.1177198408343627E-12
349      3.1177198408343627E-12
350      3.1177198408343627E-12
351      3.1177198408343627E-12
352      3.1177198408343627E-12
353      3.1177198408343627E-12
354      3.1177198408343627E-12
355      3.1177198408343627E-12
356      3.1177198408343627E-12
357      3.1177198408343627E-12
358      3.1177198408343627E-12
359      3.1177198408343627E-12
360      3.1177198408343627E-12
361      3.1177198408343627E-12
362      3.1177198408343627E-12
363      3.1177198408343627E-12
364      3.1177198408343627E-12
365      3.1177198408343627E-12
366      3.1177198408343627E-12
367      3.1177198408343627E-12
368      3.1177198408343627E-12
369      3.1177198408343627E-12
370      3.1177198408343627E-12
371      3.1177198408343627E-12
372      3.1177198408343627E-12
373      3.1177198408343627E-12
374      3.1177198408343627E-12
375      3.1177198408343627E-12
376      3.1177198408343627E-12
377      3.1177198408343627E-12
378      3.1177198408343627E-12
379      3.1177198408343627E-12
380      3.1177198408343627E-12
381      3.1177198408343627E-12
382      3.1177198408343627E-12
383      3.1177198408343627E-12
384      3.1177198408343627E-12
385      3.1177198408343627E-12
386      3.1177198408343627E-12
387      3.1177198408343627E-12
388      3.1177198408343627E-12
389      3.1177198408343627E-12
390      3.1177198408343627E-12
391      3.1177198408343627E-12
392      3.1177198408343627E-12
393      3.1177198408343627E-12
394      3.1177198408343627E-12
395      3.1177198408343627E-12
396      3.1177198408343627E-12
397      3.1177198408343627E-12
398      3.1177198408343627E-12
399      3.1177198408343627E-12
400      3.1177198408343627E-12
401      3.1177198408343627E-12
402      3.1177198408343627E-12
403      3.2770570513958807E-12
404      3.2770570513958807E-12
405      3.2770570513958807E-12
406      3.2770570513958807E-12
407      3.2770570513958807E-12
408      3.2770570513958807E-12
409      3.2770570513958807E-12
410      3.2770570513958807E-12
411      3.2770570513958807E-12
412      3.2770570513958807E-12
413      3.2770570513958807E-12
414      3.2770570513958807E-12
415      3.2770570513958807E-12
416      3.2770570513958807E-12
417      3.2770570513958807E-12
418      3.2770570513958807E-12
419      3.2770570513958807E-12
420      3.2770570513958807E-12
421      3.2770570513958807E-12
422      3.2770570513958807E-12
423      3.2770570513958807E-12
424      3.2770570513958807E-12
425      3.2770570513958807E-12
426      3.2770570513958807E-12
427      3.2770570513958807E-12
428      3.2770570513958807E-12
429      3.2770570513958807E-12
430      3.2770570513958807E-12
431      3.2770570513958807E-12
432      3.2770570513958807E-12
433      3.2770570513958807E-12
434      3.2770570513958807E-12
435      3.2770570513958807E-12
436      3.2770570513958807E-12
437      3.2770570513958807E-12
438      3.2770570513958807E-12
439      3.2770570513958807E-12
440      3.2770570513958807E-12
441      3.2770570513958807E-12
442      3.2770570513958807E-12
443      3.2770570513958807E-12
444      3.2770570513958807E-12
445      3.2770570513958807E-12
446      3.2770570513958807E-12
447      3.2770570513958807E-12
448      3.2770570513958807E-12
449      3.2770570513958807E-12
450      3.2770570513958807E-12
451      3.2770570513958807E-12
452      3.2770570513958807E-12
453      3.2770570513958807E-12
454      3.2770570513958807E-12
455      3.2770570513958807E-12
456      3.2770570513958807E-12
457      3.2770570513958807E-12
458      3.2770570513958807E-12
459      3.2770570513958807E-12
460      3.2770570513958807E-12
461      3.2770570513958807E-12
462      3.2770570513958807E-12
463      3.2770570513958807E-12
464      3.2770570513958807E-12
465      3.2770570513958807E-12
466      3.2770570513958807E-12
467      3.2770570513958807E-12
468      3.2770570513958807E-12
469      3.2770570513958807E-12
470      3.2770570513958807E-12
471      3.2770570513958807E-12
472      3.2770570513958807E-12
473      3.2770570513958807E-12
474      3.2770570513958807E-12
475      3.2770570513958807E-12
476      3.2770570513958807E-12
477      3.2770570513958807E-12
478      3.2770570513958807E-12
479      3.2770570513958807E-12
480      3.2770570513958807E-12
481      3.2770570513958807E-12
482      3.2770570513958807E-12
483      3.2770570513958807E-12
484      3.2770570513958807E-12
485      3.2770570513958807E-12
486      3.2770570513958807E-12
487      3.2770570513958807E-12
488      3.2770570513958807E-12
489      3.2770570513958807E-12
490      3.2770570513958807E-12
491      3.2770570513958807E-12
492      3.2770570513958807E-12
493      3.2770570513958807E-12
494      3.2770570513958807E-12
495      3.2770570513958807E-12
496      3.2770570513958807E-12
497      3.2770570513958807E-12
498      3.2770570513958807E-12
499      3.2770570513958807E-12
500      3.2770570513958807E-12
501      3.2770570513958807E-12
502      3.2770570513958807E-12
503      3.2770570513958807E-12
504      3.2770570513958807E-12
505      3.2770570513958807E-12
506      3.2770570513958807E-12
507      3.2770570513958807E-12
508      3.2770570513958807E-12
509      3.2770570513958807E-12
510      3.2770570513958807E-12
511      3.2770570513958807E-12
512      3.2770570513958807E-12
513      3.2770570513958807E-12
514      3.2770570513958807E-12
515      3.2770570513958807E-12
516      3.2770570513958807E-12
517      3.2770570513958807E-12
518      3.2770570513958807E-12
519      3.2770570513958807E-12
520      3.2770570513958807E-12
521      3.2770570513958807E-12
522      3.2770570513958807E-12
523      3.2770570513958807E-12
524      3.2770570513958807E-12
525      3.2770570513958807E-12
526      3.2770570513958807E-12
527      3.2770570513958807E-12
528      3.203736335039837E-12
529      3.203736335039837E-12
530      3.203736335039837E-12
531      3.203736335039837E-12
532      3.203736335039837E-12
533      3.203736335039837E-12
534      3.203736335039837E-12
535      3.203736335039837E-12
536      3.203736335039837E-12
537      3.203736335039837E-12
538      3.203736335039837E-12
539      3.203736335039837E-12
540      3.203736335039837E-12
541      3.203736335039837E-12
542      3.203736335039837E-12
543      3.203736335039837E-12
544      3.203736335039837E-12
545      3.203736335039837E-12
546      3.203736335039837E-12
547      3.203736335039837E-12
548      3.203736335039837E-12
549      3.203736335039837E-12
550      3.203736335039837E-12
551      3.203736335039837E-12
552      3.203736335039837E-12
553      3.203736335039837E-12
554      3.203736335039837E-12
555      3.203736335039837E-12
556      3.203736335039837E-12
557      3.203736335039837E-12
558      3.203736335039837E-12
559      3.203736335039837E-12
560      3.203736335039837E-12
561      3.203736335039837E-12
562      3.203736335039837E-12
563      3.203736335039837E-12
564      3.203736335039837E-12
565      3.203736335039837E-12
566      3.203736335039837E-12
567      3.203736335039837E-12
568      3.203736335039837E-12
569      3.203736335039837E-12
570      3.203736335039837E-12
571      3.203736335039837E-12
572      3.203736335039837E-12
573      3.203736335039837E-12
574      3.203736335039837E-12
575      3.203736335039837E-12
576      3.203736335039837E-12
577      3.203736335039837E-12
578      3.203736335039837E-12
579      3.203736335039837E-12
580      3.203736335039837E-12
581      3.203736335039837E-12
582      3.203736335039837E-12
583      3.203736335039837E-12
584      3.203736335039837E-12
585      3.203736335039837E-12
586      3.203736335039837E-12
587      3.203736335039837E-12
588      3.203736335039837E-12
589      3.203736335039837E-12
590      3.203736335039837E-12
591      3.203736335039837E-12
592      3.203736335039837E-12
593      3.203736335039837E-12
594      3.203736335039837E-12
595      3.203736335039837E-12
596      3.203736335039837E-12
597      3.203736335039837E-12
598      3.203736335039837E-12
599      3.203736335039837E-12
600      3.203736335039837E-12
601      3.203736335039837E-12
602      3.203736335039837E-12
603      3.203736335039837E-12
604      3.203736335039837E-12
605      3.203736335039837E-12
606      3.203736335039837E-12
607      3.203736335039837E-12
608      3.203736335039837E-12
609      3.203736335039837E-12
610      3.203736335039837E-12
611      3.203736335039837E-12
612      3.203736335039837E-12
613      3.203736335039837E-12
614      3.203736335039837E-12
615      3.203736335039837E-12
616      3.203736335039837E-12
617      3.203736335039837E-12
618      3.203736335039837E-12
619      3.203736335039837E-12
620      3.203736335039837E-12
621      3.203736335039837E-12
622      3.203736335039837E-12
623      3.203736335039837E-12
624      3.203736335039837E-12
625      3.203736335039837E-12
626      3.203736335039837E-12
627      3.203736335039837E-12
628      3.203736335039837E-12
629      3.203736335039837E-12
630      3.203736335039837E-12
631      3.203736335039837E-12
632      3.203736335039837E-12
633      3.203736335039837E-12
634      3.203736335039837E-12
635      3.203736335039837E-12
636      3.203736335039837E-12
637      3.203736335039837E-12
638      3.203736335039837E-12
639      3.203736335039837E-12
640      3.203736335039837E-12
641      3.203736335039837E-12
642      3.203736335039837E-12
643      3.203736335039837E-12
644      3.203736335039837E-12
645      3.203736335039837E-12
646      3.203736335039837E-12
647      3.203736335039837E-12
648      3.203736335039837E-12
649      3.203736335039837E-12
650      3.203736335039837E-12
651      3.203736335039837E-12
652      3.203736335039837E-12
653      3.203736335039837E-12
654      3.203736335039837E-12
655      3.203736335039837E-12
656      3.203736335039837E-12
657      3.203736335039837E-12
658      3.203736335039837E-12
659      3.203736335039837E-12
660      3.203736335039837E-12
661      3.203736335039837E-12
662      3.203736335039837E-12
663      3.203736335039837E-12
664      3.203736335039837E-12
665      3.203736335039837E-12
666      3.203736335039837E-12
667      3.203736335039837E-12
668      3.203736335039837E-12
669      3.203736335039837E-12
670      3.203736335039837E-12
671      3.203736335039837E-12
672      3.203736335039837E-12
673      3.203736335039837E-12
674      3.203736335039837E-12
675      3.203736335039837E-12
676      3.203736335039837E-12
677      3.203736335039837E-12
678      3.203736335039837E-12
679      3.203736335039837E-12
680      3.203736335039837E-12
681      3.203736335039837E-12
682      3.203736335039837E-12
683      3.203736335039837E-12
684      3.203736335039837E-12
685      3.203736335039837E-12
686      3.3358937077343527E-12
687      3.3358937077343527E-12
688      3.3358937077343527E-12
689      3.3358937077343527E-12
690      3.3358937077343527E-12
691      3.3358937077343527E-12
692      3.3358937077343527E-12
693      3.3358937077343527E-12
694      3.3358937077343527E-12
695      3.3358937077343527E-12
696      3.3358937077343527E-12
697      3.3358937077343527E-12
698      3.3358937077343527E-12
699      3.3358937077343527E-12
700      3.3358937077343527E-12
701      3.3358937077343527E-12
702      3.3358937077343527E-12
703      3.3358937077343527E-12
704      3.3358937077343527E-12
705      3.3358937077343527E-12
706      3.3358937077343527E-12
707      3.3358937077343527E-12
708      3.3358937077343527E-12
709      3.3358937077343527E-12
710      3.3358937077343527E-12
711      3.3358937077343527E-12
712      3.3358937077343527E-12
713      3.3358937077343527E-12
714      3.3358937077343527E-12
715      3.3358937077343527E-12
716      3.3358937077343527E-12
717      3.3358937077343527E-12
718      3.3358937077343527E-12
719      3.3358937077343527E-12
720      3.3358937077343527E-12
721      3.3358937077343527E-12
722      3.3358937077343527E-12
723      3.3358937077343527E-12
724      3.3358937077343527E-12
725      3.3358937077343527E-12
726      3.3358937077343527E-12
727      3.3358937077343527E-12
728      3.3358937077343527E-12
729      3.3358937077343527E-12
730      3.3358937077343527E-12
731      3.3358937077343527E-12
732      3.3358937077343527E-12
733      3.3358937077343527E-12
734      3.3358937077343527E-12
735      3.3358937077343527E-12
736      3.3358937077343527E-12
737      3.3358937077343527E-12
738      3.3358937077343527E-12
739      3.3358937077343527E-12
740      3.3358937077343527E-12
741      3.3358937077343527E-12
742      3.3358937077343527E-12
743      3.3358937077343527E-12
744      3.3358937077343527E-12
745      3.3358937077343527E-12
746      3.3358937077343527E-12
747      3.3358937077343527E-12
748      3.3358937077343527E-12
749      3.3358937077343527E-12
750      3.3358937077343527E-12
751      3.3358937077343527E-12
752      3.3358937077343527E-12
753      3.3358937077343527E-12
754      3.3358937077343527E-12
755      3.3358937077343527E-12
756      3.3358937077343527E-12
757      3.3358937077343527E-12
758      3.3358937077343527E-12
759      3.3358937077343527E-12
760      3.3358937077343527E-12
761      3.3358937077343527E-12
762      3.3358937077343527E-12
763      3.3358937077343527E-12
764      3.3358937077343527E-12
765      3.3358937077343527E-12
766      3.3358937077343527E-12
767      3.3358937077343527E-12
768      3.3358937077343527E-12
769      3.3358937077343527E-12
770      3.3358937077343527E-12
771      3.3358937077343527E-12
772      3.3358937077343527E-12
773      3.3358937077343527E-12
774      3.3358937077343527E-12
775      3.3358937077343527E-12
776      3.3358937077343527E-12
777      3.3358937077343527E-12
778      3.3358937077343527E-12
779      3.3358937077343527E-12
780      3.3358937077343527E-12
781      3.3358937077343527E-12
782      3.3358937077343527E-12
783      3.3358937077343527E-12
784      3.3358937077343527E-12
785      3.3358937077343527E-12
786      3.3358937077343527E-12
787      3.3358937077343527E-12
788      3.3358937077343527E-12
789      3.3358937077343527E-12
790      3.3358937077343527E-12
791      3.3358937077343527E-12
792      3.3358937077343527E-12
793      3.3358937077343527E-12
794      3.3358937077343527E-12
795      3.3358937077343527E-12
796      3.3358937077343527E-12
797      3.3358937077343527E-12
798      3.3358937077343527E-12
799      3.3358937077343527E-12
800      3.3358937077343527E-12
801      3.3358937077343527E-12
802      3.3358937077343527E-12
803      3.3358937077343527E-12
804      3.3358937077343527E-12
805      3.3358937077343527E-12
806      3.3358937077343527E-12
807      3.3358937077343527E-12
808      3.3358937077343527E-12
809      3.3358937077343527E-12
810      3.3358937077343527E-12
811      3.3358937077343527E-12
812      3.3358937077343527E-12
813      3.3358937077343527E-12
814      3.3358937077343527E-12
815      3.3358937077343527E-12
816      3.3358937077343527E-12
817      3.3358937077343527E-12
818      3.3358937077343527E-12
819      3.3358937077343527E-12
820      3.3358937077343527E-12
821      3.3358937077343527E-12
822      3.3358937077343527E-12
823      3.3358937077343527E-12
824      3.3358937077343527E-12
825      3.3358937077343527E-12
826      3.3358937077343527E-12
827      3.3358937077343527E-12
828      3.3358937077343527E-12
829      3.3358937077343527E-12
830      3.3358937077343527E-12
831      3.3358937077343527E-12
832      3.3358937077343527E-12
833      3.3358937077343527E-12
834      3.3358937077343527E-12
835      3.3358937077343527E-12
836      3.3358937077343527E-12
837      3.3358937077343527E-12
838      3.3358937077343527E-12
839      3.3358937077343527E-12
840      3.3358937077343527E-12
841      3.3358937077343527E-12
842      3.3358937077343527E-12
843      3.3358937077343527E-12
844      3.3358937077343527E-12
845      3.3358937077343527E-12
846      3.3358937077343527E-12
847      3.3358937077343527E-12
848      3.3358937077343527E-12
849      3.3358937077343527E-12
850      3.3358937077343527E-12
851      3.3358937077343527E-12
852      3.3358937077343527E-12
853      3.3358937077343527E-12
854      3.3358937077343527E-12
855      3.3358937077343527E-12
856      3.3358937077343527E-12
857      3.3358937077343527E-12
858      3.3358937077343527E-12
859      3.3358937077343527E-12
860      3.3358937077343527E-12
861      3.3358937077343527E-12
862      3.3358937077343527E-12
863      3.3358937077343527E-12
864      3.3358937077343527E-12
865      3.3358937077343527E-12
866      3.3358937077343527E-12
867      3.3358937077343527E-12
868      3.3358937077343527E-12
869      3.3358937077343527E-12
870      3.3358937077343527E-12
871      3.3358937077343527E-12
872      3.3358937077343527E-12
873      3.3358937077343527E-12
874      3.3358937077343527E-12
875      3.3358937077343527E-12
876      3.3358937077343527E-12
877      3.3358937077343527E-12
878      3.3358937077343527E-12
879      3.3358937077343527E-12
880      3.3358937077343527E-12
881      3.3358937077343527E-12
882      3.4339299343177668E-12
883      3.4339299343177668E-12
884      3.4339299343177668E-12
885      3.4339299343177668E-12
886      3.4339299343177668E-12
887      3.4339299343177668E-12
888      3.4339299343177668E-12
889      3.4339299343177668E-12
890      3.4339299343177668E-12
891      3.4339299343177668E-12
892      3.4339299343177668E-12
893      3.4339299343177668E-12
894      3.4339299343177668E-12
895      3.4339299343177668E-12
896      3.4339299343177668E-12
897      3.4339299343177668E-12
898      3.4339299343177668E-12
899      3.4339299343177668E-12
900      3.4339299343177668E-12
901      3.4339299343177668E-12
902      3.4339299343177668E-12
903      3.4339299343177668E-12
904      3.4339299343177668E-12
905      3.4339299343177668E-12
906      3.4339299343177668E-12
907      3.4339299343177668E-12
908      3.4339299343177668E-12
909      3.4339299343177668E-12
910      3.4339299343177668E-12
911      3.4339299343177668E-12
912      3.4339299343177668E-12
913      3.4339299343177668E-12
914      3.4339299343177668E-12
915      3.4339299343177668E-12
916      3.4339299343177668E-12
917      3.4339299343177668E-12
918      3.4339299343177668E-12
919      3.4339299343177668E-12
920      3.4339299343177668E-12
921      3.4339299343177668E-12
922      3.4339299343177668E-12
923      3.4339299343177668E-12
924      3.4339299343177668E-12
925      3.4339299343177668E-12
926      3.4339299343177668E-12
927      3.4339299343177668E-12
928      3.4339299343177668E-12
929      3.4339299343177668E-12
930      3.4339299343177668E-12
931      3.4339299343177668E-12
932      3.4339299343177668E-12
933      3.4339299343177668E-12
934      3.4339299343177668E-12
935      3.4339299343177668E-12
936      3.4339299343177668E-12
937      3.4339299343177668E-12
938      3.4339299343177668E-12
939      3.4339299343177668E-12
940      3.4339299343177668E-12
941      3.4339299343177668E-12
942      3.4339299343177668E-12
943      3.4339299343177668E-12
944      3.4339299343177668E-12
945      3.4339299343177668E-12
946      3.4339299343177668E-12
947      3.4339299343177668E-12
948      3.4339299343177668E-12
949      3.4339299343177668E-12
950      3.4339299343177668E-12
951      3.4339299343177668E-12
952      3.4339299343177668E-12
953      3.4339299343177668E-12
954      3.4339299343177668E-12
955      3.4339299343177668E-12
956      3.4339299343177668E-12
957      3.4339299343177668E-12
958      3.4339299343177668E-12
959      3.4339299343177668E-12
960      3.4339299343177668E-12
961      3.4339299343177668E-12
962      3.4339299343177668E-12
963      3.4339299343177668E-12
964      3.4339299343177668E-12
965      3.4339299343177668E-12
966      3.4339299343177668E-12
967      3.4339299343177668E-12
968      3.4339299343177668E-12
969      3.4339299343177668E-12
970      3.4339299343177668E-12
971      3.4339299343177668E-12
972      3.4339299343177668E-12
973      3.4339299343177668E-12
974      3.4339299343177668E-12
975      3.4339299343177668E-12
976      3.4339299343177668E-12
977      3.4339299343177668E-12
978      3.4339299343177668E-12
979      3.4339299343177668E-12
980      3.4339299343177668E-12
981      3.4339299343177668E-12
982      3.4339299343177668E-12
983      3.4339299343177668E-12
984      3.4339299343177668E-12
985      3.4339299343177668E-12
986      3.4339299343177668E-12
987      3.4339299343177668E-12
988      3.4339299343177668E-12
989      3.4339299343177668E-12
990      3.4339299343177668E-12
991      3.4339299343177668E-12
992      3.4339299343177668E-12
993      3.4339299343177668E-12
994      3.4339299343177668E-12
995      3.4339299343177668E-12
996      3.4339299343177668E-12
997      3.4339299343177668E-12
998      3.4339299343177668E-12
999      3.4339299343177668E-12
