1      22.837943695435804
2      12.50253382420354
3      8.825077003644086
4      8.825077003644086
5      8.825077003644086
6      8.825077003644086
7      8.825077003644086
8      8.825077003644086
9      2.668200595321633
10      2.668200595321633
11      2.668200595321633
12      2.668200595321633
13      2.668200595321633
14      2.668200595321633
15      2.668200595321633
16      2.668200595321633
17      2.668200595321633
18      2.668200595321633
19      2.668200595321633
20      2.668200595321633
21      2.668200595321633
22      2.668200595321633
23      2.668200595321633
24      2.668200595321633
25      2.668200595321633
26      2.668200595321633
27      2.668200595321633
28      2.668200595321633
29      2.668200595321633
30      2.668200595321633
31      2.668200595321633
32      2.668200595321633
33      2.668200595321633
34      2.668200595321633
35      2.668200595321633
36      2.6715115498104796
37      2.6715115498104796
38      2.6715115498104796
39      2.6715115498104796
40      2.6715115498104796
41      2.6715115498104796
42      2.6715115498104796
43      2.6715115498104796
44      2.6715115498104796
45      2.6715115498104796
46      2.6715115498104796
47      2.6715115498104796
48      2.6715115498104796
49      2.6715115498104796
50      2.6715115498104796
51      2.6715115498104796
52      2.6715115498104796
53      2.6715115498104796
54      2.6715115498104796
55      0.7734127945927766
56      0.7734127945927766
57      0.7734127945927766
58      0.7734127945927766
59      0.7734127945927766
60      0.7734127945927766
61      0.7734127945927766
62      0.7734127945927766
63      0.7734127945927766
64      0.7734127945927766
65      0.7734127945927766
66      0.7734127945927766
67      0.7734127945927766
68      0.7734127945927766
69      0.7734127945927766
70      0.7734127945927766
71      0.7734127945927766
72      0.7734127945927766
73      0.7734127945927766
74      0.3121049658652587
75      0.3121049658652587
76      0.3121049658652587
77      0.3121049658652587
78      0.026347826326407083
79      0.026347826326407083
80      0.026347826326407083
81      0.026347826326407083
82      0.026347826326407083
83      0.026347826326407083
84      0.026347826326407083
85      0.026347826326407083
86      0.026347826326407083
87      0.026347826326407083
88      0.026347826326407083
89      0.026347826326407083
90      0.026347826326407083
91      0.026347826326407083
92      0.026347826326407083
93      0.026347826326407083
94      0.026347826326407083
95      0.026347826326407083
96      0.026347826326407083
97      0.026347826326407083
98      0.026347826326407083
99      0.026347826326407083
100      0.026347826326407083
101      0.026347826326407083
102      0.026347826326407083
103      0.026347826326407083
104      0.026347826326407083
105      0.026347826326407083
106      0.026347826326407083
107      0.026347826326407083
108      0.026347826326407083
109      0.026347826326407083
110      0.026347826326407083
111      0.026347826326407083
112      0.026347826326407083
113      0.026347826326407083
114      0.026347826326407083
115      0.026347826326407083
116      0.026347826326407083
117      0.021266306958978486
118      0.021266306958978486
119      0.021266306958978486
120      0.006385004440968637
121      0.006385004440968637
122      0.006385004440968637
123      0.006385004440968637
124      0.006385004440968637
125      0.006385004440968637
126      0.006385004440968637
127      0.006385004440968637
128      0.006385004440968637
129      0.006385004440968637
130      0.006385004440968637
131      0.006385004440968637
132      0.00545862616039774
133      0.00545862616039774
134      0.0042399783418506365
135      4.348944577470809E-4
136      6.25432882953668E-5
137      6.25432882953668E-5
138      6.25432882953668E-5
139      6.25432882953668E-5
140      6.25432882953668E-5
141      6.25432882953668E-5
142      6.25432882953668E-5
143      6.25432882953668E-5
144      6.25432882953668E-5
145      6.25432882953668E-5
146      6.25432882953668E-5
147      6.25432882953668E-5
148      4.112567206133776E-5
149      4.112567206133776E-5
150      4.112567206133776E-5
151      4.112567206133776E-5
152      4.112567206133776E-5
153      4.112567206133776E-5
154      4.112567206133776E-5
155      4.112567206133776E-5
156      4.112567206133776E-5
157      2.520853770920658E-5
158      2.520853770920658E-5
159      2.520853770920658E-5
160      2.520853770920658E-5
161      2.520853770920658E-5
162      1.6566128432771847E-5
163      1.1581866415942156E-5
164      1.1581866415942156E-5
165      1.1581866415942156E-5
166      1.1581866415942156E-5
167      1.1581866415942156E-5
168      1.1581866415942156E-5
169      1.1581866415942156E-5
170      1.1581866415942156E-5
171      1.158490388889488E-5
172      1.158490388889488E-5
173      1.158490388889488E-5
174      1.158490388889488E-5
175      7.0092001262187145E-6
176      7.0092001262187145E-6
177      6.341199868637606E-6
178      6.341199868637606E-6
179      3.910619529622797E-6
180      3.910619529622797E-6
181      1.4923425588106432E-6
182      1.4923425588106432E-6
183      1.4923425588106432E-6
184      1.4923425588106432E-6
185      1.4923425588106432E-6
186      1.4923425588106432E-6
187      6.852854703717223E-7
188      4.0301190003543224E-8
189      4.0301190003543224E-8
190      1.8737345258517706E-8
191      1.8737345258517706E-8
192      1.8737345258517706E-8
193      1.8737345258517706E-8
194      1.8737345258517706E-8
195      1.8737345258517706E-8
196      1.8737345258517706E-8
197      1.8737345258517706E-8
198      1.8737345258517706E-8
199      1.8737345258517706E-8
200      1.8737345258517706E-8
201      1.8737345258517706E-8
202      1.8737345258517706E-8
203      1.8737345258517706E-8
204      1.8737345258517706E-8
205      1.8737345258517706E-8
206      1.8737345258517706E-8
207      1.8737345258517706E-8
208      1.8737345258517706E-8
209      1.8737345258517706E-8
210      1.8737345258517706E-8
211      1.4658639518547075E-8
212      1.4658639518547075E-8
213      1.4658639518547075E-8
214      1.2484207755962131E-8
215      1.2484207755962131E-8
216      1.2484207755962131E-8
217      1.2484207755962131E-8
218      4.650161053347259E-9
219      2.0159691878822E-9
220      2.0159691878822E-9
221      2.0159691878822E-9
222      2.0159691878822E-9
223      9.584039663333381E-10
224      5.830135361183697E-10
225      5.830135361183697E-10
226      2.9043265010573185E-10
227      2.9043265010573185E-10
228      2.9043265010573185E-10
229      2.9043265010573185E-10
230      2.9043265010573185E-10
231      2.9043265010573185E-10
232      2.9043265010573185E-10
233      2.9043265010573185E-10
234      2.9043265010573185E-10
235      2.9043265010573185E-10
236      2.9043265010573185E-10
237      2.9043265010573185E-10
238      2.9043265010573185E-10
239      2.9043265010573185E-10
240      2.9043265010573185E-10
241      2.5178696820060073E-10
242      2.5178696820060073E-10
243      2.5178696820060073E-10
244      2.5178696820060073E-10
245      1.350455788860876E-10
246      1.350455788860876E-10
247      1.350455788860876E-10
248      1.350455788860876E-10
249      1.350455788860876E-10
250      1.350455788860876E-10
251      1.349217582570782E-10
252      1.349217582570782E-10
253      1.349217582570782E-10
254      1.349217582570782E-10
255      1.349217582570782E-10
256      1.349217582570782E-10
257      1.349217582570782E-10
258      1.349217582570782E-10
259      1.349217582570782E-10
260      1.349217582570782E-10
261      1.349217582570782E-10
262      1.349217582570782E-10
263      1.349217582570782E-10
264      1.349217582570782E-10
265      1.349217582570782E-10
266      1.349217582570782E-10
267      7.449114060854224E-11
268      7.449114060854224E-11
269      7.449114060854224E-11
270      1.8616464085415536E-11
271      1.8616464085415536E-11
272      1.8616464085415536E-11
273      1.8616464085415536E-11
274      1.8616464085415536E-11
275      1.8616464085415536E-11
276      1.8616464085415536E-11
277      1.8616464085415536E-11
278      1.8616464085415536E-11
279      1.3982906207415986E-11
280      1.3982906207415986E-11
281      8.149753926229496E-12
282      8.149753926229496E-12
283      8.149753926229496E-12
284      8.149753926229496E-12
285      8.149753926229496E-12
286      8.149753926229496E-12
287      8.149753926229496E-12
288      8.149753926229496E-12
289      8.149753926229496E-12
290      8.149753926229496E-12
291      8.149753926229496E-12
292      8.149753926229496E-12
293      8.149753926229496E-12
294      3.2123856667693123E-12
295      3.2123856667693123E-12
296      3.2123856667693123E-12
297      3.2123856667693123E-12
298      3.2123856667693123E-12
299      4.4735052397368965E-13
300      4.4735052397368965E-13
301      4.4735052397368965E-13
302      4.4735052397368965E-13
303      4.4735052397368965E-13
304      4.4735052397368965E-13
305      4.4735052397368965E-13
306      4.4735052397368965E-13
307      4.4735052397368965E-13
308      2.6099428118873626E-13
309      2.6099428118873626E-13
310      2.6099428118873626E-13
311      2.6099428118873626E-13
312      2.6099428118873626E-13
313      2.6099428118873626E-13
314      2.6099428118873626E-13
315      2.6099428118873626E-13
316      2.6099428118873626E-13
317      2.6099428118873626E-13
318      2.6099428118873626E-13
319      2.6099428118873626E-13
320      2.6099428118873626E-13
321      2.6099428118873626E-13
322      2.6099428118873626E-13
323      2.6099428118873626E-13
324      2.6099428118873626E-13
325      2.6099428118873626E-13
326      2.6099428118873626E-13
327      2.6099428118873626E-13
328      2.6099428118873626E-13
329      2.6099428118873626E-13
330      2.6099428118873626E-13
331      2.6099428118873626E-13
332      2.6099428118873626E-13
333      2.6099428118873626E-13
334      2.6099428118873626E-13
335      2.6099428118873626E-13
336      2.6099428118873626E-13
337      2.6099428118873626E-13
338      2.6099428118873626E-13
339      1.4529819604369802E-13
340      1.4529819604369802E-13
341      1.4529819604369802E-13
342      1.4529819604369802E-13
343      1.4529819604369802E-13
344      1.4529819604369802E-13
345      1.4529819604369802E-13
346      1.4529819604369802E-13
347      1.4529819604369802E-13
348      1.4529819604369802E-13
349      1.4529819604369802E-13
350      1.4529819604369802E-13
351      1.4529819604369802E-13
352      1.4529819604369802E-13
353      1.4529819604369802E-13
354      1.4529819604369802E-13
355      1.4529819604369802E-13
356      7.6404318437322E-14
357      4.7741387736563513E-14
358      4.7741387736563513E-14
359      4.7741387736563513E-14
360      4.7741387736563513E-14
361      4.7741387736563513E-14
362      4.7741387736563513E-14
363      4.7741387736563513E-14
364      4.7741387736563513E-14
365      4.7741387736563513E-14
366      4.7741387736563513E-14
367      4.7741387736563513E-14
368      4.7741387736563513E-14
369      4.7741387736563513E-14
370      4.7741387736563513E-14
371      4.7741387736563513E-14
372      4.7741387736563513E-14
373      4.004117055619972E-14
374      4.004117055619972E-14
375      4.004117055619972E-14
376      4.004117055619972E-14
377      4.004117055619972E-14
378      4.004117055619972E-14
379      4.004117055619972E-14
380      4.004117055619972E-14
381      4.004117055619972E-14
382      4.004117055619972E-14
383      4.004117055619972E-14
384      4.004117055619972E-14
385      4.004117055619972E-14
386      4.004117055619972E-14
387      2.914453979407992E-14
388      2.914453979407992E-14
389      2.914453979407992E-14
390      2.914453979407992E-14
391      2.914453979407992E-14
392      2.914453979407992E-14
393      2.914453979407992E-14
394      2.914453979407992E-14
395      2.914453979407992E-14
396      2.914453979407992E-14
397      2.914453979407992E-14
398      2.8890000166281047E-14
399      2.8890000166281047E-14
400      2.8890000166281047E-14
401      2.8890000166281047E-14
402      2.8890000166281047E-14
403      2.8890000166281047E-14
404      2.8890000166281047E-14
405      2.8890000166281047E-14
406      2.8890000166281047E-14
407      2.8890000166281047E-14
408      2.8890000166281047E-14
409      2.8890000166281047E-14
410      2.8890000166281047E-14
411      2.8890000166281047E-14
412      2.144193460181866E-14
413      2.144193460181866E-14
414      2.144193460181866E-14
415      2.144193460181866E-14
416      2.144193460181866E-14
417      2.144193460181866E-14
418      1.0736253729477928E-14
419      1.0736253729477928E-14
420      1.0736253729477928E-14
421      1.0736253729477928E-14
422      1.0736253729477928E-14
423      1.0736253729477928E-14
424      1.0736253729477928E-14
425      1.0736253729477928E-14
426      1.0736253729477928E-14
427      1.0736253729477928E-14
428      1.0736253729477928E-14
429      1.0736253729477928E-14
430      1.0736253729477928E-14
431      1.0736253729477928E-14
432      1.0736253729477928E-14
433      1.0736253729477928E-14
434      1.0736253729477928E-14
435      1.0736253729477928E-14
436      1.0736253729477928E-14
437      1.0736253729477928E-14
438      1.0736253729477928E-14
439      1.0736253729477928E-14
440      1.0736253729477928E-14
441      1.0736253729477928E-14
442      1.0736253729477928E-14
443      1.0736253729477928E-14
444      1.0736253729477928E-14
445      1.0736253729477928E-14
446      1.0736253729477928E-14
447      1.0736253729477928E-14
448      1.0736253729477928E-14
449      1.0736253729477928E-14
450      1.0736253729477928E-14
451      1.0736253729477928E-14
452      1.0736253729477928E-14
453      1.0736253729477928E-14
454      1.0736253729477928E-14
455      1.0736253729477928E-14
456      1.0736253729477928E-14
457      2.4579696359558336E-15
458      2.4579696359558336E-15
459      2.4579696359558336E-15
460      2.4579696359558336E-15
461      2.4579696359558336E-15
462      2.4579696359558336E-15
463      2.4579696359558336E-15
464      2.4579696359558336E-15
465      2.4579696359558336E-15
466      2.4579696359558336E-15
467      2.4579696359558336E-15
468      2.4579696359558336E-15
469      2.4579696359558336E-15
470      2.4579696359558336E-15
471      1.3929235739108552E-15
472      1.3929235739108552E-15
473      1.3929235739108552E-15
474      1.3929235739108552E-15
475      1.3929235739108552E-15
476      1.3929235739108552E-15
477      1.3929235739108552E-15
478      1.3929235739108552E-15
479      9.21601791397237E-16
480      7.519766383743163E-16
481      7.519766383743163E-16
482      4.838839824704918E-16
483      4.838839824704918E-16
484      4.838839824704918E-16
485      4.838839824704918E-16
486      4.838839824704918E-16
487      4.1892609516267184E-16
488      4.1892609516267184E-16
489      4.1892609516267184E-16
490      4.1892609516267184E-16
491      4.1892609516267184E-16
492      4.1892609516267184E-16
493      4.1892609516267184E-16
494      4.1892609516267184E-16
495      3.038889581629192E-16
496      3.038889581629192E-16
497      3.038889581629192E-16
498      1.2509366936088083E-16
499      1.2509366936088083E-16
500      1.2509366936088083E-16
501      1.2509366936088083E-16
502      1.2509366936088083E-16
503      1.2509366936088083E-16
504      1.2509366936088083E-16
505      1.2509366936088083E-16
506      1.2509366936088083E-16
507      3.273082786294491E-17
508      3.273082786294491E-17
509      3.273082786294491E-17
510      3.273082786294491E-17
511      3.273082786294491E-17
512      8.785053101763409E-18
513      8.785053101763409E-18
514      8.785053101763409E-18
515      8.785053101763409E-18
516      8.785053101763409E-18
517      8.785053101763409E-18
518      8.785053101763409E-18
519      8.785053101763409E-18
520      8.785053101763409E-18
521      8.785053101763409E-18
522      8.785053101763409E-18
523      8.785053101763409E-18
524      8.785053101763409E-18
525      8.420728564448099E-18
526      8.403389341717589E-18
527      8.403389341717589E-18
528      8.403389341717589E-18
529      8.403389341717589E-18
530      8.403389341717589E-18
531      8.403389341717589E-18
532      7.716214317519018E-18
533      7.716214317519018E-18
534      7.716214317519018E-18
535      7.716214317519018E-18
536      7.716214317519018E-18
537      7.716214317519018E-18
538      7.716214317519018E-18
539      7.716214317519018E-18
540      7.716214317519018E-18
541      7.716214317519018E-18
542      7.716214317519018E-18
543      7.716214317519018E-18
544      7.716214317519018E-18
545      9.63766923988255E-19
546      9.63766923988255E-19
547      9.63766923988255E-19
548      9.63766923988255E-19
549      9.63766923988255E-19
550      9.63766923988255E-19
551      9.63766923988255E-19
552      9.63766923988255E-19
553      9.63766923988255E-19
554      9.63766923988255E-19
555      9.63766923988255E-19
556      9.63766923988255E-19
557      9.63766923988255E-19
558      9.63766923988255E-19
559      9.63766923988255E-19
560      9.63766923988255E-19
561      9.63766923988255E-19
562      9.63766923988255E-19
563      9.63766923988255E-19
564      9.63766923988255E-19
565      9.63766923988255E-19
566      9.63766923988255E-19
567      9.63766923988255E-19
568      9.63766923988255E-19
569      9.63766923988255E-19
570      9.63766923988255E-19
571      9.63766923988255E-19
572      9.63766923988255E-19
573      9.63766923988255E-19
574      9.63766923988255E-19
575      9.63766923988255E-19
576      9.63766923988255E-19
577      9.63766923988255E-19
578      9.63766923988255E-19
579      9.63766923988255E-19
580      9.63766923988255E-19
581      9.63766923988255E-19
582      9.63766923988255E-19
583      9.63766923988255E-19
584      9.63766923988255E-19
585      9.63766923988255E-19
586      9.63766923988255E-19
587      9.63766923988255E-19
588      9.63766923988255E-19
589      9.63766923988255E-19
590      9.63766923988255E-19
591      9.63766923988255E-19
592      9.63766923988255E-19
593      9.63766923988255E-19
594      9.63766923988255E-19
595      9.63766923988255E-19
596      9.63766923988255E-19
597      9.63766923988255E-19
598      9.63766923988255E-19
599      9.63766923988255E-19
600      9.63766923988255E-19
601      9.63766923988255E-19
602      9.63766923988255E-19
603      9.63766923988255E-19
604      9.63766923988255E-19
605      9.63766923988255E-19
606      9.63766923988255E-19
607      9.63766923988255E-19
608      9.63766923988255E-19
609      9.63766923988255E-19
610      1.919315349435843E-19
611      1.919315349435843E-19
612      1.919315349435843E-19
613      1.90503660505852E-19
614      1.4878564920525059E-19
615      1.4878564920525059E-19
616      1.3743719959812134E-19
617      1.3743719959812134E-19
618      1.3743719959812134E-19
619      1.3743719959812134E-19
620      1.3743719959812134E-19
621      5.326577607821259E-20
622      5.326577607821259E-20
623      5.326577607821259E-20
624      2.714742675804006E-20
625      2.714742675804006E-20
626      2.714742675804006E-20
627      2.714742675804006E-20
628      2.714742675804006E-20
629      2.714742675804006E-20
630      2.714742675804006E-20
631      2.714742675804006E-20
632      2.714742675804006E-20
633      2.714742675804006E-20
634      2.714742675804006E-20
635      7.31451171668637E-21
636      7.31451171668637E-21
637      7.31451171668637E-21
638      7.31451171668637E-21
639      7.31451171668637E-21
640      7.31451171668637E-21
641      7.31451171668637E-21
642      7.31451171668637E-21
643      7.31451171668637E-21
644      7.31451171668637E-21
645      7.31451171668637E-21
646      7.31451171668637E-21
647      4.259261579424245E-21
648      4.259261579424245E-21
649      3.4360482940468284E-21
650      3.4360482940468284E-21
651      3.4360482940468284E-21
652      3.4360482940468284E-21
653      3.4360482940468284E-21
654      3.4360482940468284E-21
655      3.4360482940468284E-21
656      3.4360482940468284E-21
657      3.4360482940468284E-21
658      3.070912630008622E-21
659      3.070912630008622E-21
660      3.070912630008622E-21
661      3.070912630008622E-21
662      3.070912630008622E-21
663      3.070912630008622E-21
664      3.070912630008622E-21
665      3.070912630008622E-21
666      3.070912630008622E-21
667      3.070912630008622E-21
668      3.070912630008622E-21
669      3.070912630008622E-21
670      1.146705021335292E-21
671      1.146705021335292E-21
672      1.146705021335292E-21
673      1.146705021335292E-21
674      1.146705021335292E-21
675      1.146705021335292E-21
676      1.146705021335292E-21
677      1.146705021335292E-21
678      1.146705021335292E-21
679      1.146705021335292E-21
680      1.146705021335292E-21
681      1.146705021335292E-21
682      1.146705021335292E-21
683      1.146705021335292E-21
684      1.146705021335292E-21
685      1.146705021335292E-21
686      1.146705021335292E-21
687      1.146705021335292E-21
688      1.146705021335292E-21
689      1.146705021335292E-21
690      1.146705021335292E-21
691      1.146705021335292E-21
692      1.146705021335292E-21
693      1.146705021335292E-21
694      1.146705021335292E-21
695      1.146705021335292E-21
696      1.146705021335292E-21
697      1.146705021335292E-21
698      1.146705021335292E-21
699      1.146705021335292E-21
700      1.146705021335292E-21
701      1.146705021335292E-21
702      1.146705021335292E-21
703      1.146705021335292E-21
704      1.146705021335292E-21
705      1.146705021335292E-21
706      1.146705021335292E-21
707      4.879480818253139E-22
708      1.3667543344521398E-22
709      1.1948203604687118E-22
710      1.1948203604687118E-22
711      8.26239406258404E-23
712      8.26239406258404E-23
713      8.26239406258404E-23
714      8.26239406258404E-23
715      6.790888993431514E-23
716      6.790888993431514E-23
717      6.790888993431514E-23
718      6.790888993431514E-23
719      5.580872312464182E-23
720      5.580872312464182E-23
721      1.431242857063137E-23
722      1.431242857063137E-23
723      1.431242857063137E-23
724      1.431242857063137E-23
725      1.431242857063137E-23
726      1.431242857063137E-23
727      1.431242857063137E-23
728      1.431242857063137E-23
729      1.431242857063137E-23
730      1.431242857063137E-23
731      1.431242857063137E-23
732      1.431242857063137E-23
733      1.431242857063137E-23
734      1.431242857063137E-23
735      1.431242857063137E-23
736      1.431242857063137E-23
737      1.431242857063137E-23
738      1.431242857063137E-23
739      1.431242857063137E-23
740      1.431242857063137E-23
741      1.431242857063137E-23
742      8.609203286651163E-24
743      8.609203286651163E-24
744      8.609203286651163E-24
745      8.609203286651163E-24
746      8.609203286651163E-24
747      8.609203286651163E-24
748      8.609203286651163E-24
749      8.609203286651163E-24
750      8.609203286651163E-24
751      8.609203286651163E-24
752      8.609203286651163E-24
753      8.609203286651163E-24
754      8.609203286651163E-24
755      8.609203286651163E-24
756      8.609203286651163E-24
757      8.609203286651163E-24
758      8.609203286651163E-24
759      8.609203286651163E-24
760      8.609203286651163E-24
761      8.609203286651163E-24
762      8.609203286651163E-24
763      8.609203286651163E-24
764      3.812344348837372E-24
765      3.812344348837372E-24
766      3.812344348837372E-24
767      3.812344348837372E-24
768      3.812344348837372E-24
769      2.825745078111849E-24
770      2.825745078111849E-24
771      2.825745078111849E-24
772      2.825745078111849E-24
773      2.2895093322032467E-24
774      2.2895093322032467E-24
775      2.2895093322032467E-24
776      2.2895093322032467E-24
777      2.2895093322032467E-24
778      2.2895093322032467E-24
779      2.2895093322032467E-24
780      2.2895093322032467E-24
781      2.2895093322032467E-24
782      2.2895093322032467E-24
783      2.2895093322032467E-24
784      2.2895093322032467E-24
785      2.2895093322032467E-24
786      2.2895093322032467E-24
787      9.880578656521176E-25
788      4.227907440029432E-25
789      4.227907440029432E-25
790      4.227907440029432E-25
791      4.227907440029432E-25
792      4.227907440029432E-25
793      4.227907440029432E-25
794      4.227907440029432E-25
795      4.227907440029432E-25
796      4.227907440029432E-25
797      4.227907440029432E-25
798      4.227907440029432E-25
799      4.227907440029432E-25
800      4.227907440029432E-25
801      4.227907440029432E-25
802      4.227907440029432E-25
803      4.227907440029432E-25
804      4.227907440029432E-25
805      4.227907440029432E-25
806      4.227907440029432E-25
807      4.227907440029432E-25
808      4.227907440029432E-25
809      4.227907440029432E-25
810      4.227907440029432E-25
811      4.227907440029432E-25
812      1.594467464197768E-25
813      1.594467464197768E-25
814      1.594467464197768E-25
815      1.594467464197768E-25
816      1.594467464197768E-25
817      1.594467464197768E-25
818      1.594467464197768E-25
819      1.594467464197768E-25
820      1.594467464197768E-25
821      1.594467464197768E-25
822      1.594467464197768E-25
823      1.594467464197768E-25
824      8.170584451127026E-26
825      3.1612411147512993E-27
826      3.1612411147512993E-27
827      3.1612411147512993E-27
828      2.676067523055542E-27
829      2.676067523055542E-27
830      1.7077168048348325E-27
831      1.7077168048348325E-27
832      1.5670052108021528E-27
833      1.5670052108021528E-27
834      1.5670052108021528E-27
835      1.5670052108021528E-27
836      1.5670052108021528E-27
837      3.797639764260005E-28
838      3.797639764260005E-28
839      3.1919610542491644E-28
840      3.01590991345856E-28
841      1.7723051596302562E-28
842      1.5681062898929039E-28
843      1.4116326831301133E-29
844      1.4116326831301133E-29
845      1.4116326831301133E-29
846      1.4116326831301133E-29
847      1.4116326831301133E-29
848      1.4116326831301133E-29
849      1.4116326831301133E-29
850      1.4116326831301133E-29
851      1.4116326831301133E-29
852      1.4116326831301133E-29
853      1.4116326831301133E-29
854      1.4116326831301133E-29
855      1.4116326831301133E-29
856      1.4116326831301133E-29
857      1.4116326831301133E-29
858      1.4116326831301133E-29
859      4.1871249116200244E-30
860      4.1871249116200244E-30
861      4.1871249116200244E-30
862      4.1871249116200244E-30
863      4.1871249116200244E-30
864      4.1871249116200244E-30
865      4.1871249116200244E-30
866      4.1871249116200244E-30
867      4.1871249116200244E-30
868      4.1871249116200244E-30
869      4.1871249116200244E-30
870      4.1871249116200244E-30
871      4.1871249116200244E-30
872      2.3235339939388343E-30
873      2.2183354222435882E-30
874      1.2256521656312354E-30
875      1.2256521656312354E-30
876      1.2256521656312354E-30
877      1.2256521656312354E-30
878      1.2256521656312354E-30
879      1.2256521656312354E-30
880      1.2256521656312354E-30
881      1.2256521656312354E-30
882      1.2256521656312354E-30
883      1.2256521656312354E-30
884      1.7575326041732975E-31
885      1.7575326041732975E-31
886      1.0152423442592255E-31
887      1.0152423442592255E-31
888      1.0152423442592255E-31
889      1.0152423442592255E-31
890      3.9055171429853035E-32
891      3.9055171429853035E-32
892      3.9055171429853035E-32
893      3.9055171429853035E-32
894      3.9055171429853035E-32
895      1.9368229257998928E-32
896      1.9368229257998928E-32
897      1.9368229257998928E-32
898      1.9368229257998928E-32
899      1.9368229257998928E-32
900      1.9368229257998928E-32
901      1.9368229257998928E-32
902      1.9368229257998928E-32
903      1.384400769547168E-32
904      1.384400769547168E-32
905      1.384400769547168E-32
906      1.384400769547168E-32
907      7.773675695316568E-33
908      7.773675695316568E-33
909      7.773675695316568E-33
910      3.487713577812014E-33
911      3.487713577812014E-33
912      3.487713577812014E-33
913      3.487713577812014E-33
914      3.487713577812014E-33
915      3.487713577812014E-33
916      3.487713577812014E-33
917      3.487713577812014E-33
918      3.487713577812014E-33
919      3.487713577812014E-33
920      3.487713577812014E-33
921      3.487713577812014E-33
922      3.487713577812014E-33
923      3.487713577812014E-33
924      3.487713577812014E-33
925      3.487713577812014E-33
926      3.487713577812014E-33
927      3.487713577812014E-33
928      3.487713577812014E-33
929      3.487713577812014E-33
930      3.487713577812014E-33
931      3.487713577812014E-33
932      1.7330619084242492E-33
933      1.7330619084242492E-33
934      1.7330619084242492E-33
935      1.7330619084242492E-33
936      1.7330619084242492E-33
937      1.7330619084242492E-33
938      3.83995736410099E-34
939      3.83995736410099E-34
940      3.83995736410099E-34
941      3.83995736410099E-34
942      3.83995736410099E-34
943      3.83995736410099E-34
944      3.83995736410099E-34
945      3.83995736410099E-34
946      3.83995736410099E-34
947      3.83995736410099E-34
948      3.83995736410099E-34
949      3.83995736410099E-34
950      3.83995736410099E-34
951      1.9350262928826404E-34
952      1.9350262928826404E-34
953      2.7312848836911423E-35
954      2.7312848836911423E-35
955      2.7312848836911423E-35
956      2.7312848836911423E-35
957      2.7312848836911423E-35
958      2.7312848836911423E-35
959      2.7312848836911423E-35
960      2.7312848836911423E-35
961      2.7312848836911423E-35
962      2.7312848836911423E-35
963      2.7312848836911423E-35
964      2.7312848836911423E-35
965      2.7312848836911423E-35
966      2.7312848836911423E-35
967      1.6227972882925833E-35
968      1.6227972882925833E-35
969      1.6227972882925833E-35
970      8.351933595084362E-36
971      7.233779163139608E-36
972      7.233779163139608E-36
973      7.233779163139608E-36
974      7.233779163139608E-36
975      7.233779163139608E-36
976      6.401002474525342E-36
977      6.401002474525342E-36
978      6.401002474525342E-36
979      6.401002474525342E-36
980      6.401002474525342E-36
981      6.401002474525342E-36
982      6.401002474525342E-36
983      5.487407998763688E-36
984      5.25619218596242E-36
985      5.25619218596242E-36
986      5.25619218596242E-36
987      4.678521126568239E-36
988      1.9960884988484445E-36
989      1.4402125219257218E-36
990      1.4402125219257218E-36
991      9.11042583315041E-37
992      9.11042583315041E-37
993      9.11042583315041E-37
994      9.11042583315041E-37
995      9.11042583315041E-37
996      9.11042583315041E-37
997      9.11042583315041E-37
998      7.65430097624511E-37
999      3.996740243378323E-37
