1      3.064664506835835
2      3.064664506835835
3      2.809635291627295
4      2.809635291627295
5      2.809635291627295
6      2.809635291627295
7      2.809635291627295
8      2.809635291627295
9      2.809635291627295
10      2.809635291627295
11      2.809635291627295
12      2.809635291627295
13      2.809635291627295
14      2.809635291627295
15      2.809635291627295
16      2.809635291627295
17      2.809635291627295
18      2.809635291627295
19      2.809635291627295
20      2.809635291627295
21      2.809635291627295
22      2.809635291627295
23      2.809635291627295
24      2.809635291627295
25      2.809635291627295
26      2.809635291627295
27      2.809635291627295
28      2.809635291627295
29      2.816495925658757
30      2.816495925658757
31      2.816495925658757
32      2.816495925658757
33      2.816495925658757
34      2.816495925658757
35      2.816495925658757
36      2.816495925658757
37      2.816495925658757
38      2.816495925658757
39      2.816495925658757
40      2.816495925658757
41      2.816495925658757
42      2.816495925658757
43      2.816495925658757
44      2.816495925658757
45      2.816495925658757
46      2.816495925658757
47      2.816495925658757
48      2.816495925658757
49      2.816495925658757
50      2.816495925658757
51      2.816495925658757
52      2.816495925658757
53      2.816495925658757
54      2.816495925658757
55      2.816495925658757
56      2.816495925658757
57      2.816495925658757
58      2.816495925658757
59      2.816495925658757
60      2.816495925658757
61      2.816495925658757
62      2.7935305728557034
63      2.7935305728557034
64      2.7935305728557034
65      2.7935305728557034
66      2.7935305728557034
67      2.7935305728557034
68      2.7935305728557034
69      2.7935305728557034
70      2.7935305728557034
71      2.7935305728557034
72      2.7935305728557034
73      2.7935305728557034
74      2.7935305728557034
75      2.7935305728557034
76      2.7935305728557034
77      2.7935305728557034
78      2.7935305728557034
79      2.7935305728557034
80      2.7935305728557034
81      2.7935305728557034
82      2.7935305728557034
83      2.7935305728557034
84      2.7935305728557034
85      2.7935305728557034
86      2.7935305728557034
87      2.7935305728557034
88      2.7935305728557034
89      2.7935305728557034
90      2.7935305728557034
91      2.7935305728557034
92      2.7935305728557034
93      2.7935305728557034
94      2.7935305728557034
95      1.9312696887320058
96      1.9312696887320058
97      1.9312696887320058
98      1.9312696887320058
99      1.9312696887320058
100      1.9312696887320058
101      1.9312696887320058
102      1.9312696887320058
103      1.9312696887320058
104      1.9312696887320058
105      1.9312696887320058
106      1.9312696887320058
107      1.9312696887320058
108      1.9312696887320058
109      1.9312696887320058
110      1.9312696887320058
111      1.9312696887320058
112      1.9312696887320058
113      1.9312696887320058
114      1.9312696887320058
115      1.9312696887320058
116      1.9312696887320058
117      1.9312696887320058
118      1.9312696887320058
119      1.9312696887320058
120      1.9312696887320058
121      1.9312696887320058
122      1.9312696887320058
123      1.9312696887320058
124      1.9312696887320058
125      1.9312696887320058
126      1.9312696887320058
127      1.9312696887320058
128      1.9312696887320058
129      1.9312696887320058
130      1.4749150223296008
131      1.4749150223296008
132      1.4749150223296008
133      1.4749150223296008
134      1.4749150223296008
135      1.4749150223296008
136      1.4749150223296008
137      1.4749150223296008
138      1.4749150223296008
139      1.4749150223296008
140      1.4749150223296008
141      1.4749150223296008
142      1.4749150223296008
143      1.4749150223296008
144      1.4749150223296008
145      0.4073708794523357
146      0.4073708794523357
147      0.4073708794523357
148      0.4073708794523357
149      0.4073708794523357
150      0.4073708794523357
151      0.4073708794523357
152      0.4073708794523357
153      0.4073708794523357
154      0.4073708794523357
155      0.4073708794523357
156      0.4073708794523357
157      0.4073708794523357
158      0.4073708794523357
159      0.4073708794523357
160      0.4073708794523357
161      0.4073708794523357
162      0.4073708794523357
163      0.4073708794523357
164      0.4073708794523357
165      0.4073708794523357
166      0.4073708794523357
167      0.4073708794523357
168      0.4073708794523357
169      0.4073708794523357
170      0.4073708794523357
171      0.4073708794523357
172      0.4073708794523357
173      0.4073708794523357
174      0.4073708794523357
175      0.4073708794523357
176      0.4073708794523357
177      0.4073708794523357
178      0.4073708794523357
179      0.4073708794523357
180      0.4073708794523357
181      0.4073708794523357
182      0.4073708794523357
183      0.4073708794523357
184      0.4073708794523357
185      0.4073708794523357
186      0.4073708794523357
187      0.4073708794523357
188      0.4073708794523357
189      0.4073708794523357
190      0.4073708794523357
191      0.4073708794523357
192      0.4073708794523357
193      0.4073708794523357
194      0.4073708794523357
195      0.4073708794523357
196      0.4073708794523357
197      0.4073708794523357
198      0.4073708794523357
199      0.4073708794523357
200      0.4073708794523357
201      0.4073708794523357
202      0.4073708794523357
203      0.4073708794523357
204      0.4073708794523357
205      0.07509491510854317
206      0.07509491510854317
207      0.07509491510854317
208      0.07509491510854317
209      0.07509491510854317
210      0.07509491510854317
211      0.07509491510854317
212      0.07509491510854317
213      0.07509491510854317
214      0.07509491510854317
215      0.07509491510854317
216      0.07509491510854317
217      0.07509491510854317
218      0.07509491510854317
219      0.07509491510854317
220      0.07509491510854317
221      0.07509491510854317
222      0.07509491510854317
223      0.07509491510854317
224      0.07509491510854317
225      0.07509491510854317
226      0.07509491510854317
227      0.07509491510854317
228      0.07509491510854317
229      0.07509491510854317
230      0.07509491510854317
231      0.07509491510854317
232      0.07509491510854317
233      0.07509491510854317
234      0.07509491510854317
235      0.07509491510854317
236      0.07509491510854317
237      0.07509491510854317
238      0.07509491510854317
239      0.07509491510854317
240      0.07509491510854317
241      0.07509491510854317
242      0.07509491510854317
243      0.07509491510854317
244      0.07509491510854317
245      0.07509491510854317
246      0.07509491510854317
247      0.07509491510854317
248      0.07509491510854317
249      0.07509491510854317
250      0.07509491510854317
251      0.07509491510854317
252      0.07509491510854317
253      0.07509491510854317
254      0.07509491510854317
255      0.07509491510854317
256      0.07509491510854317
257      0.07509491510854317
258      0.07509491510854317
259      0.07509491510854317
260      0.07509491510854317
261      0.07509491510854317
262      0.07509491510854317
263      0.07509491510854317
264      0.07509491510854317
265      0.07509491510854317
266      0.07509491510854317
267      0.07509491510854317
268      0.07509491510854317
269      0.07509491510854317
270      0.07509491510854317
271      0.07509491510854317
272      0.07509491510854317
273      0.07509491510854317
274      0.07509491510854317
275      0.07509491510854317
276      0.07509491510854317
277      0.07509491510854317
278      0.07509491510854317
279      0.07509491510854317
280      0.07509491510854317
281      0.07456814164813663
282      0.07456814164813663
283      0.07456814164813663
284      0.07456814164813663
285      0.07456814164813663
286      0.07456814164813663
287      0.07456814164813663
288      0.07456814164813663
289      0.07456814164813663
290      0.07456814164813663
291      0.07456814164813663
292      0.07456814164813663
293      0.07456814164813663
294      0.07456814164813663
295      0.07456814164813663
296      0.07456814164813663
297      0.07456814164813663
298      0.07456814164813663
299      0.07456814164813663
300      0.07456814164813663
301      0.07456814164813663
302      0.07456814164813663
303      0.07456814164813663
304      0.07456814164813663
305      0.07456814164813663
306      0.07456814164813663
307      0.07456814164813663
308      0.07456814164813663
309      0.07456814164813663
310      0.07456814164813663
311      0.07456814164813663
312      0.07456814164813663
313      0.07456814164813663
314      0.07456814164813663
315      0.07456814164813663
316      0.07456814164813663
317      0.07456814164813663
318      0.07456814164813663
319      0.07456814164813663
320      0.07456814164813663
321      0.07456814164813663
322      0.07456814164813663
323      0.07456814164813663
324      0.07456814164813663
325      0.07456814164813663
326      0.07456814164813663
327      0.07456814164813663
328      0.07456814164813663
329      0.07456814164813663
330      0.07456814164813663
331      0.07456814164813663
332      0.07456814164813663
333      0.07456814164813663
334      0.07456814164813663
335      0.07456814164813663
336      0.07456814164813663
337      0.07456814164813663
338      0.07456814164813663
339      0.07456814164813663
340      0.07456814164813663
341      0.07456814164813663
342      0.07456814164813663
343      0.07456814164813663
344      0.07456814164813663
345      0.07456814164813663
346      0.07456814164813663
347      0.07456814164813663
348      0.07456814164813663
349      0.07456814164813663
350      0.07456814164813663
351      0.07456814164813663
352      0.07456814164813663
353      0.07456814164813663
354      0.07456814164813663
355      0.07456814164813663
356      0.07456814164813663
357      0.07456814164813663
358      0.07456814164813663
359      0.07456814164813663
360      0.07456814164813663
361      0.07456814164813663
362      0.07456814164813663
363      0.07456814164813663
364      0.07456814164813663
365      0.07456814164813663
366      0.07456814164813663
367      0.07456814164813663
368      0.07456814164813663
369      0.07456814164813663
370      0.07456814164813663
371      0.07456814164813663
372      0.07456814164813663
373      0.07456814164813663
374      0.07456814164813663
375      0.07456814164813663
376      0.07456814164813663
377      0.07333235922472937
378      0.07333235922472937
379      0.07333235922472937
380      0.07333235922472937
381      0.07333235922472937
382      0.07333235922472937
383      0.07333235922472937
384      0.07333235922472937
385      0.07333235922472937
386      0.07333235922472937
387      0.07333235922472937
388      0.07333235922472937
389      0.07333235922472937
390      0.07333235922472937
391      0.07333235922472937
392      0.07333235922472937
393      0.07333235922472937
394      0.07333235922472937
395      0.07333235922472937
396      0.07333235922472937
397      0.07333235922472937
398      0.07333235922472937
399      0.07333235922472937
400      0.07333235922472937
401      0.07333235922472937
402      0.07333235922472937
403      0.07333235922472937
404      0.07333235922472937
405      0.07333235922472937
406      0.07333235922472937
407      0.07333235922472937
408      0.07333235922472937
409      0.07333235922472937
410      0.07333235922472937
411      0.07333235922472937
412      0.07333235922472937
413      0.07333235922472937
414      0.07333235922472937
415      0.07333235922472937
416      0.07333235922472937
417      0.07333235922472937
418      0.07333235922472937
419      0.07333235922472937
420      0.07333235922472937
421      0.07333235922472937
422      0.07333235922472937
423      0.07333235922472937
424      0.07333235922472937
425      0.07333235922472937
426      0.07333235922472937
427      0.07333235922472937
428      0.07333235922472937
429      0.07333235922472937
430      0.07333235922472937
431      0.07333235922472937
432      0.07333235922472937
433      0.07333235922472937
434      0.07333235922472937
435      0.07333235922472937
436      0.07333235922472937
437      0.07333235922472937
438      0.07333235922472937
439      0.07333235922472937
440      0.07333235922472937
441      0.07333235922472937
442      0.07333235922472937
443      0.07333235922472937
444      0.07333235922472937
445      0.07333235922472937
446      0.07333235922472937
447      0.01654695236469919
448      0.01654695236469919
449      0.01654695236469919
450      0.01654695236469919
451      0.01654695236469919
452      0.01654695236469919
453      0.01654695236469919
454      0.01654695236469919
455      0.01654695236469919
456      0.01654695236469919
457      0.01654695236469919
458      0.007803828756387564
459      0.007803828756387564
460      0.007803828756387564
461      0.007803828756387564
462      0.007803828756387564
463      0.007803828756387564
464      0.007803828756387564
465      0.007803828756387564
466      0.007803828756387564
467      0.007803828756387564
468      0.007803828756387564
469      0.007803828756387564
470      0.007803828756387564
471      0.007803828756387564
472      0.007803828756387564
473      0.007803828756387564
474      0.007803828756387564
475      0.007803828756387564
476      0.007803828756387564
477      0.007803828756387564
478      0.007803828756387564
479      0.007803828756387564
480      0.007803828756387564
481      0.007803828756387564
482      0.007803828756387564
483      0.007803828756387564
484      0.007803828756387564
485      0.007803828756387564
486      0.007803828756387564
487      0.007803828756387564
488      0.007803828756387564
489      0.007803828756387564
490      0.007803828756387564
491      0.007803828756387564
492      0.007803828756387564
493      0.007803828756387564
494      0.007803828756387564
495      0.007803828756387564
496      0.007803828756387564
497      0.007803828756387564
498      0.007803828756387564
499      0.007803828756387564
500      0.007803828756387564
501      0.007803828756387564
502      0.007803828756387564
503      0.007803828756387564
504      0.007803828756387564
505      0.007803828756387564
506      0.007803828756387564
507      0.007803828756387564
508      0.007803828756387564
509      0.007803828756387564
510      0.007803828756387564
511      0.007803828756387564
512      0.007803828756387564
513      0.007803828756387564
514      0.007803828756387564
515      0.007803828756387564
516      0.007803828756387564
517      0.007803828756387564
518      0.007803828756387564
519      0.007803828756387564
520      0.003186574727321659
521      0.003186574727321659
522      0.003186574727321659
523      0.003186574727321659
524      0.003186574727321659
525      0.003186574727321659
526      0.003186574727321659
527      0.003186574727321659
528      0.003186574727321659
529      0.003186574727321659
530      0.003186574727321659
531      0.003186574727321659
532      0.003186574727321659
533      0.003186574727321659
534      0.003186574727321659
535      0.003186574727321659
536      0.003186574727321659
537      0.003186574727321659
538      0.003186574727321659
539      0.003186574727321659
540      0.003186574727321659
541      0.003186574727321659
542      0.003186574727321659
543      0.0017949644039434104
544      0.0017949644039434104
545      0.0017949644039434104
546      0.0015341803912238853
547      0.0015341803912238853
548      0.0015321503633418147
549      0.0015321503633418147
550      0.0015321503633418147
551      0.0015321503633418147
552      0.0015321503633418147
553      0.0015321503633418147
554      0.0015321503633418147
555      0.0015321503633418147
556      4.170547868862725E-4
557      4.170547868862725E-4
558      4.170547868862725E-4
559      4.170547868862725E-4
560      4.170547868862725E-4
561      4.170547868862725E-4
562      4.170547868862725E-4
563      4.170547868862725E-4
564      4.170547868862725E-4
565      4.170547868862725E-4
566      4.170547868862725E-4
567      4.170547868862725E-4
568      4.170547868862725E-4
569      4.170547868862725E-4
570      4.170547868862725E-4
571      4.170547868862725E-4
572      4.170547868862725E-4
573      4.170547868862725E-4
574      4.170547868862725E-4
575      4.170547868862725E-4
576      4.170547868862725E-4
577      4.170547868862725E-4
578      4.170547868862725E-4
579      4.170547868862725E-4
580      4.170547868862725E-4
581      4.170547868862725E-4
582      4.170547868862725E-4
583      4.170547868862725E-4
584      4.170547868862725E-4
585      4.170547868862725E-4
586      4.170547868862725E-4
587      4.170547868862725E-4
588      4.170547868862725E-4
589      4.170547868862725E-4
590      4.170547868862725E-4
591      4.170547868862725E-4
592      6.327897436186485E-5
593      6.327897436186485E-5
594      6.327897436186485E-5
595      6.327897436186485E-5
596      6.327897436186485E-5
597      6.327897436186485E-5
598      6.327897436186485E-5
599      6.327897436186485E-5
600      6.327897436186485E-5
601      6.327897436186485E-5
602      6.327897436186485E-5
603      6.327897436186485E-5
604      6.327897436186485E-5
605      6.327897436186485E-5
606      6.327897436186485E-5
607      6.327897436186485E-5
608      6.327897436186485E-5
609      6.327897436186485E-5
610      6.327897436186485E-5
611      6.327897436186485E-5
612      6.327897436186485E-5
613      6.327897436186485E-5
614      6.327897436186485E-5
615      6.327897436186485E-5
616      6.327897436186485E-5
617      6.327897436186485E-5
618      6.327897436186485E-5
619      6.327897436186485E-5
620      6.327897436186485E-5
621      6.327897436186485E-5
622      6.327897436186485E-5
623      6.327897436186485E-5
624      6.327897436186485E-5
625      6.327897436186485E-5
626      6.327897436186485E-5
627      6.327897436186485E-5
628      6.327897436186485E-5
629      6.327897436186485E-5
630      6.327897436186485E-5
631      6.327897436186485E-5
632      6.327897436186485E-5
633      6.327897436186485E-5
634      6.327897436186485E-5
635      6.327897436186485E-5
636      6.327897436186485E-5
637      6.327897436186485E-5
638      6.327897436186485E-5
639      2.360773612051675E-5
640      2.360773612051675E-5
641      2.360773612051675E-5
642      2.360773612051675E-5
643      2.360773612051675E-5
644      2.360773612051675E-5
645      2.360773612051675E-5
646      2.360773612051675E-5
647      2.360773612051675E-5
648      2.360773612051675E-5
649      2.360773612051675E-5
650      2.360773612051675E-5
651      2.360773612051675E-5
652      2.360773612051675E-5
653      2.360773612051675E-5
654      2.360773612051675E-5
655      2.360773612051675E-5
656      2.360773612051675E-5
657      2.360773612051675E-5
658      2.360773612051675E-5
659      2.360773612051675E-5
660      2.360773612051675E-5
661      2.360773612051675E-5
662      2.360773612051675E-5
663      2.360773612051675E-5
664      2.360773612051675E-5
665      2.360773612051675E-5
666      2.360773612051675E-5
667      2.360773612051675E-5
668      2.360773612051675E-5
669      2.360773612051675E-5
670      2.360773612051675E-5
671      2.360773612051675E-5
672      2.360773612051675E-5
673      2.360773612051675E-5
674      2.360773612051675E-5
675      2.360773612051675E-5
676      2.360773612051675E-5
677      2.360773612051675E-5
678      2.360773612051675E-5
679      2.360773612051675E-5
680      2.360773612051675E-5
681      2.360773612051675E-5
682      2.360773612051675E-5
683      2.360773612051675E-5
684      1.9421537501509805E-5
685      1.9421537501509805E-5
686      1.9421537501509805E-5
687      1.9421537501509805E-5
688      1.9421537501509805E-5
689      1.9421537501509805E-5
690      1.9421537501509805E-5
691      1.9421537501509805E-5
692      1.9421537501509805E-5
693      1.9421537501509805E-5
694      1.9421537501509805E-5
695      1.9421537501509805E-5
696      1.9421537501509805E-5
697      1.9421537501509805E-5
698      1.9421537501509805E-5
699      1.9421537501509805E-5
700      1.9421537501509805E-5
701      1.9421537501509805E-5
702      1.9421537501509805E-5
703      1.9212913077998347E-5
704      1.9212913077998347E-5
705      1.9212913077998347E-5
706      1.9212913077998347E-5
707      1.9212913077998347E-5
708      1.9212913077998347E-5
709      1.9212913077998347E-5
710      1.9212913077998347E-5
711      1.9212913077998347E-5
712      1.9212913077998347E-5
713      1.9212913077998347E-5
714      1.9212913077998347E-5
715      1.9212913077998347E-5
716      1.9212913077998347E-5
717      1.9212913077998347E-5
718      1.9212913077998347E-5
719      1.9212913077998347E-5
720      1.9212913077998347E-5
721      1.9212913077998347E-5
722      1.9212913077998347E-5
723      1.9212913077998347E-5
724      1.9212913077998347E-5
725      1.9212913077998347E-5
726      1.9212913077998347E-5
727      1.9212913077998347E-5
728      1.9212913077998347E-5
729      1.9212913077998347E-5
730      1.9212913077998347E-5
731      1.9212913077998347E-5
732      1.9212913077998347E-5
733      1.9212913077998347E-5
734      1.9212913077998347E-5
735      1.9212913077998347E-5
736      1.9212913077998347E-5
737      1.9212913077998347E-5
738      1.9212913077998347E-5
739      1.9212913077998347E-5
740      1.9212913077998347E-5
741      1.9212913077998347E-5
742      1.9212913077998347E-5
743      1.9212913077998347E-5
744      1.9212913077998347E-5
745      1.9212913077998347E-5
746      1.9212913077998347E-5
747      1.9212913077998347E-5
748      1.9212913077998347E-5
749      1.9212913077998347E-5
750      1.9212913077998347E-5
751      1.9212913077998347E-5
752      1.9212913077998347E-5
753      1.9212913077998347E-5
754      1.9212913077998347E-5
755      1.9212913077998347E-5
756      1.9212913077998347E-5
757      1.9212913077998347E-5
758      1.9212913077998347E-5
759      1.9212913077998347E-5
760      1.9212913077998347E-5
761      1.9212913077998347E-5
762      1.9212913077998347E-5
763      1.9212913077998347E-5
764      1.9212913077998347E-5
765      1.9212913077998347E-5
766      1.9212913077998347E-5
767      1.9212913077998347E-5
768      1.9212913077998347E-5
769      1.9212913077998347E-5
770      4.6778112451017316E-6
771      4.6778112451017316E-6
772      4.6778112451017316E-6
773      4.6778112451017316E-6
774      4.6778112451017316E-6
775      4.6778112451017316E-6
776      4.6778112451017316E-6
777      4.6778112451017316E-6
778      4.6778112451017316E-6
779      4.6778112451017316E-6
780      4.6778112451017316E-6
781      4.6778112451017316E-6
782      4.6778112451017316E-6
783      4.6778112451017316E-6
784      4.6778112451017316E-6
785      4.6778112451017316E-6
786      4.6778112451017316E-6
787      4.6778112451017316E-6
788      4.6778112451017316E-6
789      3.0146761811882815E-6
790      3.0146761811882815E-6
791      3.0146761811882815E-6
792      3.0146761811882815E-6
793      3.0146761811882815E-6
794      3.0146761811882815E-6
795      3.0146761811882815E-6
796      3.0146761811882815E-6
797      3.0146761811882815E-6
798      3.0146761811882815E-6
799      3.0146761811882815E-6
800      3.0146761811882815E-6
801      3.0146761811882815E-6
802      3.0146761811882815E-6
803      3.0146761811882815E-6
804      3.0146761811882815E-6
805      3.0146761811882815E-6
806      3.0146761811882815E-6
807      3.0146761811882815E-6
808      3.0146761811882815E-6
809      3.0146761811882815E-6
810      3.0146761811882815E-6
811      3.0146761811882815E-6
812      3.0146761811882815E-6
813      3.0146761811882815E-6
814      3.0146761811882815E-6
815      3.0146761811882815E-6
816      3.0146761811882815E-6
817      3.0146761811882815E-6
818      3.0146761811882815E-6
819      3.0146761811882815E-6
820      3.0146761811882815E-6
821      3.0146761811882815E-6
822      3.0146761811882815E-6
823      3.0146761811882815E-6
824      3.0146761811882815E-6
825      3.0146761811882815E-6
826      3.0146761811882815E-6
827      3.0146761811882815E-6
828      3.0146761811882815E-6
829      3.0146761811882815E-6
830      3.0146761811882815E-6
831      3.0146761811882815E-6
832      3.0146761811882815E-6
833      3.0146761811882815E-6
834      3.0146761811882815E-6
835      8.640211542809492E-7
836      8.640211542809492E-7
837      8.640211542809492E-7
838      8.640211542809492E-7
839      8.640211542809492E-7
840      8.640211542809492E-7
841      8.640211542809492E-7
842      8.640211542809492E-7
843      8.640211542809492E-7
844      8.640211542809492E-7
845      8.640211542809492E-7
846      8.640211542809492E-7
847      8.640211542809492E-7
848      8.640211542809492E-7
849      8.640211542809492E-7
850      8.640211542809492E-7
851      8.640211542809492E-7
852      8.640211542809492E-7
853      8.640211542809492E-7
854      8.640211542809492E-7
855      8.640211542809492E-7
856      8.640211542809492E-7
857      8.640211542809492E-7
858      8.640211542809492E-7
859      8.640211542809492E-7
860      8.640211542809492E-7
861      8.640211542809492E-7
862      8.640211542809492E-7
863      8.640211542809492E-7
864      8.640211542809492E-7
865      8.640211542809492E-7
866      8.640211542809492E-7
867      8.640211542809492E-7
868      8.640211542809492E-7
869      8.640211542809492E-7
870      8.640211542809492E-7
871      8.640211542809492E-7
872      8.640211542809492E-7
873      8.640211542809492E-7
874      8.640211542809492E-7
875      8.640211542809492E-7
876      8.640211542809492E-7
877      8.640211542809492E-7
878      8.640211542809492E-7
879      8.640211542809492E-7
880      8.640211542809492E-7
881      8.640211542809492E-7
882      8.640211542809492E-7
883      8.640211542809492E-7
884      8.640211542809492E-7
885      8.640211542809492E-7
886      8.640211542809492E-7
887      8.640211542809492E-7
888      8.640211542809492E-7
889      8.640211542809492E-7
890      8.640211542809492E-7
891      8.640211542809492E-7
892      8.640211542809492E-7
893      8.640211542809492E-7
894      8.640211542809492E-7
895      8.640211542809492E-7
896      8.640211542809492E-7
897      8.640211542809492E-7
898      8.640211542809492E-7
899      8.640211542809492E-7
900      8.640211542809492E-7
901      8.640211542809492E-7
902      8.640211542809492E-7
903      8.640211542809492E-7
904      8.640211542809492E-7
905      8.640211542809492E-7
906      8.640211542809492E-7
907      8.640211542809492E-7
908      8.640211542809492E-7
909      8.640211542809492E-7
910      8.640211542809492E-7
911      8.640211542809492E-7
912      8.640211542809492E-7
913      8.640211542809492E-7
914      8.640211542809492E-7
915      8.640211542809492E-7
916      8.640211542809492E-7
917      8.640211542809492E-7
918      8.640211542809492E-7
919      8.640211542809492E-7
920      8.640211542809492E-7
921      8.640211542809492E-7
922      8.640211542809492E-7
923      8.640211542809492E-7
924      8.640211542809492E-7
925      8.640211542809492E-7
926      8.640211542809492E-7
927      8.640211542809492E-7
928      8.640211542809492E-7
929      8.640211542809492E-7
930      8.640211542809492E-7
931      4.0699409869970686E-8
932      4.0699409869970686E-8
933      4.0699409869970686E-8
934      4.0699409869970686E-8
935      4.0699409869970686E-8
936      4.0699409869970686E-8
937      4.0699409869970686E-8
938      4.0699409869970686E-8
939      4.0699409869970686E-8
940      4.0699409869970686E-8
941      4.0699409869970686E-8
942      4.0699409869970686E-8
943      4.0699409869970686E-8
944      4.0699409869970686E-8
945      4.0699409869970686E-8
946      4.0699409869970686E-8
947      4.0699409869970686E-8
948      4.0699409869970686E-8
949      4.0699409869970686E-8
950      4.0699409869970686E-8
951      4.0699409869970686E-8
952      4.0699409869970686E-8
953      4.0699409869970686E-8
954      4.0699409869970686E-8
955      4.0699409869970686E-8
956      4.0699409869970686E-8
957      4.0699409869970686E-8
958      4.0699409869970686E-8
959      4.0699409869970686E-8
960      4.0699409869970686E-8
961      4.0699409869970686E-8
962      4.0699409869970686E-8
963      4.0699409869970686E-8
964      4.0699409869970686E-8
965      4.0699409869970686E-8
966      4.0699409869970686E-8
967      4.0699409869970686E-8
968      4.0699409869970686E-8
969      4.0699409869970686E-8
970      4.0699409869970686E-8
971      4.0699409869970686E-8
972      4.0699409869970686E-8
973      4.0699409869970686E-8
974      4.0699409869970686E-8
975      4.0699409869970686E-8
976      4.0699409869970686E-8
977      4.0699409869970686E-8
978      4.0699409869970686E-8
979      4.0699409869970686E-8
980      4.0699409869970686E-8
981      4.0699409869970686E-8
982      4.0699409869970686E-8
983      4.0699409869970686E-8
984      4.0699409869970686E-8
985      4.0699409869970686E-8
986      4.0699409869970686E-8
987      4.0699409869970686E-8
988      4.0699409869970686E-8
989      4.0699409869970686E-8
990      4.0699409869970686E-8
991      4.0699409869970686E-8
992      4.0699409869970686E-8
993      4.0699409869970686E-8
994      4.0699409869970686E-8
995      4.0699409869970686E-8
996      4.0699409869970686E-8
997      4.0699409869970686E-8
998      4.0699409869970686E-8
999      4.0699409869970686E-8
