1   256.0767736674952
2   256.0767736674952
3   256.0767736674952
4   256.0767736674952
5   256.0767736674952
6   256.0767736674952
7   195.52682291386165
8   195.52682291386165
9   195.52682291386165
10   195.52682291386165
11   195.52682291386165
12   195.52682291386165
13   195.52682291386165
14   195.52682291386165
15   195.52682291386165
16   195.52682291386165
17   195.52682291386165
18   195.52682291386165
19   195.52682291386165
20   195.52682291386165
21   195.52682291386165
22   195.52682291386165
23   195.52682291386165
24   195.52682291386165
25   195.52682291386165
26   195.52682291386165
27   195.52682291386165
28   195.52682291386165
29   195.52682291386165
30   195.52682291386165
31   195.52682291386165
32   195.52682291386165
33   195.52682291386165
34   195.52682291386165
35   195.52682291386165
36   195.52682291386165
37   195.52682291386165
38   195.52682291386165
39   195.52682291386165
40   195.52682291386165
41   195.52682291386165
42   195.52682291386165
43   195.52682291386165
44   195.52682291386165
45   195.52682291386165
46   195.52682291386165
47   195.52682291386165
48   195.52682291386165
49   195.52682291386165
50   195.52682291386165
51   195.52682291386165
52   195.52682291386165
53   195.52682291386165
54   195.52682291386165
55   195.52682291386165
56   195.52682291386165
57   195.52682291386165
58   195.52682291386165
59   195.52682291386165
60   195.52682291386165
61   195.52682291386165
62   195.52682291386165
63   195.52682291386165
64   195.52682291386165
65   195.52682291386165
66   195.52682291386165
67   195.52682291386165
68   195.52682291386165
69   195.52682291386165
70   195.52682291386165
71   195.52682291386165
72   195.52682291386165
73   195.52682291386165
74   195.52682291386165
75   195.52682291386165
76   195.52682291386165
77   195.52682291386165
78   195.52682291386165
79   195.52682291386165
80   195.52682291386165
81   195.52682291386165
82   195.52682291386165
83   195.52682291386165
84   195.52682291386165
85   195.52682291386165
86   195.52682291386165
87   195.52682291386165
88   195.52682291386165
89   195.52682291386165
90   195.52682291386165
91   195.52682291386165
92   195.52682291386165
93   195.52682291386165
94   195.52682291386165
95   195.52682291386165
96   195.52682291386165
97   195.52682291386165
98   195.52682291386165
99   195.52682291386165
100   195.52682291386165
101   195.52682291386165
102   195.52682291386165
103   195.52682291386165
104   195.52682291386165
105   195.52682291386165
106   195.52682291386165
107   195.52682291386165
108   195.52682291386165
109   195.52682291386165
110   195.52682291386165
111   195.52682291386165
112   195.52682291386165
113   195.52682291386165
114   195.52682291386165
115   195.52682291386165
116   195.52682291386165
117   195.52682291386165
118   195.52682291386165
119   195.52682291386165
120   195.52682291386165
121   195.52682291386165
122   195.52682291386165
123   195.52682291386165
124   195.52682291386165
125   195.52682291386165
126   195.52682291386165
127   195.52682291386165
128   195.52682291386165
129   195.52682291386165
130   195.52682291386165
131   195.52682291386165
132   195.52682291386165
133   195.52682291386165
134   195.52682291386165
135   195.52682291386165
136   195.52682291386165
137   195.52682291386165
138   195.52682291386165
139   195.52682291386165
140   195.52682291386165
141   195.52682291386165
142   195.52682291386165
143   195.52682291386165
144   195.52682291386165
145   195.52682291386165
146   195.52682291386165
147   195.52682291386165
148   195.52682291386165
149   195.52682291386165
150   195.52682291386165
151   195.52682291386165
152   195.52682291386165
153   195.52682291386165
154   195.52682291386165
155   195.52682291386165
156   195.52682291386165
157   195.52682291386165
158   195.52682291386165
159   195.52682291386165
160   195.52682291386165
161   195.52682291386165
162   195.52682291386165
163   195.52682291386165
164   195.52682291386165
165   195.52682291386165
166   195.52682291386165
167   195.52682291386165
168   195.52682291386165
169   195.52682291386165
170   195.52682291386165
171   195.52682291386165
172   195.52682291386165
173   195.52682291386165
174   195.52682291386165
175   195.52682291386165
176   195.52682291386165
177   195.52682291386165
178   195.52682291386165
179   195.52682291386165
180   195.52682291386165
181   195.52682291386165
182   195.52682291386165
183   195.52682291386165
184   195.52682291386165
185   195.52682291386165
186   195.52682291386165
187   195.52682291386165
188   195.52682291386165
189   195.52682291386165
190   195.52682291386165
191   195.52682291386165
192   195.52682291386165
193   195.52682291386165
194   195.52682291386165
195   195.52682291386165
196   195.52682291386165
197   195.52682291386165
198   195.52682291386165
199   195.52682291386165
200   195.52682291386165
201   195.52682291386165
202   195.52682291386165
203   195.52682291386165
204   195.52682291386165
205   195.52682291386165
206   195.52682291386165
207   195.52682291386165
208   195.52682291386165
209   195.52682291386165
210   195.52682291386165
211   195.52682291386165
212   195.52682291386165
213   195.52682291386165
214   195.52682291386165
215   195.52682291386165
216   195.52682291386165
217   195.52682291386165
218   195.52682291386165
219   195.52682291386165
220   195.52682291386165
221   195.52682291386165
222   195.52682291386165
223   195.52682291386165
224   195.52682291386165
225   195.52682291386165
226   195.52682291386165
227   195.52682291386165
228   195.52682291386165
229   195.52682291386165
230   195.52682291386165
231   195.52682291386165
232   195.52682291386165
233   195.52682291386165
234   195.52682291386165
235   195.52682291386165
236   195.52682291386165
237   195.52682291386165
238   195.52682291386165
239   195.52682291386165
240   195.52682291386165
241   195.52682291386165
242   195.52682291386165
243   195.52682291386165
244   195.52682291386165
245   195.52682291386165
246   195.52682291386165
247   195.52682291386165
248   195.52682291386165
249   195.52682291386165
250   195.52682291386165
251   195.52682291386165
252   195.52682291386165
253   195.52682291386165
254   195.52682291386165
255   195.52682291386165
256   195.52682291386165
257   195.52682291386165
258   195.52682291386165
259   195.52682291386165
260   195.52682291386165
261   195.52682291386165
262   195.52682291386165
263   195.52682291386165
264   195.52682291386165
265   195.52682291386165
266   195.52682291386165
267   195.52682291386165
268   195.52682291386165
269   195.52682291386165
270   195.52682291386165
271   195.52682291386165
272   195.52682291386165
273   195.52682291386165
274   195.52682291386165
275   195.52682291386165
276   195.52682291386165
277   195.52682291386165
278   195.52682291386165
279   195.52682291386165
280   195.52682291386165
281   195.52682291386165
282   195.52682291386165
283   195.52682291386165
284   195.52682291386165
285   195.52682291386165
286   195.52682291386165
287   195.52682291386165
288   195.52682291386165
289   195.52682291386165
290   195.52682291386165
291   195.52682291386165
292   195.52682291386165
293   195.52682291386165
294   195.52682291386165
295   195.52682291386165
296   195.52682291386165
297   195.52682291386165
298   195.52682291386165
299   195.52682291386165
300   195.52682291386165
301   195.52682291386165
302   195.52682291386165
303   195.52682291386165
304   195.52682291386165
305   195.52682291386165
306   195.52682291386165
307   195.52682291386165
308   195.52682291386165
309   195.52682291386165
310   195.52682291386165
311   195.52682291386165
312   195.52682291386165
313   195.52682291386165
314   195.52682291386165
315   195.52682291386165
316   195.52682291386165
317   195.52682291386165
318   195.52682291386165
319   195.52682291386165
320   195.52682291386165
321   195.52682291386165
322   195.52682291386165
323   195.52682291386165
324   195.52682291386165
325   195.52682291386165
326   195.52682291386165
327   195.52682291386165
328   195.52682291386165
329   195.52682291386165
330   195.52682291386165
331   195.52682291386165
332   195.52682291386165
333   195.52682291386165
334   195.52682291386165
335   195.52682291386165
336   195.52682291386165
337   195.52682291386165
338   195.52682291386165
339   195.52682291386165
340   195.52682291386165
341   195.52682291386165
342   195.52682291386165
343   195.52682291386165
344   195.52682291386165
345   195.52682291386165
346   195.52682291386165
347   195.52682291386165
348   195.52682291386165
349   195.52682291386165
350   195.52682291386165
351   195.52682291386165
352   195.52682291386165
353   195.52682291386165
354   195.52682291386165
355   195.52682291386165
356   195.52682291386165
357   195.52682291386165
358   195.52682291386165
359   195.52682291386165
360   195.52682291386165
361   195.52682291386165
362   195.52682291386165
363   195.52682291386165
364   195.52682291386165
365   195.52682291386165
366   195.52682291386165
367   195.52682291386165
368   195.52682291386165
369   195.52682291386165
370   195.52682291386165
371   195.52682291386165
372   195.52682291386165
373   195.52682291386165
374   195.52682291386165
375   195.52682291386165
376   195.52682291386165
377   195.52682291386165
378   195.52682291386165
379   195.52682291386165
380   195.52682291386165
381   195.52682291386165
382   195.52682291386165
383   195.52682291386165
384   195.52682291386165
385   195.52682291386165
386   195.52682291386165
387   195.52682291386165
388   195.52682291386165
389   195.52682291386165
390   195.52682291386165
391   195.52682291386165
392   195.52682291386165
393   195.52682291386165
394   195.52682291386165
395   195.52682291386165
396   195.52682291386165
397   195.52682291386165
398   195.52682291386165
399   195.52682291386165
400   195.52682291386165
401   195.52682291386165
402   195.52682291386165
403   195.52682291386165
404   195.52682291386165
405   195.52682291386165
406   195.52682291386165
407   195.52682291386165
408   195.52682291386165
409   195.52682291386165
410   195.52682291386165
411   195.52682291386165
412   195.52682291386165
413   195.52682291386165
414   195.52682291386165
415   195.52682291386165
416   195.52682291386165
417   195.52682291386165
418   195.52682291386165
419   195.52682291386165
420   195.52682291386165
421   195.52682291386165
422   195.52682291386165
423   195.52682291386165
424   195.52682291386165
425   195.52682291386165
426   195.52682291386165
427   195.52682291386165
428   195.52682291386165
429   195.52682291386165
430   195.52682291386165
431   195.52682291386165
432   195.52682291386165
433   195.52682291386165
434   195.52682291386165
435   195.52682291386165
436   195.52682291386165
437   195.52682291386165
438   195.52682291386165
439   195.52682291386165
440   195.52682291386165
441   195.52682291386165
442   195.52682291386165
443   195.52682291386165
444   195.52682291386165
445   195.52682291386165
446   195.52682291386165
447   195.52682291386165
448   195.52682291386165
449   195.52682291386165
450   195.52682291386165
451   195.52682291386165
452   195.52682291386165
453   195.52682291386165
454   195.52682291386165
455   195.52682291386165
456   195.52682291386165
457   195.52682291386165
458   195.52682291386165
459   195.52682291386165
460   195.52682291386165
461   195.52682291386165
462   195.52682291386165
463   195.52682291386165
464   195.52682291386165
465   195.52682291386165
466   195.52682291386165
467   195.52682291386165
468   195.52682291386165
469   195.52682291386165
470   195.52682291386165
471   195.52682291386165
472   195.52682291386165
473   195.52682291386165
474   195.52682291386165
475   195.52682291386165
476   195.52682291386165
477   195.52682291386165
478   195.52682291386165
479   195.52682291386165
480   195.52682291386165
481   195.52682291386165
482   195.52682291386165
483   195.52682291386165
484   195.52682291386165
485   195.52682291386165
486   195.52682291386165
487   195.52682291386165
488   195.52682291386165
489   195.52682291386165
490   195.52682291386165
491   195.52682291386165
492   195.52682291386165
493   195.52682291386165
494   195.52682291386165
495   195.52682291386165
496   195.52682291386165
497   195.52682291386165
498   195.52682291386165
499   195.52682291386165
500   195.52682291386165
501   195.52682291386165
502   195.52682291386165
503   195.52682291386165
504   195.52682291386165
505   195.52682291386165
506   195.52682291386165
507   195.52682291386165
508   195.52682291386165
509   195.52682291386165
510   195.52682291386165
511   195.52682291386165
512   195.52682291386165
513   195.52682291386165
514   195.52682291386165
515   195.52682291386165
516   195.52682291386165
517   195.52682291386165
518   195.52682291386165
519   195.52682291386165
520   195.52682291386165
521   195.52682291386165
522   195.52682291386165
523   195.52682291386165
524   195.52682291386165
525   195.52682291386165
526   195.52682291386165
527   195.52682291386165
528   195.52682291386165
529   195.52682291386165
530   195.52682291386165
531   195.52682291386165
532   195.52682291386165
533   195.52682291386165
534   195.52682291386165
535   195.52682291386165
536   195.52682291386165
537   195.52682291386165
538   195.52682291386165
539   195.52682291386165
540   195.52682291386165
541   195.52682291386165
542   195.52682291386165
543   195.52682291386165
544   195.52682291386165
545   195.52682291386165
546   195.52682291386165
547   195.52682291386165
548   195.52682291386165
549   195.52682291386165
550   195.52682291386165
551   195.52682291386165
552   195.52682291386165
553   195.52682291386165
554   195.52682291386165
555   195.52682291386165
556   195.52682291386165
557   195.52682291386165
558   195.52682291386165
559   195.52682291386165
560   195.52682291386165
561   195.52682291386165
562   195.52682291386165
563   195.52682291386165
564   195.52682291386165
565   195.52682291386165
566   195.52682291386165
567   195.52682291386165
568   195.52682291386165
569   195.52682291386165
570   195.52682291386165
571   195.52682291386165
572   195.52682291386165
573   195.52682291386165
574   195.52682291386165
575   195.52682291386165
576   195.52682291386165
577   195.52682291386165
578   195.52682291386165
579   195.52682291386165
580   195.52682291386165
581   195.52682291386165
582   195.52682291386165
583   195.52682291386165
584   195.52682291386165
585   195.52682291386165
586   195.52682291386165
587   195.52682291386165
588   195.52682291386165
589   195.52682291386165
590   195.52682291386165
591   195.52682291386165
592   195.52682291386165
593   195.52682291386165
594   195.52682291386165
595   195.52682291386165
596   195.52682291386165
597   195.52682291386165
598   195.52682291386165
599   195.52682291386165
600   195.52682291386165
601   195.52682291386165
602   195.52682291386165
603   195.52682291386165
604   195.52682291386165
605   195.52682291386165
606   195.52682291386165
607   195.52682291386165
608   195.52682291386165
609   195.52682291386165
610   195.52682291386165
611   195.52682291386165
612   195.52682291386165
613   195.52682291386165
614   195.52682291386165
615   195.52682291386165
616   195.52682291386165
617   195.52682291386165
618   195.52682291386165
619   195.52682291386165
620   195.52682291386165
621   195.52682291386165
622   195.52682291386165
623   195.52682291386165
624   195.52682291386165
625   195.52682291386165
626   195.52682291386165
627   195.52682291386165
628   195.52682291386165
629   195.52682291386165
630   195.52682291386165
631   195.52682291386165
632   195.52682291386165
633   195.52682291386165
634   195.52682291386165
635   195.52682291386165
636   195.52682291386165
637   195.52682291386165
638   195.52682291386165
639   195.52682291386165
640   195.52682291386165
641   195.52682291386165
642   195.52682291386165
643   195.52682291386165
644   195.52682291386165
645   195.52682291386165
646   195.52682291386165
647   195.52682291386165
648   195.52682291386165
649   195.52682291386165
650   195.52682291386165
651   195.52682291386165
652   195.52682291386165
653   195.52682291386165
654   195.52682291386165
655   195.52682291386165
656   195.52682291386165
657   195.52682291386165
658   195.52682291386165
659   195.52682291386165
660   195.52682291386165
661   195.52682291386165
662   195.52682291386165
663   195.52682291386165
664   195.52682291386165
665   195.52682291386165
666   195.52682291386165
667   195.52682291386165
668   195.52682291386165
669   195.52682291386165
670   195.52682291386165
671   195.52682291386165
672   195.52682291386165
673   195.52682291386165
674   195.52682291386165
675   195.52682291386165
676   195.52682291386165
677   195.52682291386165
678   195.52682291386165
679   195.52682291386165
680   195.52682291386165
681   195.52682291386165
682   195.52682291386165
683   195.52682291386165
684   195.52682291386165
685   195.52682291386165
686   195.52682291386165
687   195.52682291386165
688   195.52682291386165
689   195.52682291386165
690   195.52682291386165
691   195.52682291386165
692   195.52682291386165
693   195.52682291386165
694   195.52682291386165
695   195.52682291386165
696   195.52682291386165
697   195.52682291386165
698   195.52682291386165
699   195.52682291386165
700   195.52682291386165
701   195.52682291386165
702   195.52682291386165
703   195.52682291386165
704   195.52682291386165
705   195.52682291386165
706   195.52682291386165
707   195.52682291386165
708   195.52682291386165
709   195.52682291386165
710   195.52682291386165
711   195.52682291386165
712   195.52682291386165
713   195.52682291386165
714   195.52682291386165
715   195.52682291386165
716   195.52682291386165
717   195.52682291386165
718   195.52682291386165
719   195.52682291386165
720   195.52682291386165
721   195.52682291386165
722   195.52682291386165
723   195.52682291386165
724   195.52682291386165
725   195.52682291386165
726   195.52682291386165
727   195.52682291386165
728   195.52682291386165
729   195.52682291386165
730   195.52682291386165
731   195.52682291386165
732   195.52682291386165
733   195.52682291386165
734   195.52682291386165
735   195.52682291386165
736   195.52682291386165
737   195.52682291386165
738   195.52682291386165
739   195.52682291386165
740   195.52682291386165
741   195.52682291386165
742   195.52682291386165
743   195.52682291386165
744   195.52682291386165
745   195.52682291386165
746   195.52682291386165
747   195.52682291386165
748   195.52682291386165
749   195.52682291386165
750   195.52682291386165
751   195.52682291386165
752   195.52682291386165
753   195.52682291386165
754   195.52682291386165
755   195.52682291386165
756   195.52682291386165
757   195.52682291386165
758   195.52682291386165
759   195.52682291386165
760   195.52682291386165
761   195.52682291386165
762   195.52682291386165
763   195.52682291386165
764   195.52682291386165
765   195.52682291386165
766   195.52682291386165
767   195.52682291386165
768   195.52682291386165
769   195.52682291386165
770   195.52682291386165
771   195.52682291386165
772   195.52682291386165
773   195.52682291386165
774   195.52682291386165
775   195.52682291386165
776   195.52682291386165
777   195.52682291386165
778   195.52682291386165
779   195.52682291386165
780   195.52682291386165
781   195.52682291386165
782   195.52682291386165
783   195.52682291386165
784   195.52682291386165
785   195.52682291386165
786   195.52682291386165
787   195.52682291386165
788   195.52682291386165
789   195.52682291386165
790   195.52682291386165
791   195.52682291386165
792   195.52682291386165
793   195.52682291386165
794   195.52682291386165
795   195.52682291386165
796   195.52682291386165
797   195.52682291386165
798   195.52682291386165
799   195.52682291386165
800   195.52682291386165
801   195.52682291386165
802   195.52682291386165
803   195.52682291386165
804   195.52682291386165
805   195.52682291386165
806   195.52682291386165
807   195.52682291386165
808   195.52682291386165
809   195.52682291386165
810   195.52682291386165
811   195.52682291386165
812   195.52682291386165
813   195.52682291386165
814   195.52682291386165
815   195.52682291386165
816   195.52682291386165
817   195.52682291386165
818   195.52682291386165
819   195.52682291386165
820   195.52682291386165
821   195.52682291386165
822   195.52682291386165
823   195.52682291386165
824   195.52682291386165
825   195.52682291386165
826   195.52682291386165
827   195.52682291386165
828   195.52682291386165
829   195.52682291386165
830   195.52682291386165
831   195.52682291386165
832   195.52682291386165
833   195.52682291386165
834   195.52682291386165
835   195.52682291386165
836   195.52682291386165
837   195.52682291386165
838   195.52682291386165
839   195.52682291386165
840   195.52682291386165
841   195.52682291386165
842   195.52682291386165
843   195.52682291386165
844   195.52682291386165
845   195.52682291386165
846   195.52682291386165
847   195.52682291386165
848   195.52682291386165
849   195.52682291386165
850   195.52682291386165
851   195.52682291386165
852   195.52682291386165
853   195.52682291386165
854   195.52682291386165
855   195.52682291386165
856   195.52682291386165
857   195.52682291386165
858   195.52682291386165
859   195.52682291386165
860   195.52682291386165
861   195.52682291386165
862   195.52682291386165
863   195.52682291386165
864   195.52682291386165
865   195.52682291386165
866   195.52682291386165
867   195.52682291386165
868   195.52682291386165
869   195.52682291386165
870   195.52682291386165
871   195.52682291386165
872   195.52682291386165
873   195.52682291386165
874   195.52682291386165
875   195.52682291386165
876   195.52682291386165
877   195.52682291386165
878   195.52682291386165
879   195.52682291386165
880   195.52682291386165
881   195.52682291386165
882   195.52682291386165
883   195.52682291386165
884   195.52682291386165
885   195.52682291386165
886   195.52682291386165
887   195.52682291386165
888   195.52682291386165
889   195.52682291386165
890   195.52682291386165
891   195.52682291386165
892   195.52682291386165
893   195.52682291386165
894   195.52682291386165
895   195.52682291386165
896   195.52682291386165
897   195.52682291386165
898   195.52682291386165
899   195.52682291386165
900   195.52682291386165
901   195.52682291386165
902   195.52682291386165
903   195.52682291386165
904   195.52682291386165
905   195.52682291386165
906   195.52682291386165
907   195.52682291386165
908   195.52682291386165
909   195.52682291386165
910   195.52682291386165
911   195.52682291386165
912   195.52682291386165
913   195.52682291386165
914   195.52682291386165
915   195.52682291386165
916   195.52682291386165
917   195.52682291386165
918   195.52682291386165
919   195.52682291386165
920   195.52682291386165
921   195.52682291386165
922   195.52682291386165
923   195.52682291386165
924   195.52682291386165
925   195.52682291386165
926   195.52682291386165
927   195.52682291386165
928   195.52682291386165
929   195.52682291386165
930   195.52682291386165
931   195.52682291386165
932   195.52682291386165
933   195.52682291386165
934   195.52682291386165
935   195.52682291386165
936   195.52682291386165
937   195.52682291386165
938   195.52682291386165
939   195.52682291386165
940   195.52682291386165
941   195.52682291386165
942   195.52682291386165
943   195.52682291386165
944   195.52682291386165
945   195.52682291386165
946   195.52682291386165
947   195.52682291386165
948   195.52682291386165
949   195.52682291386165
950   195.52682291386165
951   195.52682291386165
952   195.52682291386165
953   195.52682291386165
954   195.52682291386165
955   195.52682291386165
956   195.52682291386165
957   195.52682291386165
958   195.52682291386165
959   195.52682291386165
960   195.52682291386165
961   195.52682291386165
962   195.52682291386165
963   195.52682291386165
964   195.52682291386165
965   195.52682291386165
966   195.52682291386165
967   195.52682291386165
968   195.52682291386165
969   195.52682291386165
970   195.52682291386165
971   195.52682291386165
972   195.52682291386165
973   195.52682291386165
974   195.52682291386165
975   195.52682291386165
976   195.52682291386165
977   195.52682291386165
978   195.52682291386165
979   195.52682291386165
980   195.52682291386165
981   195.52682291386165
982   195.52682291386165
983   195.52682291386165
984   195.52682291386165
985   195.52682291386165
986   195.52682291386165
987   195.52682291386165
988   195.52682291386165
989   195.52682291386165
990   195.52682291386165
991   195.52682291386165
992   195.52682291386165
993   195.52682291386165
994   195.52682291386165
995   195.52682291386165
996   195.52682291386165
997   195.52682291386165
998   195.52682291386165
999   195.52682291386165
