1   307.14004698332116
2   307.14004698332116
3   246.31298030241783
4   246.31298030241783
5   246.31298030241783
6   246.31298030241783
7   246.31298030241783
8   246.31298030241783
9   246.31298030241783
10   246.31298030241783
11   246.31298030241783
12   246.31298030241783
13   246.31298030241783
14   246.31298030241783
15   246.31298030241783
16   246.31298030241783
17   246.31298030241783
18   246.31298030241783
19   246.31298030241783
20   246.31298030241783
21   246.31298030241783
22   246.31298030241783
23   246.31298030241783
24   246.31298030241783
25   246.31298030241783
26   246.31298030241783
27   246.31298030241783
28   246.31298030241783
29   246.31298030241783
30   246.31298030241783
31   246.31298030241783
32   246.31298030241783
33   246.31298030241783
34   246.31298030241783
35   246.31298030241783
36   246.31298030241783
37   246.31298030241783
38   246.31298030241783
39   246.31298030241783
40   246.31298030241783
41   246.31298030241783
42   246.31298030241783
43   246.31298030241783
44   246.31298030241783
45   246.31298030241783
46   246.31298030241783
47   246.31298030241783
48   246.31298030241783
49   246.31298030241783
50   246.31298030241783
51   246.31298030241783
52   246.31298030241783
53   246.31298030241783
54   246.31298030241783
55   246.31298030241783
56   246.31298030241783
57   246.31298030241783
58   246.31298030241783
59   246.31298030241783
60   246.31298030241783
61   246.31298030241783
62   246.31298030241783
63   246.31298030241783
64   246.31298030241783
65   246.31298030241783
66   246.31298030241783
67   246.31298030241783
68   246.31298030241783
69   246.31298030241783
70   246.31298030241783
71   246.31298030241783
72   246.31298030241783
73   246.31298030241783
74   246.31298030241783
75   246.31298030241783
76   246.31298030241783
77   246.31298030241783
78   246.31298030241783
79   246.31298030241783
80   246.31298030241783
81   246.31298030241783
82   246.31298030241783
83   246.31298030241783
84   246.31298030241783
85   246.31298030241783
86   246.31298030241783
87   246.31298030241783
88   246.31298030241783
89   246.31298030241783
90   246.31298030241783
91   246.31298030241783
92   246.31298030241783
93   246.31298030241783
94   246.31298030241783
95   246.31298030241783
96   246.31298030241783
97   246.31298030241783
98   246.31298030241783
99   246.31298030241783
100   246.31298030241783
101   246.31298030241783
102   246.31298030241783
103   246.31298030241783
104   246.31298030241783
105   246.31298030241783
106   246.31298030241783
107   246.31298030241783
108   246.31298030241783
109   246.31298030241783
110   246.31298030241783
111   246.31298030241783
112   246.31298030241783
113   246.31298030241783
114   246.31298030241783
115   246.31298030241783
116   246.31298030241783
117   246.31298030241783
118   246.31298030241783
119   246.31298030241783
120   246.31298030241783
121   246.31298030241783
122   246.31298030241783
123   246.31298030241783
124   246.31298030241783
125   246.31298030241783
126   246.31298030241783
127   246.31298030241783
128   246.31298030241783
129   246.31298030241783
130   246.31298030241783
131   246.31298030241783
132   246.31298030241783
133   246.31298030241783
134   246.31298030241783
135   246.31298030241783
136   246.31298030241783
137   246.31298030241783
138   246.31298030241783
139   246.31298030241783
140   246.31298030241783
141   246.31298030241783
142   246.31298030241783
143   246.31298030241783
144   246.31298030241783
145   246.31298030241783
146   246.31298030241783
147   246.31298030241783
148   246.31298030241783
149   246.31298030241783
150   246.31298030241783
151   246.31298030241783
152   246.31298030241783
153   246.31298030241783
154   246.31298030241783
155   246.31298030241783
156   246.31298030241783
157   246.31298030241783
158   246.31298030241783
159   246.31298030241783
160   246.31298030241783
161   246.31298030241783
162   246.31298030241783
163   246.31298030241783
164   246.31298030241783
165   246.31298030241783
166   246.31298030241783
167   246.31298030241783
168   246.31298030241783
169   246.31298030241783
170   246.31298030241783
171   246.31298030241783
172   246.31298030241783
173   246.31298030241783
174   246.31298030241783
175   246.31298030241783
176   246.31298030241783
177   246.31298030241783
178   246.31298030241783
179   246.31298030241783
180   246.31298030241783
181   246.31298030241783
182   246.31298030241783
183   246.31298030241783
184   246.31298030241783
185   246.31298030241783
186   246.31298030241783
187   246.31298030241783
188   246.31298030241783
189   246.31298030241783
190   246.31298030241783
191   246.31298030241783
192   246.31298030241783
193   246.31298030241783
194   246.31298030241783
195   246.31298030241783
196   246.31298030241783
197   246.31298030241783
198   246.31298030241783
199   246.31298030241783
200   246.31298030241783
201   246.31298030241783
202   246.31298030241783
203   246.31298030241783
204   246.31298030241783
205   246.31298030241783
206   246.31298030241783
207   246.31298030241783
208   246.31298030241783
209   246.31298030241783
210   246.31298030241783
211   246.31298030241783
212   246.31298030241783
213   246.31298030241783
214   246.31298030241783
215   246.31298030241783
216   246.31298030241783
217   246.31298030241783
218   246.31298030241783
219   246.31298030241783
220   246.31298030241783
221   246.31298030241783
222   246.31298030241783
223   246.31298030241783
224   246.31298030241783
225   246.31298030241783
226   246.31298030241783
227   246.31298030241783
228   246.31298030241783
229   246.31298030241783
230   246.31298030241783
231   246.31298030241783
232   246.31298030241783
233   246.31298030241783
234   246.31298030241783
235   246.31298030241783
236   246.31298030241783
237   246.31298030241783
238   246.31298030241783
239   246.31298030241783
240   246.31298030241783
241   246.31298030241783
242   246.31298030241783
243   246.31298030241783
244   246.31298030241783
245   246.31298030241783
246   246.31298030241783
247   246.31298030241783
248   246.31298030241783
249   246.31298030241783
250   246.31298030241783
251   246.31298030241783
252   246.31298030241783
253   246.31298030241783
254   246.31298030241783
255   246.31298030241783
256   246.31298030241783
257   246.31298030241783
258   246.31298030241783
259   246.31298030241783
260   246.31298030241783
261   246.31298030241783
262   246.31298030241783
263   246.31298030241783
264   246.31298030241783
265   246.31298030241783
266   246.31298030241783
267   246.31298030241783
268   246.31298030241783
269   246.31298030241783
270   246.31298030241783
271   246.31298030241783
272   246.31298030241783
273   246.31298030241783
274   246.31298030241783
275   246.31298030241783
276   246.31298030241783
277   246.31298030241783
278   246.31298030241783
279   246.31298030241783
280   246.31298030241783
281   246.31298030241783
282   246.31298030241783
283   246.31298030241783
284   246.31298030241783
285   246.31298030241783
286   246.31298030241783
287   246.31298030241783
288   246.31298030241783
289   246.31298030241783
290   246.31298030241783
291   246.31298030241783
292   246.31298030241783
293   246.31298030241783
294   246.31298030241783
295   246.31298030241783
296   246.31298030241783
297   246.31298030241783
298   246.31298030241783
299   246.31298030241783
300   246.31298030241783
301   246.31298030241783
302   246.31298030241783
303   246.31298030241783
304   246.31298030241783
305   246.31298030241783
306   246.31298030241783
307   246.31298030241783
308   246.31298030241783
309   246.31298030241783
310   246.31298030241783
311   246.31298030241783
312   246.31298030241783
313   246.31298030241783
314   246.31298030241783
315   246.31298030241783
316   246.31298030241783
317   246.31298030241783
318   246.31298030241783
319   246.31298030241783
320   246.31298030241783
321   246.31298030241783
322   246.31298030241783
323   246.31298030241783
324   246.31298030241783
325   246.31298030241783
326   246.31298030241783
327   246.31298030241783
328   246.31298030241783
329   246.31298030241783
330   246.31298030241783
331   246.31298030241783
332   246.31298030241783
333   246.31298030241783
334   246.31298030241783
335   246.31298030241783
336   246.31298030241783
337   246.31298030241783
338   246.31298030241783
339   246.31298030241783
340   246.31298030241783
341   246.31298030241783
342   246.31298030241783
343   246.31298030241783
344   246.31298030241783
345   246.31298030241783
346   246.31298030241783
347   246.31298030241783
348   246.31298030241783
349   246.31298030241783
350   246.31298030241783
351   246.31298030241783
352   246.31298030241783
353   246.31298030241783
354   246.31298030241783
355   246.31298030241783
356   246.31298030241783
357   246.31298030241783
358   246.31298030241783
359   246.31298030241783
360   246.31298030241783
361   246.31298030241783
362   246.31298030241783
363   246.31298030241783
364   246.31298030241783
365   246.31298030241783
366   246.31298030241783
367   246.31298030241783
368   246.31298030241783
369   246.31298030241783
370   246.31298030241783
371   246.31298030241783
372   246.31298030241783
373   246.31298030241783
374   246.31298030241783
375   246.31298030241783
376   246.31298030241783
377   246.31298030241783
378   246.31298030241783
379   246.31298030241783
380   246.31298030241783
381   246.31298030241783
382   246.31298030241783
383   246.31298030241783
384   246.31298030241783
385   246.31298030241783
386   246.31298030241783
387   246.31298030241783
388   246.31298030241783
389   246.31298030241783
390   246.31298030241783
391   246.31298030241783
392   246.31298030241783
393   246.31298030241783
394   246.31298030241783
395   246.31298030241783
396   246.31298030241783
397   246.31298030241783
398   246.31298030241783
399   246.31298030241783
400   246.31298030241783
401   246.31298030241783
402   246.31298030241783
403   246.31298030241783
404   246.31298030241783
405   246.31298030241783
406   246.31298030241783
407   246.31298030241783
408   246.31298030241783
409   246.31298030241783
410   246.31298030241783
411   246.31298030241783
412   246.31298030241783
413   246.31298030241783
414   246.31298030241783
415   246.31298030241783
416   246.31298030241783
417   246.31298030241783
418   246.31298030241783
419   246.31298030241783
420   246.31298030241783
421   246.31298030241783
422   246.31298030241783
423   246.31298030241783
424   246.31298030241783
425   246.31298030241783
426   246.31298030241783
427   246.31298030241783
428   246.31298030241783
429   246.31298030241783
430   246.31298030241783
431   246.31298030241783
432   246.31298030241783
433   246.31298030241783
434   246.31298030241783
435   246.31298030241783
436   246.31298030241783
437   246.31298030241783
438   246.31298030241783
439   246.31298030241783
440   246.31298030241783
441   246.31298030241783
442   246.31298030241783
443   246.31298030241783
444   246.31298030241783
445   246.31298030241783
446   246.31298030241783
447   246.31298030241783
448   246.31298030241783
449   246.31298030241783
450   246.31298030241783
451   246.31298030241783
452   246.31298030241783
453   246.31298030241783
454   246.31298030241783
455   246.31298030241783
456   246.31298030241783
457   246.31298030241783
458   246.31298030241783
459   246.31298030241783
460   246.31298030241783
461   246.31298030241783
462   246.31298030241783
463   246.31298030241783
464   246.31298030241783
465   246.31298030241783
466   246.31298030241783
467   246.31298030241783
468   246.31298030241783
469   246.31298030241783
470   246.31298030241783
471   246.31298030241783
472   246.31298030241783
473   246.31298030241783
474   246.31298030241783
475   246.31298030241783
476   246.31298030241783
477   246.31298030241783
478   246.31298030241783
479   246.31298030241783
480   246.31298030241783
481   246.31298030241783
482   246.31298030241783
483   246.31298030241783
484   246.31298030241783
485   246.31298030241783
486   246.31298030241783
487   246.31298030241783
488   246.31298030241783
489   246.31298030241783
490   246.31298030241783
491   246.31298030241783
492   246.31298030241783
493   246.31298030241783
494   246.31298030241783
495   246.31298030241783
496   246.31298030241783
497   246.31298030241783
498   246.31298030241783
499   246.31298030241783
500   246.31298030241783
501   246.31298030241783
502   246.31298030241783
503   246.31298030241783
504   246.31298030241783
505   246.31298030241783
506   246.31298030241783
507   246.31298030241783
508   246.31298030241783
509   246.31298030241783
510   246.31298030241783
511   246.31298030241783
512   246.31298030241783
513   246.31298030241783
514   246.31298030241783
515   246.31298030241783
516   246.31298030241783
517   246.31298030241783
518   246.31298030241783
519   246.31298030241783
520   246.31298030241783
521   246.31298030241783
522   246.31298030241783
523   246.31298030241783
524   246.31298030241783
525   246.31298030241783
526   246.31298030241783
527   246.31298030241783
528   246.31298030241783
529   246.31298030241783
530   246.31298030241783
531   246.31298030241783
532   246.31298030241783
533   246.31298030241783
534   246.31298030241783
535   246.31298030241783
536   246.31298030241783
537   246.31298030241783
538   246.31298030241783
539   246.31298030241783
540   246.31298030241783
541   246.31298030241783
542   246.31298030241783
543   246.31298030241783
544   246.31298030241783
545   246.31298030241783
546   246.31298030241783
547   246.31298030241783
548   246.31298030241783
549   246.31298030241783
550   246.31298030241783
551   246.31298030241783
552   246.31298030241783
553   246.31298030241783
554   246.31298030241783
555   246.31298030241783
556   246.31298030241783
557   246.31298030241783
558   246.31298030241783
559   246.31298030241783
560   246.31298030241783
561   246.31298030241783
562   246.31298030241783
563   246.31298030241783
564   246.31298030241783
565   246.31298030241783
566   246.31298030241783
567   246.31298030241783
568   246.31298030241783
569   246.31298030241783
570   246.31298030241783
571   246.31298030241783
572   246.31298030241783
573   246.31298030241783
574   246.31298030241783
575   246.31298030241783
576   246.31298030241783
577   246.31298030241783
578   246.31298030241783
579   246.31298030241783
580   246.31298030241783
581   246.31298030241783
582   246.31298030241783
583   246.31298030241783
584   246.31298030241783
585   246.31298030241783
586   246.31298030241783
587   246.31298030241783
588   246.31298030241783
589   246.31298030241783
590   246.31298030241783
591   246.31298030241783
592   246.31298030241783
593   246.31298030241783
594   246.31298030241783
595   246.31298030241783
596   246.31298030241783
597   246.31298030241783
598   246.31298030241783
599   246.31298030241783
600   246.31298030241783
601   246.31298030241783
602   246.31298030241783
603   246.31298030241783
604   246.31298030241783
605   246.31298030241783
606   246.31298030241783
607   246.31298030241783
608   246.31298030241783
609   246.31298030241783
610   246.31298030241783
611   246.31298030241783
612   246.31298030241783
613   246.31298030241783
614   246.31298030241783
615   246.31298030241783
616   246.31298030241783
617   246.31298030241783
618   246.31298030241783
619   246.31298030241783
620   246.31298030241783
621   246.31298030241783
622   246.31298030241783
623   246.31298030241783
624   246.31298030241783
625   246.31298030241783
626   246.31298030241783
627   246.31298030241783
628   246.31298030241783
629   246.31298030241783
630   246.31298030241783
631   246.31298030241783
632   246.31298030241783
633   246.31298030241783
634   246.31298030241783
635   246.31298030241783
636   246.31298030241783
637   246.31298030241783
638   246.31298030241783
639   246.31298030241783
640   246.31298030241783
641   246.31298030241783
642   246.31298030241783
643   246.31298030241783
644   246.31298030241783
645   246.31298030241783
646   246.31298030241783
647   246.31298030241783
648   246.31298030241783
649   246.31298030241783
650   246.31298030241783
651   246.31298030241783
652   246.31298030241783
653   246.31298030241783
654   246.31298030241783
655   246.31298030241783
656   246.31298030241783
657   246.31298030241783
658   246.31298030241783
659   246.31298030241783
660   246.31298030241783
661   246.31298030241783
662   246.31298030241783
663   246.31298030241783
664   246.31298030241783
665   246.31298030241783
666   246.31298030241783
667   246.31298030241783
668   246.31298030241783
669   246.31298030241783
670   246.31298030241783
671   246.31298030241783
672   246.31298030241783
673   246.31298030241783
674   246.31298030241783
675   246.31298030241783
676   246.31298030241783
677   246.31298030241783
678   246.31298030241783
679   246.31298030241783
680   246.31298030241783
681   246.31298030241783
682   246.31298030241783
683   246.31298030241783
684   246.31298030241783
685   246.31298030241783
686   246.31298030241783
687   246.31298030241783
688   246.31298030241783
689   246.31298030241783
690   246.31298030241783
691   246.31298030241783
692   246.31298030241783
693   246.31298030241783
694   246.31298030241783
695   246.31298030241783
696   246.31298030241783
697   246.31298030241783
698   246.31298030241783
699   246.31298030241783
700   246.31298030241783
701   246.31298030241783
702   246.31298030241783
703   246.31298030241783
704   246.31298030241783
705   246.31298030241783
706   246.31298030241783
707   246.31298030241783
708   246.31298030241783
709   246.31298030241783
710   246.31298030241783
711   246.31298030241783
712   246.31298030241783
713   246.31298030241783
714   246.31298030241783
715   246.31298030241783
716   246.31298030241783
717   246.31298030241783
718   246.31298030241783
719   246.31298030241783
720   246.31298030241783
721   246.31298030241783
722   246.31298030241783
723   246.31298030241783
724   246.31298030241783
725   246.31298030241783
726   246.31298030241783
727   246.31298030241783
728   246.31298030241783
729   246.31298030241783
730   246.31298030241783
731   246.31298030241783
732   246.31298030241783
733   246.31298030241783
734   246.31298030241783
735   246.31298030241783
736   246.31298030241783
737   246.31298030241783
738   246.31298030241783
739   246.31298030241783
740   246.31298030241783
741   246.31298030241783
742   246.31298030241783
743   246.31298030241783
744   246.31298030241783
745   246.31298030241783
746   246.31298030241783
747   246.31298030241783
748   246.31298030241783
749   246.31298030241783
750   246.31298030241783
751   246.31298030241783
752   246.31298030241783
753   246.31298030241783
754   246.31298030241783
755   246.31298030241783
756   246.31298030241783
757   246.31298030241783
758   246.31298030241783
759   246.31298030241783
760   246.31298030241783
761   246.31298030241783
762   246.31298030241783
763   246.31298030241783
764   246.31298030241783
765   246.31298030241783
766   246.31298030241783
767   246.31298030241783
768   246.31298030241783
769   246.31298030241783
770   246.31298030241783
771   246.31298030241783
772   246.31298030241783
773   246.31298030241783
774   246.31298030241783
775   246.31298030241783
776   246.31298030241783
777   246.31298030241783
778   246.31298030241783
779   246.31298030241783
780   246.31298030241783
781   246.31298030241783
782   246.31298030241783
783   246.31298030241783
784   246.31298030241783
785   246.31298030241783
786   246.31298030241783
787   246.31298030241783
788   246.31298030241783
789   246.31298030241783
790   246.31298030241783
791   246.31298030241783
792   246.31298030241783
793   246.31298030241783
794   246.31298030241783
795   246.31298030241783
796   246.31298030241783
797   246.31298030241783
798   246.31298030241783
799   246.31298030241783
800   246.31298030241783
801   246.31298030241783
802   246.31298030241783
803   246.31298030241783
804   246.31298030241783
805   246.31298030241783
806   246.31298030241783
807   246.31298030241783
808   246.31298030241783
809   246.31298030241783
810   246.31298030241783
811   246.31298030241783
812   246.31298030241783
813   246.31298030241783
814   246.31298030241783
815   246.31298030241783
816   246.31298030241783
817   246.31298030241783
818   246.31298030241783
819   246.31298030241783
820   246.31298030241783
821   246.31298030241783
822   246.31298030241783
823   246.31298030241783
824   246.31298030241783
825   246.31298030241783
826   246.31298030241783
827   246.31298030241783
828   246.31298030241783
829   246.31298030241783
830   246.31298030241783
831   246.31298030241783
832   246.31298030241783
833   246.31298030241783
834   246.31298030241783
835   246.31298030241783
836   246.31298030241783
837   246.31298030241783
838   246.31298030241783
839   246.31298030241783
840   246.31298030241783
841   246.31298030241783
842   246.31298030241783
843   246.31298030241783
844   246.31298030241783
845   246.31298030241783
846   246.31298030241783
847   246.31298030241783
848   246.31298030241783
849   246.31298030241783
850   246.31298030241783
851   246.31298030241783
852   246.31298030241783
853   246.31298030241783
854   246.31298030241783
855   246.31298030241783
856   246.31298030241783
857   246.31298030241783
858   246.31298030241783
859   246.31298030241783
860   246.31298030241783
861   246.31298030241783
862   246.31298030241783
863   246.31298030241783
864   246.31298030241783
865   246.31298030241783
866   246.31298030241783
867   246.31298030241783
868   246.31298030241783
869   246.31298030241783
870   246.31298030241783
871   246.31298030241783
872   246.31298030241783
873   246.31298030241783
874   246.31298030241783
875   246.31298030241783
876   246.31298030241783
877   246.31298030241783
878   246.31298030241783
879   246.31298030241783
880   246.31298030241783
881   246.31298030241783
882   246.31298030241783
883   246.31298030241783
884   246.31298030241783
885   246.31298030241783
886   246.31298030241783
887   246.31298030241783
888   246.31298030241783
889   246.31298030241783
890   246.31298030241783
891   246.31298030241783
892   246.31298030241783
893   246.31298030241783
894   246.31298030241783
895   246.31298030241783
896   246.31298030241783
897   246.31298030241783
898   246.31298030241783
899   246.31298030241783
900   246.31298030241783
901   246.31298030241783
902   246.31298030241783
903   246.31298030241783
904   246.31298030241783
905   246.31298030241783
906   246.31298030241783
907   246.31298030241783
908   246.31298030241783
909   246.31298030241783
910   246.31298030241783
911   246.31298030241783
912   246.31298030241783
913   246.31298030241783
914   246.31298030241783
915   246.31298030241783
916   246.31298030241783
917   246.31298030241783
918   246.31298030241783
919   246.31298030241783
920   246.31298030241783
921   246.31298030241783
922   246.31298030241783
923   246.31298030241783
924   246.31298030241783
925   246.31298030241783
926   246.31298030241783
927   246.31298030241783
928   246.31298030241783
929   246.31298030241783
930   246.31298030241783
931   246.31298030241783
932   246.31298030241783
933   246.31298030241783
934   246.31298030241783
935   246.31298030241783
936   246.31298030241783
937   246.31298030241783
938   246.31298030241783
939   246.31298030241783
940   246.31298030241783
941   246.31298030241783
942   246.31298030241783
943   246.31298030241783
944   246.31298030241783
945   246.31298030241783
946   246.31298030241783
947   246.31298030241783
948   246.31298030241783
949   246.31298030241783
950   246.31298030241783
951   246.31298030241783
952   246.31298030241783
953   246.31298030241783
954   246.31298030241783
955   246.31298030241783
956   246.31298030241783
957   246.31298030241783
958   246.31298030241783
959   246.31298030241783
960   246.31298030241783
961   246.31298030241783
962   246.31298030241783
963   246.31298030241783
964   246.31298030241783
965   246.31298030241783
966   246.31298030241783
967   246.31298030241783
968   246.31298030241783
969   246.31298030241783
970   246.31298030241783
971   246.31298030241783
972   246.31298030241783
973   246.31298030241783
974   246.31298030241783
975   246.31298030241783
976   246.31298030241783
977   246.31298030241783
978   246.31298030241783
979   246.31298030241783
980   246.31298030241783
981   246.31298030241783
982   246.31298030241783
983   246.31298030241783
984   246.31298030241783
985   246.31298030241783
986   246.31298030241783
987   246.31298030241783
988   246.31298030241783
989   246.31298030241783
990   246.31298030241783
991   246.31298030241783
992   246.31298030241783
993   246.31298030241783
994   246.31298030241783
995   246.31298030241783
996   246.31298030241783
997   246.31298030241783
998   246.31298030241783
999   246.31298030241783
