1   304.6489011305494
2   304.6489011305494
3   304.6489011305494
4   304.6489011305494
5   304.6489011305494
6   304.6489011305494
7   304.6489011305494
8   246.95012156674764
9   246.95012156674764
10   246.95012156674764
11   246.95012156674764
12   246.95012156674764
13   246.95012156674764
14   246.95012156674764
15   246.95012156674764
16   246.95012156674764
17   246.95012156674764
18   246.95012156674764
19   246.95012156674764
20   246.95012156674764
21   246.95012156674764
22   246.95012156674764
23   246.95012156674764
24   246.95012156674764
25   246.95012156674764
26   246.95012156674764
27   246.95012156674764
28   246.95012156674764
29   246.95012156674764
30   246.95012156674764
31   246.95012156674764
32   246.95012156674764
33   246.95012156674764
34   246.95012156674764
35   246.95012156674764
36   246.95012156674764
37   246.95012156674764
38   246.95012156674764
39   246.95012156674764
40   246.95012156674764
41   246.95012156674764
42   246.95012156674764
43   246.95012156674764
44   246.95012156674764
45   246.95012156674764
46   246.95012156674764
47   246.95012156674764
48   246.95012156674764
49   246.95012156674764
50   246.95012156674764
51   246.95012156674764
52   246.95012156674764
53   246.95012156674764
54   246.95012156674764
55   246.95012156674764
56   246.95012156674764
57   246.95012156674764
58   246.95012156674764
59   246.95012156674764
60   246.95012156674764
61   246.95012156674764
62   246.95012156674764
63   246.95012156674764
64   246.95012156674764
65   246.95012156674764
66   246.95012156674764
67   246.95012156674764
68   246.95012156674764
69   246.95012156674764
70   246.95012156674764
71   246.95012156674764
72   246.95012156674764
73   246.95012156674764
74   246.95012156674764
75   246.95012156674764
76   246.95012156674764
77   246.95012156674764
78   246.95012156674764
79   246.95012156674764
80   246.95012156674764
81   246.95012156674764
82   246.95012156674764
83   246.95012156674764
84   246.95012156674764
85   246.95012156674764
86   246.95012156674764
87   246.95012156674764
88   246.95012156674764
89   246.95012156674764
90   246.95012156674764
91   246.95012156674764
92   246.95012156674764
93   246.95012156674764
94   246.95012156674764
95   246.95012156674764
96   246.95012156674764
97   246.95012156674764
98   246.95012156674764
99   246.95012156674764
100   246.95012156674764
101   246.95012156674764
102   246.95012156674764
103   246.95012156674764
104   246.95012156674764
105   246.95012156674764
106   246.95012156674764
107   246.95012156674764
108   246.95012156674764
109   246.95012156674764
110   246.95012156674764
111   246.95012156674764
112   246.95012156674764
113   246.95012156674764
114   246.95012156674764
115   246.95012156674764
116   246.95012156674764
117   246.95012156674764
118   246.95012156674764
119   246.95012156674764
120   246.95012156674764
121   246.95012156674764
122   246.95012156674764
123   246.95012156674764
124   246.95012156674764
125   246.95012156674764
126   246.95012156674764
127   246.95012156674764
128   246.95012156674764
129   246.95012156674764
130   246.95012156674764
131   246.95012156674764
132   246.95012156674764
133   246.95012156674764
134   246.95012156674764
135   246.95012156674764
136   246.95012156674764
137   246.95012156674764
138   246.95012156674764
139   246.95012156674764
140   246.95012156674764
141   246.95012156674764
142   246.95012156674764
143   246.95012156674764
144   246.95012156674764
145   246.95012156674764
146   246.95012156674764
147   246.95012156674764
148   246.95012156674764
149   246.95012156674764
150   246.95012156674764
151   246.95012156674764
152   246.95012156674764
153   246.95012156674764
154   246.95012156674764
155   246.95012156674764
156   246.95012156674764
157   246.95012156674764
158   246.95012156674764
159   246.95012156674764
160   246.95012156674764
161   246.95012156674764
162   246.95012156674764
163   246.95012156674764
164   246.95012156674764
165   246.95012156674764
166   246.95012156674764
167   246.95012156674764
168   246.95012156674764
169   246.95012156674764
170   246.95012156674764
171   246.95012156674764
172   246.95012156674764
173   246.95012156674764
174   246.95012156674764
175   246.95012156674764
176   246.95012156674764
177   246.95012156674764
178   246.95012156674764
179   246.95012156674764
180   246.95012156674764
181   246.95012156674764
182   246.95012156674764
183   246.95012156674764
184   246.95012156674764
185   246.95012156674764
186   246.95012156674764
187   246.95012156674764
188   246.95012156674764
189   246.95012156674764
190   246.95012156674764
191   246.95012156674764
192   246.95012156674764
193   246.95012156674764
194   246.95012156674764
195   246.95012156674764
196   246.95012156674764
197   246.95012156674764
198   246.95012156674764
199   246.95012156674764
200   246.95012156674764
201   246.95012156674764
202   246.95012156674764
203   246.95012156674764
204   246.95012156674764
205   246.95012156674764
206   246.95012156674764
207   246.95012156674764
208   246.95012156674764
209   246.95012156674764
210   246.95012156674764
211   246.95012156674764
212   246.95012156674764
213   246.95012156674764
214   246.95012156674764
215   246.95012156674764
216   246.95012156674764
217   246.95012156674764
218   246.95012156674764
219   246.95012156674764
220   246.95012156674764
221   246.95012156674764
222   246.95012156674764
223   246.95012156674764
224   246.95012156674764
225   246.95012156674764
226   246.95012156674764
227   246.95012156674764
228   246.95012156674764
229   246.95012156674764
230   246.95012156674764
231   246.95012156674764
232   246.95012156674764
233   246.95012156674764
234   246.95012156674764
235   246.95012156674764
236   246.95012156674764
237   246.95012156674764
238   246.95012156674764
239   246.95012156674764
240   246.95012156674764
241   246.95012156674764
242   246.95012156674764
243   246.95012156674764
244   246.95012156674764
245   246.95012156674764
246   246.95012156674764
247   246.95012156674764
248   246.95012156674764
249   246.95012156674764
250   246.95012156674764
251   246.95012156674764
252   246.95012156674764
253   246.95012156674764
254   246.95012156674764
255   246.95012156674764
256   246.95012156674764
257   246.95012156674764
258   246.95012156674764
259   246.95012156674764
260   246.95012156674764
261   246.95012156674764
262   246.95012156674764
263   246.95012156674764
264   246.95012156674764
265   246.95012156674764
266   246.95012156674764
267   246.95012156674764
268   246.95012156674764
269   246.95012156674764
270   246.95012156674764
271   246.95012156674764
272   246.95012156674764
273   246.95012156674764
274   246.95012156674764
275   246.95012156674764
276   246.95012156674764
277   246.95012156674764
278   246.95012156674764
279   246.95012156674764
280   246.95012156674764
281   246.95012156674764
282   246.95012156674764
283   246.95012156674764
284   246.95012156674764
285   246.95012156674764
286   246.95012156674764
287   246.95012156674764
288   246.95012156674764
289   246.95012156674764
290   246.95012156674764
291   246.95012156674764
292   246.95012156674764
293   246.95012156674764
294   246.95012156674764
295   246.95012156674764
296   246.95012156674764
297   246.95012156674764
298   246.95012156674764
299   246.95012156674764
300   246.95012156674764
301   246.95012156674764
302   246.95012156674764
303   246.95012156674764
304   246.95012156674764
305   246.95012156674764
306   246.95012156674764
307   246.95012156674764
308   246.95012156674764
309   246.95012156674764
310   246.95012156674764
311   246.95012156674764
312   246.95012156674764
313   246.95012156674764
314   246.95012156674764
315   246.95012156674764
316   246.95012156674764
317   246.95012156674764
318   246.95012156674764
319   246.95012156674764
320   246.95012156674764
321   246.95012156674764
322   246.95012156674764
323   246.95012156674764
324   246.95012156674764
325   246.95012156674764
326   246.95012156674764
327   246.95012156674764
328   246.95012156674764
329   246.95012156674764
330   246.95012156674764
331   246.95012156674764
332   246.95012156674764
333   246.95012156674764
334   246.95012156674764
335   246.95012156674764
336   246.95012156674764
337   246.95012156674764
338   246.95012156674764
339   246.95012156674764
340   246.95012156674764
341   246.95012156674764
342   246.95012156674764
343   246.95012156674764
344   246.95012156674764
345   246.95012156674764
346   246.95012156674764
347   246.95012156674764
348   246.95012156674764
349   246.95012156674764
350   246.95012156674764
351   246.95012156674764
352   246.95012156674764
353   246.95012156674764
354   246.95012156674764
355   246.95012156674764
356   246.95012156674764
357   246.95012156674764
358   246.95012156674764
359   246.95012156674764
360   246.95012156674764
361   246.95012156674764
362   246.95012156674764
363   246.95012156674764
364   246.95012156674764
365   246.95012156674764
366   246.95012156674764
367   246.95012156674764
368   246.95012156674764
369   246.95012156674764
370   246.95012156674764
371   246.95012156674764
372   246.95012156674764
373   246.95012156674764
374   246.95012156674764
375   246.95012156674764
376   246.95012156674764
377   246.95012156674764
378   246.95012156674764
379   246.95012156674764
380   246.95012156674764
381   246.95012156674764
382   246.95012156674764
383   246.95012156674764
384   246.95012156674764
385   246.95012156674764
386   246.95012156674764
387   246.95012156674764
388   246.95012156674764
389   246.95012156674764
390   246.95012156674764
391   246.95012156674764
392   246.95012156674764
393   246.95012156674764
394   246.95012156674764
395   246.95012156674764
396   246.95012156674764
397   246.95012156674764
398   246.95012156674764
399   246.95012156674764
400   246.95012156674764
401   246.95012156674764
402   246.95012156674764
403   246.95012156674764
404   246.95012156674764
405   246.95012156674764
406   246.95012156674764
407   246.95012156674764
408   246.95012156674764
409   246.95012156674764
410   246.95012156674764
411   246.95012156674764
412   246.95012156674764
413   246.95012156674764
414   246.95012156674764
415   246.95012156674764
416   246.95012156674764
417   246.95012156674764
418   246.95012156674764
419   246.95012156674764
420   246.95012156674764
421   246.95012156674764
422   246.95012156674764
423   246.95012156674764
424   246.95012156674764
425   246.95012156674764
426   246.95012156674764
427   246.95012156674764
428   246.95012156674764
429   246.95012156674764
430   246.95012156674764
431   246.95012156674764
432   246.95012156674764
433   246.95012156674764
434   246.95012156674764
435   246.95012156674764
436   246.95012156674764
437   246.95012156674764
438   246.95012156674764
439   246.95012156674764
440   246.95012156674764
441   246.95012156674764
442   246.95012156674764
443   246.95012156674764
444   246.95012156674764
445   246.95012156674764
446   246.95012156674764
447   246.95012156674764
448   246.95012156674764
449   246.95012156674764
450   246.95012156674764
451   246.95012156674764
452   246.95012156674764
453   246.95012156674764
454   246.95012156674764
455   246.95012156674764
456   246.95012156674764
457   246.95012156674764
458   246.95012156674764
459   246.95012156674764
460   246.95012156674764
461   246.95012156674764
462   246.95012156674764
463   246.95012156674764
464   246.95012156674764
465   246.95012156674764
466   246.95012156674764
467   246.95012156674764
468   246.95012156674764
469   246.95012156674764
470   246.95012156674764
471   246.95012156674764
472   246.95012156674764
473   246.95012156674764
474   246.95012156674764
475   246.95012156674764
476   246.95012156674764
477   246.95012156674764
478   246.95012156674764
479   246.95012156674764
480   246.95012156674764
481   246.95012156674764
482   246.95012156674764
483   246.95012156674764
484   246.95012156674764
485   246.95012156674764
486   246.95012156674764
487   246.95012156674764
488   246.95012156674764
489   246.95012156674764
490   246.95012156674764
491   246.95012156674764
492   246.95012156674764
493   246.95012156674764
494   246.95012156674764
495   246.95012156674764
496   246.95012156674764
497   246.95012156674764
498   246.95012156674764
499   246.95012156674764
500   246.95012156674764
501   246.95012156674764
502   246.95012156674764
503   246.95012156674764
504   246.95012156674764
505   246.95012156674764
506   246.95012156674764
507   246.95012156674764
508   246.95012156674764
509   246.95012156674764
510   246.95012156674764
511   246.95012156674764
512   246.95012156674764
513   246.95012156674764
514   246.95012156674764
515   246.95012156674764
516   246.95012156674764
517   246.95012156674764
518   246.95012156674764
519   246.95012156674764
520   246.95012156674764
521   246.95012156674764
522   246.95012156674764
523   246.95012156674764
524   246.95012156674764
525   246.95012156674764
526   246.95012156674764
527   246.95012156674764
528   246.95012156674764
529   246.95012156674764
530   246.95012156674764
531   246.95012156674764
532   246.95012156674764
533   246.95012156674764
534   246.95012156674764
535   246.95012156674764
536   246.95012156674764
537   246.95012156674764
538   246.95012156674764
539   246.95012156674764
540   246.95012156674764
541   246.95012156674764
542   246.95012156674764
543   246.95012156674764
544   246.95012156674764
545   246.95012156674764
546   246.95012156674764
547   246.95012156674764
548   246.95012156674764
549   246.95012156674764
550   246.95012156674764
551   246.95012156674764
552   246.95012156674764
553   246.95012156674764
554   246.95012156674764
555   246.95012156674764
556   246.95012156674764
557   246.95012156674764
558   246.95012156674764
559   246.95012156674764
560   246.95012156674764
561   246.95012156674764
562   246.95012156674764
563   246.95012156674764
564   246.95012156674764
565   246.95012156674764
566   246.95012156674764
567   246.95012156674764
568   246.95012156674764
569   246.95012156674764
570   246.95012156674764
571   246.95012156674764
572   246.95012156674764
573   246.95012156674764
574   246.95012156674764
575   246.95012156674764
576   246.95012156674764
577   246.95012156674764
578   246.95012156674764
579   246.95012156674764
580   246.95012156674764
581   246.95012156674764
582   246.95012156674764
583   246.95012156674764
584   246.95012156674764
585   246.95012156674764
586   246.95012156674764
587   246.95012156674764
588   246.95012156674764
589   246.95012156674764
590   246.95012156674764
591   246.95012156674764
592   246.95012156674764
593   246.95012156674764
594   246.95012156674764
595   246.95012156674764
596   246.95012156674764
597   246.95012156674764
598   246.95012156674764
599   246.95012156674764
600   246.95012156674764
601   246.95012156674764
602   246.95012156674764
603   246.95012156674764
604   246.95012156674764
605   246.95012156674764
606   246.95012156674764
607   246.95012156674764
608   246.95012156674764
609   246.95012156674764
610   246.95012156674764
611   246.95012156674764
612   246.95012156674764
613   246.95012156674764
614   246.95012156674764
615   246.95012156674764
616   246.95012156674764
617   246.95012156674764
618   246.95012156674764
619   246.95012156674764
620   246.95012156674764
621   246.95012156674764
622   246.95012156674764
623   246.95012156674764
624   246.95012156674764
625   246.95012156674764
626   246.95012156674764
627   246.95012156674764
628   246.95012156674764
629   246.95012156674764
630   246.95012156674764
631   246.95012156674764
632   246.95012156674764
633   246.95012156674764
634   246.95012156674764
635   246.95012156674764
636   246.95012156674764
637   246.95012156674764
638   246.95012156674764
639   246.95012156674764
640   246.95012156674764
641   246.95012156674764
642   246.95012156674764
643   246.95012156674764
644   246.95012156674764
645   246.95012156674764
646   246.95012156674764
647   246.95012156674764
648   246.95012156674764
649   246.95012156674764
650   246.95012156674764
651   246.95012156674764
652   246.95012156674764
653   246.95012156674764
654   246.95012156674764
655   246.95012156674764
656   246.95012156674764
657   246.95012156674764
658   246.95012156674764
659   246.95012156674764
660   246.95012156674764
661   246.95012156674764
662   246.95012156674764
663   246.95012156674764
664   246.95012156674764
665   246.95012156674764
666   246.95012156674764
667   246.95012156674764
668   246.95012156674764
669   246.95012156674764
670   246.95012156674764
671   246.95012156674764
672   246.95012156674764
673   246.95012156674764
674   246.95012156674764
675   246.95012156674764
676   246.95012156674764
677   246.95012156674764
678   246.95012156674764
679   246.95012156674764
680   246.95012156674764
681   246.95012156674764
682   246.95012156674764
683   246.95012156674764
684   246.95012156674764
685   246.95012156674764
686   246.95012156674764
687   246.95012156674764
688   246.95012156674764
689   246.95012156674764
690   246.95012156674764
691   246.95012156674764
692   246.95012156674764
693   246.95012156674764
694   246.95012156674764
695   246.95012156674764
696   246.95012156674764
697   246.95012156674764
698   246.95012156674764
699   246.95012156674764
700   246.95012156674764
701   246.95012156674764
702   246.95012156674764
703   246.95012156674764
704   246.95012156674764
705   246.95012156674764
706   246.95012156674764
707   246.95012156674764
708   246.95012156674764
709   246.95012156674764
710   246.95012156674764
711   246.95012156674764
712   246.95012156674764
713   246.95012156674764
714   246.95012156674764
715   246.95012156674764
716   246.95012156674764
717   246.95012156674764
718   246.95012156674764
719   246.95012156674764
720   246.95012156674764
721   246.95012156674764
722   246.95012156674764
723   246.95012156674764
724   246.95012156674764
725   246.95012156674764
726   246.95012156674764
727   246.95012156674764
728   246.95012156674764
729   246.95012156674764
730   246.95012156674764
731   246.95012156674764
732   246.95012156674764
733   246.95012156674764
734   246.95012156674764
735   246.95012156674764
736   246.95012156674764
737   246.95012156674764
738   246.95012156674764
739   246.95012156674764
740   246.95012156674764
741   246.95012156674764
742   246.95012156674764
743   246.95012156674764
744   246.95012156674764
745   246.95012156674764
746   246.95012156674764
747   246.95012156674764
748   246.95012156674764
749   246.95012156674764
750   246.95012156674764
751   246.95012156674764
752   246.95012156674764
753   246.95012156674764
754   246.95012156674764
755   246.95012156674764
756   246.95012156674764
757   246.95012156674764
758   246.95012156674764
759   246.95012156674764
760   246.95012156674764
761   246.95012156674764
762   246.95012156674764
763   246.95012156674764
764   246.95012156674764
765   246.95012156674764
766   246.95012156674764
767   246.95012156674764
768   246.95012156674764
769   246.95012156674764
770   246.95012156674764
771   246.95012156674764
772   246.95012156674764
773   246.95012156674764
774   246.95012156674764
775   246.95012156674764
776   246.95012156674764
777   246.95012156674764
778   246.95012156674764
779   246.95012156674764
780   246.95012156674764
781   246.95012156674764
782   246.95012156674764
783   246.95012156674764
784   246.95012156674764
785   246.95012156674764
786   246.95012156674764
787   246.95012156674764
788   246.95012156674764
789   246.95012156674764
790   246.95012156674764
791   246.95012156674764
792   246.95012156674764
793   246.95012156674764
794   246.95012156674764
795   246.95012156674764
796   246.95012156674764
797   246.95012156674764
798   246.95012156674764
799   246.95012156674764
800   246.95012156674764
801   246.95012156674764
802   246.95012156674764
803   246.95012156674764
804   246.95012156674764
805   246.95012156674764
806   246.95012156674764
807   246.95012156674764
808   246.95012156674764
809   246.95012156674764
810   246.95012156674764
811   246.95012156674764
812   246.95012156674764
813   246.95012156674764
814   246.95012156674764
815   246.95012156674764
816   246.95012156674764
817   246.95012156674764
818   246.95012156674764
819   246.95012156674764
820   246.95012156674764
821   246.95012156674764
822   246.95012156674764
823   246.95012156674764
824   246.95012156674764
825   246.95012156674764
826   246.95012156674764
827   246.95012156674764
828   246.95012156674764
829   246.95012156674764
830   246.95012156674764
831   246.95012156674764
832   246.95012156674764
833   246.95012156674764
834   246.95012156674764
835   246.95012156674764
836   246.95012156674764
837   246.95012156674764
838   246.95012156674764
839   246.95012156674764
840   246.95012156674764
841   246.95012156674764
842   246.95012156674764
843   246.95012156674764
844   246.95012156674764
845   246.95012156674764
846   246.95012156674764
847   246.95012156674764
848   246.95012156674764
849   246.95012156674764
850   246.95012156674764
851   246.95012156674764
852   246.95012156674764
853   246.95012156674764
854   246.95012156674764
855   246.95012156674764
856   246.95012156674764
857   246.95012156674764
858   246.95012156674764
859   246.95012156674764
860   246.95012156674764
861   246.95012156674764
862   246.95012156674764
863   246.95012156674764
864   246.95012156674764
865   246.95012156674764
866   246.95012156674764
867   246.95012156674764
868   246.95012156674764
869   246.95012156674764
870   246.95012156674764
871   246.95012156674764
872   246.95012156674764
873   246.95012156674764
874   246.95012156674764
875   246.95012156674764
876   246.95012156674764
877   246.95012156674764
878   246.95012156674764
879   246.95012156674764
880   246.95012156674764
881   246.95012156674764
882   246.95012156674764
883   246.95012156674764
884   246.95012156674764
885   246.95012156674764
886   246.95012156674764
887   246.95012156674764
888   246.95012156674764
889   246.95012156674764
890   246.95012156674764
891   246.95012156674764
892   246.95012156674764
893   246.95012156674764
894   246.95012156674764
895   246.95012156674764
896   246.95012156674764
897   246.95012156674764
898   246.95012156674764
899   246.95012156674764
900   246.95012156674764
901   246.95012156674764
902   246.95012156674764
903   246.95012156674764
904   246.95012156674764
905   246.95012156674764
906   246.95012156674764
907   246.95012156674764
908   246.95012156674764
909   246.95012156674764
910   246.95012156674764
911   246.95012156674764
912   246.95012156674764
913   246.95012156674764
914   246.95012156674764
915   246.95012156674764
916   246.95012156674764
917   246.95012156674764
918   246.95012156674764
919   246.95012156674764
920   246.95012156674764
921   246.95012156674764
922   246.95012156674764
923   246.95012156674764
924   246.95012156674764
925   246.95012156674764
926   246.95012156674764
927   246.95012156674764
928   246.95012156674764
929   246.95012156674764
930   246.95012156674764
931   246.95012156674764
932   246.95012156674764
933   246.95012156674764
934   246.95012156674764
935   246.95012156674764
936   246.95012156674764
937   246.95012156674764
938   246.95012156674764
939   246.95012156674764
940   246.95012156674764
941   246.95012156674764
942   246.95012156674764
943   246.95012156674764
944   246.95012156674764
945   246.95012156674764
946   246.95012156674764
947   246.95012156674764
948   246.95012156674764
949   246.95012156674764
950   246.95012156674764
951   246.95012156674764
952   246.95012156674764
953   246.95012156674764
954   246.95012156674764
955   246.95012156674764
956   246.95012156674764
957   246.95012156674764
958   246.95012156674764
959   246.95012156674764
960   246.95012156674764
961   246.95012156674764
962   246.95012156674764
963   246.95012156674764
964   246.95012156674764
965   246.95012156674764
966   246.95012156674764
967   246.95012156674764
968   246.95012156674764
969   246.95012156674764
970   246.95012156674764
971   246.95012156674764
972   246.95012156674764
973   246.95012156674764
974   246.95012156674764
975   246.95012156674764
976   246.95012156674764
977   246.95012156674764
978   246.95012156674764
979   246.95012156674764
980   246.95012156674764
981   246.95012156674764
982   246.95012156674764
983   246.95012156674764
984   246.95012156674764
985   246.95012156674764
986   246.95012156674764
987   246.95012156674764
988   246.95012156674764
989   246.95012156674764
990   246.95012156674764
991   246.95012156674764
992   246.95012156674764
993   246.95012156674764
994   246.95012156674764
995   246.95012156674764
996   246.95012156674764
997   246.95012156674764
998   246.95012156674764
999   246.95012156674764
