1   206.33491048495844
2   206.33491048495844
3   206.33491048495844
4   206.33491048495844
5   206.33491048495844
6   206.33491048495844
7   206.33491048495844
8   206.33491048495844
9   206.33491048495844
10   206.33491048495844
11   206.33491048495844
12   206.33491048495844
13   206.33491048495844
14   206.33491048495844
15   206.33491048495844
16   206.33491048495844
17   206.33491048495844
18   206.33491048495844
19   206.33491048495844
20   206.33491048495844
21   206.33491048495844
22   206.33491048495844
23   206.33491048495844
24   206.33491048495844
25   206.33491048495844
26   206.33491048495844
27   206.33491048495844
28   206.33491048495844
29   206.33491048495844
30   206.33491048495844
31   206.33491048495844
32   206.33491048495844
33   206.33491048495844
34   206.33491048495844
35   206.33491048495844
36   206.33491048495844
37   206.33491048495844
38   206.33491048495844
39   206.33491048495844
40   206.33491048495844
41   206.33491048495844
42   206.33491048495844
43   206.33491048495844
44   206.33491048495844
45   206.33491048495844
46   206.33491048495844
47   206.33491048495844
48   206.33491048495844
49   206.33491048495844
50   206.33491048495844
51   206.33491048495844
52   206.33491048495844
53   206.33491048495844
54   206.33491048495844
55   206.33491048495844
56   206.33491048495844
57   206.33491048495844
58   206.33491048495844
59   206.33491048495844
60   206.33491048495844
61   206.33491048495844
62   206.33491048495844
63   206.33491048495844
64   206.33491048495844
65   206.33491048495844
66   206.33491048495844
67   206.33491048495844
68   206.33491048495844
69   206.33491048495844
70   206.33491048495844
71   206.33491048495844
72   206.33491048495844
73   206.33491048495844
74   206.33491048495844
75   206.33491048495844
76   206.33491048495844
77   206.33491048495844
78   206.33491048495844
79   206.33491048495844
80   206.33491048495844
81   206.33491048495844
82   206.33491048495844
83   206.33491048495844
84   206.33491048495844
85   206.33491048495844
86   206.33491048495844
87   206.33491048495844
88   206.33491048495844
89   206.33491048495844
90   206.33491048495844
91   206.33491048495844
92   206.33491048495844
93   206.33491048495844
94   206.33491048495844
95   206.33491048495844
96   206.33491048495844
97   206.33491048495844
98   206.33491048495844
99   206.33491048495844
100   206.33491048495844
101   206.33491048495844
102   206.33491048495844
103   206.33491048495844
104   206.33491048495844
105   206.33491048495844
106   206.33491048495844
107   206.33491048495844
108   206.33491048495844
109   206.33491048495844
110   206.33491048495844
111   206.33491048495844
112   206.33491048495844
113   206.33491048495844
114   206.33491048495844
115   206.33491048495844
116   206.33491048495844
117   206.33491048495844
118   206.33491048495844
119   206.33491048495844
120   206.33491048495844
121   206.33491048495844
122   206.33491048495844
123   206.33491048495844
124   206.33491048495844
125   206.33491048495844
126   206.33491048495844
127   206.33491048495844
128   206.33491048495844
129   206.33491048495844
130   206.33491048495844
131   206.33491048495844
132   206.33491048495844
133   206.33491048495844
134   206.33491048495844
135   206.33491048495844
136   206.33491048495844
137   206.33491048495844
138   206.33491048495844
139   206.33491048495844
140   206.33491048495844
141   206.33491048495844
142   206.33491048495844
143   206.33491048495844
144   206.33491048495844
145   206.33491048495844
146   206.33491048495844
147   206.33491048495844
148   206.33491048495844
149   206.33491048495844
150   206.33491048495844
151   206.33491048495844
152   206.33491048495844
153   206.33491048495844
154   206.33491048495844
155   206.33491048495844
156   206.33491048495844
157   206.33491048495844
158   206.33491048495844
159   206.33491048495844
160   206.33491048495844
161   206.33491048495844
162   206.33491048495844
163   206.33491048495844
164   206.33491048495844
165   206.33491048495844
166   206.33491048495844
167   206.33491048495844
168   206.33491048495844
169   206.33491048495844
170   206.33491048495844
171   206.33491048495844
172   206.33491048495844
173   206.33491048495844
174   206.33491048495844
175   206.33491048495844
176   206.33491048495844
177   206.33491048495844
178   206.33491048495844
179   206.33491048495844
180   206.33491048495844
181   206.33491048495844
182   206.33491048495844
183   206.33491048495844
184   206.33491048495844
185   206.33491048495844
186   206.33491048495844
187   206.33491048495844
188   206.33491048495844
189   206.33491048495844
190   206.33491048495844
191   206.33491048495844
192   206.33491048495844
193   206.33491048495844
194   206.33491048495844
195   206.33491048495844
196   206.33491048495844
197   206.33491048495844
198   206.33491048495844
199   206.33491048495844
200   206.33491048495844
201   206.33491048495844
202   206.33491048495844
203   206.33491048495844
204   206.33491048495844
205   206.33491048495844
206   206.33491048495844
207   206.33491048495844
208   206.33491048495844
209   206.33491048495844
210   206.33491048495844
211   206.33491048495844
212   206.33491048495844
213   206.33491048495844
214   206.33491048495844
215   206.33491048495844
216   206.33491048495844
217   206.33491048495844
218   206.33491048495844
219   206.33491048495844
220   206.33491048495844
221   206.33491048495844
222   206.33491048495844
223   206.33491048495844
224   206.33491048495844
225   206.33491048495844
226   206.33491048495844
227   206.33491048495844
228   206.33491048495844
229   206.33491048495844
230   206.33491048495844
231   206.33491048495844
232   206.33491048495844
233   206.33491048495844
234   206.33491048495844
235   206.33491048495844
236   206.33491048495844
237   206.33491048495844
238   206.33491048495844
239   206.33491048495844
240   206.33491048495844
241   206.33491048495844
242   206.33491048495844
243   206.33491048495844
244   206.33491048495844
245   206.33491048495844
246   206.33491048495844
247   206.33491048495844
248   206.33491048495844
249   206.33491048495844
250   206.33491048495844
251   206.33491048495844
252   206.33491048495844
253   206.33491048495844
254   206.33491048495844
255   206.33491048495844
256   206.33491048495844
257   206.33491048495844
258   206.33491048495844
259   206.33491048495844
260   206.33491048495844
261   206.33491048495844
262   206.33491048495844
263   206.33491048495844
264   206.33491048495844
265   206.33491048495844
266   206.33491048495844
267   206.33491048495844
268   206.33491048495844
269   206.33491048495844
270   206.33491048495844
271   206.33491048495844
272   206.33491048495844
273   206.33491048495844
274   206.33491048495844
275   206.33491048495844
276   206.33491048495844
277   206.33491048495844
278   206.33491048495844
279   206.33491048495844
280   206.33491048495844
281   206.33491048495844
282   206.33491048495844
283   206.33491048495844
284   206.33491048495844
285   206.33491048495844
286   206.33491048495844
287   206.33491048495844
288   206.33491048495844
289   206.33491048495844
290   206.33491048495844
291   206.33491048495844
292   206.33491048495844
293   206.33491048495844
294   206.33491048495844
295   206.33491048495844
296   206.33491048495844
297   206.33491048495844
298   206.33491048495844
299   206.33491048495844
300   206.33491048495844
301   206.33491048495844
302   206.33491048495844
303   206.33491048495844
304   206.33491048495844
305   206.33491048495844
306   206.33491048495844
307   206.33491048495844
308   206.33491048495844
309   206.33491048495844
310   206.33491048495844
311   206.33491048495844
312   206.33491048495844
313   206.33491048495844
314   206.33491048495844
315   206.33491048495844
316   206.33491048495844
317   206.33491048495844
318   206.33491048495844
319   206.33491048495844
320   206.33491048495844
321   206.33491048495844
322   206.33491048495844
323   206.33491048495844
324   206.33491048495844
325   206.33491048495844
326   206.33491048495844
327   206.33491048495844
328   206.33491048495844
329   206.33491048495844
330   206.33491048495844
331   206.33491048495844
332   206.33491048495844
333   206.33491048495844
334   206.33491048495844
335   206.33491048495844
336   206.33491048495844
337   206.33491048495844
338   206.33491048495844
339   206.33491048495844
340   206.33491048495844
341   206.33491048495844
342   206.33491048495844
343   206.33491048495844
344   206.33491048495844
345   206.33491048495844
346   206.33491048495844
347   206.33491048495844
348   206.33491048495844
349   206.33491048495844
350   206.33491048495844
351   206.33491048495844
352   206.33491048495844
353   206.33491048495844
354   206.33491048495844
355   206.33491048495844
356   206.33491048495844
357   206.33491048495844
358   206.33491048495844
359   206.33491048495844
360   206.33491048495844
361   206.33491048495844
362   206.33491048495844
363   206.33491048495844
364   206.33491048495844
365   206.33491048495844
366   206.33491048495844
367   206.33491048495844
368   206.33491048495844
369   206.33491048495844
370   206.33491048495844
371   206.33491048495844
372   206.33491048495844
373   206.33491048495844
374   206.33491048495844
375   206.33491048495844
376   206.33491048495844
377   206.33491048495844
378   206.33491048495844
379   206.33491048495844
380   206.33491048495844
381   206.33491048495844
382   206.33491048495844
383   206.33491048495844
384   206.33491048495844
385   206.33491048495844
386   206.33491048495844
387   206.33491048495844
388   206.33491048495844
389   206.33491048495844
390   206.33491048495844
391   206.33491048495844
392   206.33491048495844
393   206.33491048495844
394   206.33491048495844
395   206.33491048495844
396   206.33491048495844
397   206.33491048495844
398   206.33491048495844
399   206.33491048495844
400   206.33491048495844
401   206.33491048495844
402   206.33491048495844
403   206.33491048495844
404   206.33491048495844
405   206.33491048495844
406   206.33491048495844
407   206.33491048495844
408   206.33491048495844
409   206.33491048495844
410   206.33491048495844
411   206.33491048495844
412   206.33491048495844
413   206.33491048495844
414   206.33491048495844
415   206.33491048495844
416   206.33491048495844
417   206.33491048495844
418   206.33491048495844
419   206.33491048495844
420   206.33491048495844
421   206.33491048495844
422   206.33491048495844
423   206.33491048495844
424   206.33491048495844
425   206.33491048495844
426   206.33491048495844
427   206.33491048495844
428   206.33491048495844
429   206.33491048495844
430   206.33491048495844
431   206.33491048495844
432   206.33491048495844
433   206.33491048495844
434   206.33491048495844
435   206.33491048495844
436   206.33491048495844
437   206.33491048495844
438   206.33491048495844
439   206.33491048495844
440   206.33491048495844
441   206.33491048495844
442   206.33491048495844
443   206.33491048495844
444   206.33491048495844
445   206.33491048495844
446   206.33491048495844
447   206.33491048495844
448   206.33491048495844
449   206.33491048495844
450   206.33491048495844
451   206.33491048495844
452   206.33491048495844
453   206.33491048495844
454   206.33491048495844
455   206.33491048495844
456   206.33491048495844
457   206.33491048495844
458   206.33491048495844
459   206.33491048495844
460   206.33491048495844
461   206.33491048495844
462   206.33491048495844
463   206.33491048495844
464   206.33491048495844
465   206.33491048495844
466   206.33491048495844
467   206.33491048495844
468   206.33491048495844
469   206.33491048495844
470   206.33491048495844
471   206.33491048495844
472   206.33491048495844
473   206.33491048495844
474   206.33491048495844
475   206.33491048495844
476   206.33491048495844
477   206.33491048495844
478   206.33491048495844
479   206.33491048495844
480   206.33491048495844
481   206.33491048495844
482   206.33491048495844
483   206.33491048495844
484   206.33491048495844
485   206.33491048495844
486   206.33491048495844
487   206.33491048495844
488   206.33491048495844
489   206.33491048495844
490   206.33491048495844
491   206.33491048495844
492   206.33491048495844
493   206.33491048495844
494   206.33491048495844
495   206.33491048495844
496   206.33491048495844
497   206.33491048495844
498   206.33491048495844
499   206.33491048495844
500   206.33491048495844
501   206.33491048495844
502   206.33491048495844
503   206.33491048495844
504   206.33491048495844
505   206.33491048495844
506   206.33491048495844
507   206.33491048495844
508   206.33491048495844
509   206.33491048495844
510   206.33491048495844
511   206.33491048495844
512   206.33491048495844
513   206.33491048495844
514   206.33491048495844
515   206.33491048495844
516   206.33491048495844
517   206.33491048495844
518   206.33491048495844
519   206.33491048495844
520   206.33491048495844
521   206.33491048495844
522   206.33491048495844
523   206.33491048495844
524   206.33491048495844
525   206.33491048495844
526   206.33491048495844
527   206.33491048495844
528   206.33491048495844
529   206.33491048495844
530   206.33491048495844
531   206.33491048495844
532   206.33491048495844
533   206.33491048495844
534   206.33491048495844
535   206.33491048495844
536   206.33491048495844
537   206.33491048495844
538   206.33491048495844
539   206.33491048495844
540   206.33491048495844
541   206.33491048495844
542   206.33491048495844
543   206.33491048495844
544   206.33491048495844
545   206.33491048495844
546   206.33491048495844
547   206.33491048495844
548   206.33491048495844
549   206.33491048495844
550   206.33491048495844
551   206.33491048495844
552   206.33491048495844
553   206.33491048495844
554   206.33491048495844
555   206.33491048495844
556   206.33491048495844
557   206.33491048495844
558   206.33491048495844
559   206.33491048495844
560   206.33491048495844
561   206.33491048495844
562   206.33491048495844
563   206.33491048495844
564   206.33491048495844
565   206.33491048495844
566   206.33491048495844
567   206.33491048495844
568   206.33491048495844
569   206.33491048495844
570   206.33491048495844
571   206.33491048495844
572   206.33491048495844
573   206.33491048495844
574   206.33491048495844
575   206.33491048495844
576   206.33491048495844
577   206.33491048495844
578   206.33491048495844
579   206.33491048495844
580   206.33491048495844
581   206.33491048495844
582   206.33491048495844
583   206.33491048495844
584   206.33491048495844
585   206.33491048495844
586   206.33491048495844
587   206.33491048495844
588   206.33491048495844
589   206.33491048495844
590   206.33491048495844
591   206.33491048495844
592   206.33491048495844
593   206.33491048495844
594   206.33491048495844
595   206.33491048495844
596   206.33491048495844
597   206.33491048495844
598   206.33491048495844
599   206.33491048495844
600   206.33491048495844
601   206.33491048495844
602   206.33491048495844
603   206.33491048495844
604   206.33491048495844
605   206.33491048495844
606   206.33491048495844
607   206.33491048495844
608   206.33491048495844
609   206.33491048495844
610   206.33491048495844
611   206.33491048495844
612   206.33491048495844
613   206.33491048495844
614   206.33491048495844
615   206.33491048495844
616   206.33491048495844
617   206.33491048495844
618   206.33491048495844
619   206.33491048495844
620   206.33491048495844
621   206.33491048495844
622   206.33491048495844
623   206.33491048495844
624   206.33491048495844
625   206.33491048495844
626   206.33491048495844
627   206.33491048495844
628   206.33491048495844
629   206.33491048495844
630   206.33491048495844
631   206.33491048495844
632   206.33491048495844
633   206.33491048495844
634   206.33491048495844
635   206.33491048495844
636   206.33491048495844
637   206.33491048495844
638   206.33491048495844
639   206.33491048495844
640   206.33491048495844
641   206.33491048495844
642   206.33491048495844
643   206.33491048495844
644   206.33491048495844
645   206.33491048495844
646   206.33491048495844
647   206.33491048495844
648   206.33491048495844
649   206.33491048495844
650   206.33491048495844
651   206.33491048495844
652   206.33491048495844
653   206.33491048495844
654   206.33491048495844
655   206.33491048495844
656   206.33491048495844
657   206.33491048495844
658   206.33491048495844
659   206.33491048495844
660   206.33491048495844
661   206.33491048495844
662   206.33491048495844
663   206.33491048495844
664   206.33491048495844
665   206.33491048495844
666   206.33491048495844
667   206.33491048495844
668   206.33491048495844
669   206.33491048495844
670   206.33491048495844
671   206.33491048495844
672   206.33491048495844
673   206.33491048495844
674   206.33491048495844
675   206.33491048495844
676   206.33491048495844
677   206.33491048495844
678   206.33491048495844
679   206.33491048495844
680   206.33491048495844
681   206.33491048495844
682   206.33491048495844
683   206.33491048495844
684   206.33491048495844
685   206.33491048495844
686   206.33491048495844
687   206.33491048495844
688   206.33491048495844
689   206.33491048495844
690   206.33491048495844
691   206.33491048495844
692   206.33491048495844
693   206.33491048495844
694   206.33491048495844
695   206.33491048495844
696   206.33491048495844
697   206.33491048495844
698   206.33491048495844
699   206.33491048495844
700   206.33491048495844
701   206.33491048495844
702   206.33491048495844
703   206.33491048495844
704   206.33491048495844
705   206.33491048495844
706   206.33491048495844
707   206.33491048495844
708   206.33491048495844
709   206.33491048495844
710   206.33491048495844
711   206.33491048495844
712   206.33491048495844
713   206.33491048495844
714   206.33491048495844
715   206.33491048495844
716   206.33491048495844
717   206.33491048495844
718   206.33491048495844
719   206.33491048495844
720   206.33491048495844
721   206.33491048495844
722   206.33491048495844
723   206.33491048495844
724   206.33491048495844
725   206.33491048495844
726   206.33491048495844
727   206.33491048495844
728   206.33491048495844
729   206.33491048495844
730   206.33491048495844
731   206.33491048495844
732   206.33491048495844
733   206.33491048495844
734   206.33491048495844
735   206.33491048495844
736   206.33491048495844
737   206.33491048495844
738   206.33491048495844
739   206.33491048495844
740   206.33491048495844
741   206.33491048495844
742   206.33491048495844
743   206.33491048495844
744   206.33491048495844
745   206.33491048495844
746   206.33491048495844
747   206.33491048495844
748   206.33491048495844
749   206.33491048495844
750   206.33491048495844
751   206.33491048495844
752   206.33491048495844
753   206.33491048495844
754   206.33491048495844
755   206.33491048495844
756   206.33491048495844
757   206.33491048495844
758   206.33491048495844
759   206.33491048495844
760   206.33491048495844
761   206.33491048495844
762   206.33491048495844
763   206.33491048495844
764   206.33491048495844
765   206.33491048495844
766   206.33491048495844
767   206.33491048495844
768   206.33491048495844
769   206.33491048495844
770   206.33491048495844
771   206.33491048495844
772   206.33491048495844
773   206.33491048495844
774   206.33491048495844
775   206.33491048495844
776   206.33491048495844
777   206.33491048495844
778   206.33491048495844
779   206.33491048495844
780   206.33491048495844
781   206.33491048495844
782   206.33491048495844
783   206.33491048495844
784   206.33491048495844
785   206.33491048495844
786   206.33491048495844
787   206.33491048495844
788   206.33491048495844
789   206.33491048495844
790   206.33491048495844
791   206.33491048495844
792   206.33491048495844
793   206.33491048495844
794   206.33491048495844
795   206.33491048495844
796   206.33491048495844
797   206.33491048495844
798   206.33491048495844
799   206.33491048495844
800   206.33491048495844
801   206.33491048495844
802   206.33491048495844
803   206.33491048495844
804   206.33491048495844
805   206.33491048495844
806   206.33491048495844
807   206.33491048495844
808   206.33491048495844
809   206.33491048495844
810   206.33491048495844
811   206.33491048495844
812   206.33491048495844
813   206.33491048495844
814   206.33491048495844
815   206.33491048495844
816   206.33491048495844
817   206.33491048495844
818   206.33491048495844
819   206.33491048495844
820   206.33491048495844
821   206.33491048495844
822   206.33491048495844
823   206.33491048495844
824   206.33491048495844
825   206.33491048495844
826   206.33491048495844
827   206.33491048495844
828   206.33491048495844
829   206.33491048495844
830   206.33491048495844
831   206.33491048495844
832   206.33491048495844
833   206.33491048495844
834   206.33491048495844
835   206.33491048495844
836   206.33491048495844
837   206.33491048495844
838   206.33491048495844
839   206.33491048495844
840   206.33491048495844
841   206.33491048495844
842   206.33491048495844
843   206.33491048495844
844   206.33491048495844
845   206.33491048495844
846   206.33491048495844
847   206.33491048495844
848   206.33491048495844
849   206.33491048495844
850   206.33491048495844
851   206.33491048495844
852   206.33491048495844
853   206.33491048495844
854   206.33491048495844
855   206.33491048495844
856   206.33491048495844
857   206.33491048495844
858   206.33491048495844
859   206.33491048495844
860   206.33491048495844
861   206.33491048495844
862   206.33491048495844
863   206.33491048495844
864   206.33491048495844
865   206.33491048495844
866   206.33491048495844
867   206.33491048495844
868   206.33491048495844
869   206.33491048495844
870   206.33491048495844
871   206.33491048495844
872   206.33491048495844
873   206.33491048495844
874   206.33491048495844
875   206.33491048495844
876   206.33491048495844
877   206.33491048495844
878   206.33491048495844
879   206.33491048495844
880   206.33491048495844
881   206.33491048495844
882   206.33491048495844
883   206.33491048495844
884   206.33491048495844
885   206.33491048495844
886   206.33491048495844
887   206.33491048495844
888   206.33491048495844
889   206.33491048495844
890   206.33491048495844
891   206.33491048495844
892   206.33491048495844
893   206.33491048495844
894   206.33491048495844
895   206.33491048495844
896   206.33491048495844
897   206.33491048495844
898   206.33491048495844
899   206.33491048495844
900   206.33491048495844
901   206.33491048495844
902   206.33491048495844
903   206.33491048495844
904   206.33491048495844
905   206.33491048495844
906   206.33491048495844
907   206.33491048495844
908   206.33491048495844
909   206.33491048495844
910   206.33491048495844
911   206.33491048495844
912   206.33491048495844
913   206.33491048495844
914   206.33491048495844
915   206.33491048495844
916   206.33491048495844
917   206.33491048495844
918   206.33491048495844
919   206.33491048495844
920   206.33491048495844
921   206.33491048495844
922   206.33491048495844
923   206.33491048495844
924   206.33491048495844
925   206.33491048495844
926   206.33491048495844
927   206.33491048495844
928   206.33491048495844
929   206.33491048495844
930   206.33491048495844
931   206.33491048495844
932   206.33491048495844
933   206.33491048495844
934   206.33491048495844
935   206.33491048495844
936   206.33491048495844
937   206.33491048495844
938   206.33491048495844
939   206.33491048495844
940   206.33491048495844
941   206.33491048495844
942   206.33491048495844
943   206.33491048495844
944   206.33491048495844
945   206.33491048495844
946   206.33491048495844
947   206.33491048495844
948   206.33491048495844
949   206.33491048495844
950   206.33491048495844
951   206.33491048495844
952   206.33491048495844
953   206.33491048495844
954   206.33491048495844
955   206.33491048495844
956   206.33491048495844
957   206.33491048495844
958   206.33491048495844
959   206.33491048495844
960   206.33491048495844
961   206.33491048495844
962   206.33491048495844
963   206.33491048495844
964   206.33491048495844
965   206.33491048495844
966   206.33491048495844
967   206.33491048495844
968   206.33491048495844
969   206.33491048495844
970   206.33491048495844
971   206.33491048495844
972   206.33491048495844
973   206.33491048495844
974   206.33491048495844
975   206.33491048495844
976   206.33491048495844
977   206.33491048495844
978   206.33491048495844
979   206.33491048495844
980   206.33491048495844
981   206.33491048495844
982   206.33491048495844
983   206.33491048495844
984   206.33491048495844
985   206.33491048495844
986   206.33491048495844
987   206.33491048495844
988   206.33491048495844
989   206.33491048495844
990   206.33491048495844
991   206.33491048495844
992   206.33491048495844
993   206.33491048495844
994   206.33491048495844
995   206.33491048495844
996   206.33491048495844
997   206.33491048495844
998   206.33491048495844
999   206.33491048495844
