1   419.48237028810956
2   245.44563382400895
3   245.44563382400895
4   245.44563382400895
5   196.69373844079348
6   196.69373844079348
7   196.69373844079348
8   196.69373844079348
9   196.69373844079348
10   196.69373844079348
11   143.99571872581546
12   143.99571872581546
13   143.99571872581546
14   143.99571872581546
15   143.99571872581546
16   143.99571872581546
17   143.99571872581546
18   143.99571872581546
19   143.99571872581546
20   143.99571872581546
21   143.99571872581546
22   143.99571872581546
23   143.99571872581546
24   143.99571872581546
25   143.99571872581546
26   143.99571872581546
27   143.99571872581546
28   143.99571872581546
29   143.99571872581546
30   143.99571872581546
31   143.99571872581546
32   143.99571872581546
33   143.99571872581546
34   143.99571872581546
35   143.99571872581546
36   143.99571872581546
37   143.99571872581546
38   143.99571872581546
39   143.99571872581546
40   143.99571872581546
41   143.99571872581546
42   143.99571872581546
43   143.99571872581546
44   143.99571872581546
45   143.99571872581546
46   143.99571872581546
47   143.99571872581546
48   143.99571872581546
49   143.99571872581546
50   143.99571872581546
51   143.99571872581546
52   143.99571872581546
53   143.99571872581546
54   143.99571872581546
55   143.99571872581546
56   143.99571872581546
57   143.99571872581546
58   143.99571872581546
59   143.99571872581546
60   143.99571872581546
61   143.99571872581546
62   143.99571872581546
63   143.99571872581546
64   143.99571872581546
65   143.99571872581546
66   143.99571872581546
67   143.99571872581546
68   143.99571872581546
69   143.99571872581546
70   143.99571872581546
71   143.99571872581546
72   143.99571872581546
73   143.99571872581546
74   143.99571872581546
75   143.99571872581546
76   143.99571872581546
77   143.99571872581546
78   143.99571872581546
79   143.99571872581546
80   143.99571872581546
81   143.99571872581546
82   143.99571872581546
83   143.99571872581546
84   143.99571872581546
85   143.99571872581546
86   143.99571872581546
87   143.99571872581546
88   143.99571872581546
89   143.99571872581546
90   143.99571872581546
91   143.99571872581546
92   143.99571872581546
93   143.99571872581546
94   143.99571872581546
95   143.99571872581546
96   143.99571872581546
97   143.99571872581546
98   143.99571872581546
99   143.99571872581546
100   143.99571872581546
101   143.99571872581546
102   143.99571872581546
103   143.99571872581546
104   143.99571872581546
105   143.99571872581546
106   143.99571872581546
107   143.99571872581546
108   143.99571872581546
109   143.99571872581546
110   143.99571872581546
111   143.99571872581546
112   143.99571872581546
113   143.99571872581546
114   143.99571872581546
115   143.99571872581546
116   143.99571872581546
117   143.99571872581546
118   143.99571872581546
119   143.99571872581546
120   143.99571872581546
121   143.99571872581546
122   143.99571872581546
123   143.99571872581546
124   143.99571872581546
125   143.99571872581546
126   143.99571872581546
127   143.99571872581546
128   143.99571872581546
129   143.99571872581546
130   143.99571872581546
131   143.99571872581546
132   143.99571872581546
133   143.99571872581546
134   143.99571872581546
135   143.99571872581546
136   143.99571872581546
137   143.99571872581546
138   143.99571872581546
139   143.99571872581546
140   143.99571872581546
141   143.99571872581546
142   143.99571872581546
143   143.99571872581546
144   143.99571872581546
145   143.99571872581546
146   143.99571872581546
147   143.99571872581546
148   143.99571872581546
149   143.99571872581546
150   143.99571872581546
151   143.99571872581546
152   143.99571872581546
153   143.99571872581546
154   143.99571872581546
155   143.99571872581546
156   143.99571872581546
157   143.99571872581546
158   143.99571872581546
159   143.99571872581546
160   143.99571872581546
161   143.99571872581546
162   143.99571872581546
163   143.99571872581546
164   143.99571872581546
165   143.99571872581546
166   143.99571872581546
167   143.99571872581546
168   143.99571872581546
169   143.99571872581546
170   143.99571872581546
171   143.99571872581546
172   143.99571872581546
173   143.99571872581546
174   143.99571872581546
175   143.99571872581546
176   143.99571872581546
177   143.99571872581546
178   143.99571872581546
179   143.99571872581546
180   143.99571872581546
181   143.99571872581546
182   143.99571872581546
183   143.99571872581546
184   143.99571872581546
185   143.99571872581546
186   143.99571872581546
187   143.99571872581546
188   143.99571872581546
189   143.99571872581546
190   143.99571872581546
191   143.99571872581546
192   143.99571872581546
193   143.99571872581546
194   143.99571872581546
195   143.99571872581546
196   143.99571872581546
197   143.99571872581546
198   143.99571872581546
199   143.99571872581546
200   143.99571872581546
201   143.99571872581546
202   143.99571872581546
203   143.99571872581546
204   143.99571872581546
205   143.99571872581546
206   143.99571872581546
207   143.99571872581546
208   143.99571872581546
209   143.99571872581546
210   143.99571872581546
211   143.99571872581546
212   143.99571872581546
213   143.99571872581546
214   143.99571872581546
215   143.99571872581546
216   143.99571872581546
217   143.99571872581546
218   143.99571872581546
219   143.99571872581546
220   143.99571872581546
221   143.99571872581546
222   143.99571872581546
223   143.99571872581546
224   143.99571872581546
225   143.99571872581546
226   143.99571872581546
227   143.99571872581546
228   143.99571872581546
229   143.99571872581546
230   143.99571872581546
231   143.99571872581546
232   143.99571872581546
233   143.99571872581546
234   143.99571872581546
235   143.99571872581546
236   143.99571872581546
237   143.99571872581546
238   143.99571872581546
239   143.99571872581546
240   143.99571872581546
241   143.99571872581546
242   143.99571872581546
243   143.99571872581546
244   143.99571872581546
245   143.99571872581546
246   143.99571872581546
247   143.99571872581546
248   143.99571872581546
249   143.99571872581546
250   143.99571872581546
251   143.99571872581546
252   143.99571872581546
253   143.99571872581546
254   143.99571872581546
255   143.99571872581546
256   143.99571872581546
257   143.99571872581546
258   143.99571872581546
259   143.99571872581546
260   143.99571872581546
261   143.99571872581546
262   143.99571872581546
263   143.99571872581546
264   143.99571872581546
265   143.99571872581546
266   143.99571872581546
267   143.99571872581546
268   143.99571872581546
269   143.99571872581546
270   143.99571872581546
271   143.99571872581546
272   143.99571872581546
273   143.99571872581546
274   143.99571872581546
275   143.99571872581546
276   143.99571872581546
277   143.99571872581546
278   143.99571872581546
279   143.99571872581546
280   143.99571872581546
281   143.99571872581546
282   143.99571872581546
283   143.99571872581546
284   143.99571872581546
285   143.99571872581546
286   143.99571872581546
287   143.99571872581546
288   143.99571872581546
289   143.99571872581546
290   143.99571872581546
291   143.99571872581546
292   143.99571872581546
293   143.99571872581546
294   143.99571872581546
295   143.99571872581546
296   143.99571872581546
297   143.99571872581546
298   143.99571872581546
299   143.99571872581546
300   143.99571872581546
301   143.99571872581546
302   143.99571872581546
303   143.99571872581546
304   143.99571872581546
305   143.99571872581546
306   143.99571872581546
307   143.99571872581546
308   143.99571872581546
309   143.99571872581546
310   143.99571872581546
311   143.99571872581546
312   143.99571872581546
313   143.99571872581546
314   143.99571872581546
315   143.99571872581546
316   143.99571872581546
317   143.99571872581546
318   143.99571872581546
319   143.99571872581546
320   143.99571872581546
321   143.99571872581546
322   143.99571872581546
323   143.99571872581546
324   143.99571872581546
325   143.99571872581546
326   143.99571872581546
327   143.99571872581546
328   143.99571872581546
329   143.99571872581546
330   143.99571872581546
331   143.99571872581546
332   143.99571872581546
333   143.99571872581546
334   143.99571872581546
335   143.99571872581546
336   143.99571872581546
337   143.99571872581546
338   143.99571872581546
339   143.99571872581546
340   143.99571872581546
341   143.99571872581546
342   143.99571872581546
343   143.99571872581546
344   143.99571872581546
345   143.99571872581546
346   143.99571872581546
347   143.99571872581546
348   143.99571872581546
349   143.99571872581546
350   143.99571872581546
351   143.99571872581546
352   143.99571872581546
353   143.99571872581546
354   143.99571872581546
355   143.99571872581546
356   143.99571872581546
357   143.99571872581546
358   143.99571872581546
359   143.99571872581546
360   143.99571872581546
361   143.99571872581546
362   143.99571872581546
363   143.99571872581546
364   143.99571872581546
365   143.99571872581546
366   143.99571872581546
367   143.99571872581546
368   143.99571872581546
369   143.99571872581546
370   143.99571872581546
371   143.99571872581546
372   143.99571872581546
373   143.99571872581546
374   143.99571872581546
375   143.99571872581546
376   143.99571872581546
377   143.99571872581546
378   143.99571872581546
379   143.99571872581546
380   143.99571872581546
381   143.99571872581546
382   143.99571872581546
383   143.99571872581546
384   143.99571872581546
385   143.99571872581546
386   143.99571872581546
387   143.99571872581546
388   143.99571872581546
389   143.99571872581546
390   143.99571872581546
391   143.99571872581546
392   143.99571872581546
393   143.99571872581546
394   143.99571872581546
395   143.99571872581546
396   143.99571872581546
397   143.99571872581546
398   143.99571872581546
399   143.99571872581546
400   143.99571872581546
401   143.99571872581546
402   143.99571872581546
403   143.99571872581546
404   143.99571872581546
405   143.99571872581546
406   143.99571872581546
407   143.99571872581546
408   143.99571872581546
409   143.99571872581546
410   143.99571872581546
411   143.99571872581546
412   143.99571872581546
413   143.99571872581546
414   143.99571872581546
415   143.99571872581546
416   143.99571872581546
417   143.99571872581546
418   143.99571872581546
419   143.99571872581546
420   143.99571872581546
421   143.99571872581546
422   143.99571872581546
423   143.99571872581546
424   143.99571872581546
425   143.99571872581546
426   143.99571872581546
427   143.99571872581546
428   143.99571872581546
429   143.99571872581546
430   143.99571872581546
431   143.99571872581546
432   143.99571872581546
433   143.99571872581546
434   143.99571872581546
435   143.99571872581546
436   143.99571872581546
437   143.99571872581546
438   143.99571872581546
439   143.99571872581546
440   143.99571872581546
441   143.99571872581546
442   143.99571872581546
443   143.99571872581546
444   143.99571872581546
445   143.99571872581546
446   143.99571872581546
447   143.99571872581546
448   143.99571872581546
449   143.99571872581546
450   143.99571872581546
451   143.99571872581546
452   143.99571872581546
453   143.99571872581546
454   143.99571872581546
455   143.99571872581546
456   143.99571872581546
457   143.99571872581546
458   143.99571872581546
459   143.99571872581546
460   143.99571872581546
461   143.99571872581546
462   143.99571872581546
463   143.99571872581546
464   143.99571872581546
465   143.99571872581546
466   143.99571872581546
467   143.99571872581546
468   143.99571872581546
469   143.99571872581546
470   143.99571872581546
471   143.99571872581546
472   143.99571872581546
473   143.99571872581546
474   143.99571872581546
475   143.99571872581546
476   143.99571872581546
477   143.99571872581546
478   143.99571872581546
479   143.99571872581546
480   143.99571872581546
481   143.99571872581546
482   143.99571872581546
483   143.99571872581546
484   143.99571872581546
485   143.99571872581546
486   143.99571872581546
487   143.99571872581546
488   143.99571872581546
489   143.99571872581546
490   143.99571872581546
491   143.99571872581546
492   143.99571872581546
493   143.99571872581546
494   143.99571872581546
495   143.99571872581546
496   143.99571872581546
497   143.99571872581546
498   143.99571872581546
499   143.99571872581546
500   143.99571872581546
501   143.99571872581546
502   143.99571872581546
503   143.99571872581546
504   143.99571872581546
505   143.99571872581546
506   143.99571872581546
507   143.99571872581546
508   143.99571872581546
509   143.99571872581546
510   143.99571872581546
511   143.99571872581546
512   143.99571872581546
513   143.99571872581546
514   143.99571872581546
515   143.99571872581546
516   143.99571872581546
517   143.99571872581546
518   143.99571872581546
519   143.99571872581546
520   143.99571872581546
521   143.99571872581546
522   143.99571872581546
523   143.99571872581546
524   143.99571872581546
525   143.99571872581546
526   143.99571872581546
527   143.99571872581546
528   143.99571872581546
529   143.99571872581546
530   143.99571872581546
531   143.99571872581546
532   143.99571872581546
533   143.99571872581546
534   143.99571872581546
535   143.99571872581546
536   143.99571872581546
537   143.99571872581546
538   143.99571872581546
539   143.99571872581546
540   143.99571872581546
541   143.99571872581546
542   143.99571872581546
543   143.99571872581546
544   143.99571872581546
545   143.99571872581546
546   143.99571872581546
547   143.99571872581546
548   143.99571872581546
549   143.99571872581546
550   143.99571872581546
551   143.99571872581546
552   143.99571872581546
553   143.99571872581546
554   143.99571872581546
555   143.99571872581546
556   143.99571872581546
557   143.99571872581546
558   143.99571872581546
559   143.99571872581546
560   143.99571872581546
561   143.99571872581546
562   143.99571872581546
563   143.99571872581546
564   143.99571872581546
565   143.99571872581546
566   143.99571872581546
567   143.99571872581546
568   143.99571872581546
569   143.99571872581546
570   143.99571872581546
571   143.99571872581546
572   143.99571872581546
573   143.99571872581546
574   143.99571872581546
575   143.99571872581546
576   143.99571872581546
577   143.99571872581546
578   143.99571872581546
579   143.99571872581546
580   143.99571872581546
581   143.99571872581546
582   143.99571872581546
583   143.99571872581546
584   143.99571872581546
585   143.99571872581546
586   143.99571872581546
587   143.99571872581546
588   143.99571872581546
589   143.99571872581546
590   143.99571872581546
591   143.99571872581546
592   143.99571872581546
593   143.99571872581546
594   143.99571872581546
595   143.99571872581546
596   143.99571872581546
597   143.99571872581546
598   143.99571872581546
599   143.99571872581546
600   143.99571872581546
601   143.99571872581546
602   143.99571872581546
603   143.99571872581546
604   143.99571872581546
605   143.99571872581546
606   143.99571872581546
607   143.99571872581546
608   143.99571872581546
609   143.99571872581546
610   143.99571872581546
611   143.99571872581546
612   143.99571872581546
613   143.99571872581546
614   143.99571872581546
615   143.99571872581546
616   143.99571872581546
617   143.99571872581546
618   143.99571872581546
619   143.99571872581546
620   143.99571872581546
621   143.99571872581546
622   143.99571872581546
623   143.99571872581546
624   143.99571872581546
625   143.99571872581546
626   143.99571872581546
627   143.99571872581546
628   143.99571872581546
629   143.99571872581546
630   143.99571872581546
631   143.99571872581546
632   143.99571872581546
633   143.99571872581546
634   143.99571872581546
635   143.99571872581546
636   143.99571872581546
637   143.99571872581546
638   143.99571872581546
639   143.99571872581546
640   143.99571872581546
641   143.99571872581546
642   143.99571872581546
643   143.99571872581546
644   143.99571872581546
645   143.99571872581546
646   143.99571872581546
647   143.99571872581546
648   143.99571872581546
649   143.99571872581546
650   143.99571872581546
651   143.99571872581546
652   143.99571872581546
653   143.99571872581546
654   143.99571872581546
655   143.99571872581546
656   143.99571872581546
657   143.99571872581546
658   143.99571872581546
659   143.99571872581546
660   143.99571872581546
661   143.99571872581546
662   143.99571872581546
663   143.99571872581546
664   143.99571872581546
665   143.99571872581546
666   143.99571872581546
667   143.99571872581546
668   143.99571872581546
669   143.99571872581546
670   143.99571872581546
671   143.99571872581546
672   143.99571872581546
673   143.99571872581546
674   143.99571872581546
675   143.99571872581546
676   143.99571872581546
677   143.99571872581546
678   143.99571872581546
679   143.99571872581546
680   143.99571872581546
681   143.99571872581546
682   143.99571872581546
683   143.99571872581546
684   143.99571872581546
685   143.99571872581546
686   143.99571872581546
687   143.99571872581546
688   143.99571872581546
689   143.99571872581546
690   143.99571872581546
691   143.99571872581546
692   143.99571872581546
693   143.99571872581546
694   143.99571872581546
695   143.99571872581546
696   143.99571872581546
697   143.99571872581546
698   143.99571872581546
699   143.99571872581546
700   143.99571872581546
701   143.99571872581546
702   143.99571872581546
703   143.99571872581546
704   143.99571872581546
705   143.99571872581546
706   143.99571872581546
707   143.99571872581546
708   143.99571872581546
709   143.99571872581546
710   143.99571872581546
711   143.99571872581546
712   143.99571872581546
713   143.99571872581546
714   143.99571872581546
715   143.99571872581546
716   143.99571872581546
717   143.99571872581546
718   143.99571872581546
719   143.99571872581546
720   143.99571872581546
721   143.99571872581546
722   143.99571872581546
723   143.99571872581546
724   143.99571872581546
725   143.99571872581546
726   143.99571872581546
727   143.99571872581546
728   143.99571872581546
729   143.99571872581546
730   143.99571872581546
731   143.99571872581546
732   143.99571872581546
733   143.99571872581546
734   143.99571872581546
735   143.99571872581546
736   143.99571872581546
737   143.99571872581546
738   143.99571872581546
739   143.99571872581546
740   143.99571872581546
741   143.99571872581546
742   143.99571872581546
743   143.99571872581546
744   143.99571872581546
745   143.99571872581546
746   143.99571872581546
747   143.99571872581546
748   143.99571872581546
749   143.99571872581546
750   143.99571872581546
751   143.99571872581546
752   143.99571872581546
753   143.99571872581546
754   143.99571872581546
755   143.99571872581546
756   143.99571872581546
757   143.99571872581546
758   143.99571872581546
759   143.99571872581546
760   143.99571872581546
761   143.99571872581546
762   143.99571872581546
763   143.99571872581546
764   143.99571872581546
765   143.99571872581546
766   143.99571872581546
767   143.99571872581546
768   143.99571872581546
769   143.99571872581546
770   143.99571872581546
771   143.99571872581546
772   143.99571872581546
773   143.99571872581546
774   143.99571872581546
775   143.99571872581546
776   143.99571872581546
777   143.99571872581546
778   143.99571872581546
779   143.99571872581546
780   143.99571872581546
781   143.99571872581546
782   143.99571872581546
783   143.99571872581546
784   143.99571872581546
785   143.99571872581546
786   143.99571872581546
787   143.99571872581546
788   143.99571872581546
789   143.99571872581546
790   143.99571872581546
791   143.99571872581546
792   143.99571872581546
793   143.99571872581546
794   143.99571872581546
795   143.99571872581546
796   143.99571872581546
797   143.99571872581546
798   143.99571872581546
799   143.99571872581546
800   143.99571872581546
801   143.99571872581546
802   143.99571872581546
803   143.99571872581546
804   143.99571872581546
805   143.99571872581546
806   143.99571872581546
807   143.99571872581546
808   143.99571872581546
809   143.99571872581546
810   143.99571872581546
811   143.99571872581546
812   143.99571872581546
813   143.99571872581546
814   143.99571872581546
815   143.99571872581546
816   143.99571872581546
817   143.99571872581546
818   143.99571872581546
819   143.99571872581546
820   143.99571872581546
821   143.99571872581546
822   143.99571872581546
823   143.99571872581546
824   143.99571872581546
825   143.99571872581546
826   143.99571872581546
827   143.99571872581546
828   143.99571872581546
829   143.99571872581546
830   143.99571872581546
831   143.99571872581546
832   143.99571872581546
833   143.99571872581546
834   143.99571872581546
835   143.99571872581546
836   143.99571872581546
837   143.99571872581546
838   143.99571872581546
839   143.99571872581546
840   143.99571872581546
841   143.99571872581546
842   143.99571872581546
843   143.99571872581546
844   143.99571872581546
845   143.99571872581546
846   143.99571872581546
847   143.99571872581546
848   143.99571872581546
849   143.99571872581546
850   143.99571872581546
851   143.99571872581546
852   143.99571872581546
853   143.99571872581546
854   143.99571872581546
855   143.99571872581546
856   143.99571872581546
857   143.99571872581546
858   143.99571872581546
859   143.99571872581546
860   143.99571872581546
861   143.99571872581546
862   143.99571872581546
863   143.99571872581546
864   143.99571872581546
865   143.99571872581546
866   143.99571872581546
867   143.99571872581546
868   143.99571872581546
869   143.99571872581546
870   143.99571872581546
871   143.99571872581546
872   143.99571872581546
873   143.99571872581546
874   143.99571872581546
875   143.99571872581546
876   143.99571872581546
877   143.99571872581546
878   143.99571872581546
879   143.99571872581546
880   143.99571872581546
881   143.99571872581546
882   143.99571872581546
883   143.99571872581546
884   143.99571872581546
885   143.99571872581546
886   143.99571872581546
887   143.99571872581546
888   143.99571872581546
889   143.99571872581546
890   143.99571872581546
891   143.99571872581546
892   143.99571872581546
893   143.99571872581546
894   143.99571872581546
895   143.99571872581546
896   143.99571872581546
897   143.99571872581546
898   143.99571872581546
899   143.99571872581546
900   143.99571872581546
901   143.99571872581546
902   143.99571872581546
903   143.99571872581546
904   143.99571872581546
905   143.99571872581546
906   143.99571872581546
907   143.99571872581546
908   143.99571872581546
909   143.99571872581546
910   143.99571872581546
911   143.99571872581546
912   143.99571872581546
913   143.99571872581546
914   143.99571872581546
915   143.99571872581546
916   143.99571872581546
917   143.99571872581546
918   143.99571872581546
919   143.99571872581546
920   143.99571872581546
921   143.99571872581546
922   143.99571872581546
923   143.99571872581546
924   143.99571872581546
925   143.99571872581546
926   143.99571872581546
927   143.99571872581546
928   143.99571872581546
929   143.99571872581546
930   143.99571872581546
931   143.99571872581546
932   143.99571872581546
933   143.99571872581546
934   143.99571872581546
935   143.99571872581546
936   143.99571872581546
937   143.99571872581546
938   143.99571872581546
939   143.99571872581546
940   143.99571872581546
941   143.99571872581546
942   143.99571872581546
943   143.99571872581546
944   143.99571872581546
945   143.99571872581546
946   143.99571872581546
947   143.99571872581546
948   143.99571872581546
949   143.99571872581546
950   143.99571872581546
951   143.99571872581546
952   143.99571872581546
953   143.99571872581546
954   143.99571872581546
955   143.99571872581546
956   143.99571872581546
957   143.99571872581546
958   143.99571872581546
959   143.99571872581546
960   143.99571872581546
961   143.99571872581546
962   143.99571872581546
963   143.99571872581546
964   143.99571872581546
965   143.99571872581546
966   143.99571872581546
967   143.99571872581546
968   143.99571872581546
969   143.99571872581546
970   143.99571872581546
971   143.99571872581546
972   143.99571872581546
973   143.99571872581546
974   143.99571872581546
975   143.99571872581546
976   143.99571872581546
977   143.99571872581546
978   143.99571872581546
979   143.99571872581546
980   143.99571872581546
981   143.99571872581546
982   143.99571872581546
983   143.99571872581546
984   143.99571872581546
985   143.99571872581546
986   143.99571872581546
987   143.99571872581546
988   143.99571872581546
989   143.99571872581546
990   143.99571872581546
991   143.99571872581546
992   143.99571872581546
993   143.99571872581546
994   143.99571872581546
995   143.99571872581546
996   143.99571872581546
997   143.99571872581546
998   143.99571872581546
999   143.99571872581546
