1   214.53800151397496
2   214.53800151397496
3   214.53800151397496
4   214.53800151397496
5   214.53800151397496
6   214.53800151397496
7   214.53800151397496
8   214.53800151397496
9   214.53800151397496
10   214.53800151397496
11   214.53800151397496
12   214.53800151397496
13   214.53800151397496
14   214.53800151397496
15   214.53800151397496
16   214.53800151397496
17   214.53800151397496
18   207.02138156773066
19   207.02138156773066
20   207.02138156773066
21   207.02138156773066
22   195.21324780448757
23   195.21324780448757
24   195.21324780448757
25   195.21324780448757
26   195.21324780448757
27   195.21324780448757
28   195.21324780448757
29   195.21324780448757
30   195.21324780448757
31   195.21324780448757
32   195.21324780448757
33   195.21324780448757
34   195.21324780448757
35   195.21324780448757
36   195.21324780448757
37   195.21324780448757
38   195.21324780448757
39   195.21324780448757
40   195.21324780448757
41   195.21324780448757
42   195.21324780448757
43   195.21324780448757
44   195.21324780448757
45   195.21324780448757
46   195.21324780448757
47   195.21324780448757
48   195.21324780448757
49   195.21324780448757
50   195.21324780448757
51   195.21324780448757
52   195.21324780448757
53   195.21324780448757
54   195.21324780448757
55   195.21324780448757
56   195.21324780448757
57   195.21324780448757
58   195.21324780448757
59   195.21324780448757
60   195.21324780448757
61   195.21324780448757
62   195.21324780448757
63   195.21324780448757
64   195.21324780448757
65   195.21324780448757
66   195.21324780448757
67   195.21324780448757
68   195.21324780448757
69   195.21324780448757
70   195.21324780448757
71   195.21324780448757
72   195.21324780448757
73   195.21324780448757
74   195.21324780448757
75   195.21324780448757
76   195.21324780448757
77   195.21324780448757
78   195.21324780448757
79   195.21324780448757
80   195.21324780448757
81   195.21324780448757
82   195.21324780448757
83   195.21324780448757
84   195.21324780448757
85   195.21324780448757
86   195.21324780448757
87   195.21324780448757
88   195.21324780448757
89   195.21324780448757
90   195.21324780448757
91   195.21324780448757
92   195.21324780448757
93   195.21324780448757
94   195.21324780448757
95   195.21324780448757
96   195.21324780448757
97   195.21324780448757
98   195.21324780448757
99   195.21324780448757
100   195.21324780448757
101   195.21324780448757
102   195.21324780448757
103   195.21324780448757
104   195.21324780448757
105   195.21324780448757
106   195.21324780448757
107   195.21324780448757
108   195.21324780448757
109   195.21324780448757
110   195.21324780448757
111   195.21324780448757
112   195.21324780448757
113   195.21324780448757
114   195.21324780448757
115   195.21324780448757
116   195.21324780448757
117   195.21324780448757
118   195.21324780448757
119   195.21324780448757
120   195.21324780448757
121   195.21324780448757
122   195.21324780448757
123   195.21324780448757
124   195.21324780448757
125   195.21324780448757
126   195.21324780448757
127   195.21324780448757
128   195.21324780448757
129   195.21324780448757
130   195.21324780448757
131   195.21324780448757
132   195.21324780448757
133   195.21324780448757
134   195.21324780448757
135   195.21324780448757
136   195.21324780448757
137   195.21324780448757
138   195.21324780448757
139   195.21324780448757
140   195.21324780448757
141   195.21324780448757
142   195.21324780448757
143   195.21324780448757
144   195.21324780448757
145   195.21324780448757
146   195.21324780448757
147   195.21324780448757
148   195.21324780448757
149   195.21324780448757
150   195.21324780448757
151   195.21324780448757
152   195.21324780448757
153   195.21324780448757
154   195.21324780448757
155   195.21324780448757
156   195.21324780448757
157   195.21324780448757
158   195.21324780448757
159   195.21324780448757
160   195.21324780448757
161   195.21324780448757
162   195.21324780448757
163   195.21324780448757
164   195.21324780448757
165   195.21324780448757
166   195.21324780448757
167   195.21324780448757
168   195.21324780448757
169   195.21324780448757
170   195.21324780448757
171   195.21324780448757
172   195.21324780448757
173   195.21324780448757
174   195.21324780448757
175   195.21324780448757
176   195.21324780448757
177   195.21324780448757
178   195.21324780448757
179   195.21324780448757
180   195.21324780448757
181   195.21324780448757
182   195.21324780448757
183   195.21324780448757
184   195.21324780448757
185   195.21324780448757
186   195.21324780448757
187   195.21324780448757
188   195.21324780448757
189   195.21324780448757
190   195.21324780448757
191   195.21324780448757
192   195.21324780448757
193   195.21324780448757
194   195.21324780448757
195   195.21324780448757
196   195.21324780448757
197   195.21324780448757
198   195.21324780448757
199   195.21324780448757
200   195.21324780448757
201   195.21324780448757
202   195.21324780448757
203   195.21324780448757
204   195.21324780448757
205   195.21324780448757
206   195.21324780448757
207   195.21324780448757
208   195.21324780448757
209   195.21324780448757
210   195.21324780448757
211   195.21324780448757
212   195.21324780448757
213   195.21324780448757
214   195.21324780448757
215   195.21324780448757
216   195.21324780448757
217   195.21324780448757
218   195.21324780448757
219   195.21324780448757
220   195.21324780448757
221   195.21324780448757
222   195.21324780448757
223   195.21324780448757
224   195.21324780448757
225   195.21324780448757
226   195.21324780448757
227   195.21324780448757
228   195.21324780448757
229   195.21324780448757
230   195.21324780448757
231   195.21324780448757
232   195.21324780448757
233   195.21324780448757
234   195.21324780448757
235   195.21324780448757
236   195.21324780448757
237   195.21324780448757
238   195.21324780448757
239   195.21324780448757
240   195.21324780448757
241   195.21324780448757
242   195.21324780448757
243   195.21324780448757
244   195.21324780448757
245   195.21324780448757
246   195.21324780448757
247   195.21324780448757
248   195.21324780448757
249   195.21324780448757
250   195.21324780448757
251   195.21324780448757
252   195.21324780448757
253   195.21324780448757
254   195.21324780448757
255   195.21324780448757
256   195.21324780448757
257   195.21324780448757
258   195.21324780448757
259   195.21324780448757
260   195.21324780448757
261   195.21324780448757
262   195.21324780448757
263   195.21324780448757
264   195.21324780448757
265   195.21324780448757
266   195.21324780448757
267   195.21324780448757
268   195.21324780448757
269   195.21324780448757
270   195.21324780448757
271   195.21324780448757
272   195.21324780448757
273   195.21324780448757
274   195.21324780448757
275   195.21324780448757
276   195.21324780448757
277   195.21324780448757
278   195.21324780448757
279   195.21324780448757
280   195.21324780448757
281   195.21324780448757
282   195.21324780448757
283   195.21324780448757
284   195.21324780448757
285   195.21324780448757
286   195.21324780448757
287   195.21324780448757
288   195.21324780448757
289   195.21324780448757
290   195.21324780448757
291   195.21324780448757
292   195.21324780448757
293   195.21324780448757
294   195.21324780448757
295   195.21324780448757
296   195.21324780448757
297   195.21324780448757
298   195.21324780448757
299   195.21324780448757
300   195.21324780448757
301   195.21324780448757
302   195.21324780448757
303   195.21324780448757
304   195.21324780448757
305   195.21324780448757
306   195.21324780448757
307   195.21324780448757
308   195.21324780448757
309   195.21324780448757
310   195.21324780448757
311   195.21324780448757
312   195.21324780448757
313   195.21324780448757
314   195.21324780448757
315   195.21324780448757
316   195.21324780448757
317   195.21324780448757
318   195.21324780448757
319   195.21324780448757
320   195.21324780448757
321   195.21324780448757
322   195.21324780448757
323   195.21324780448757
324   195.21324780448757
325   195.21324780448757
326   195.21324780448757
327   195.21324780448757
328   195.21324780448757
329   195.21324780448757
330   195.21324780448757
331   195.21324780448757
332   195.21324780448757
333   195.21324780448757
334   195.21324780448757
335   195.21324780448757
336   195.21324780448757
337   195.21324780448757
338   195.21324780448757
339   195.21324780448757
340   195.21324780448757
341   195.21324780448757
342   195.21324780448757
343   195.21324780448757
344   195.21324780448757
345   195.21324780448757
346   195.21324780448757
347   195.21324780448757
348   195.21324780448757
349   195.21324780448757
350   195.21324780448757
351   195.21324780448757
352   195.21324780448757
353   195.21324780448757
354   195.21324780448757
355   195.21324780448757
356   195.21324780448757
357   195.21324780448757
358   195.21324780448757
359   195.21324780448757
360   195.21324780448757
361   195.21324780448757
362   195.21324780448757
363   195.21324780448757
364   195.21324780448757
365   195.21324780448757
366   195.21324780448757
367   195.21324780448757
368   195.21324780448757
369   195.21324780448757
370   195.21324780448757
371   195.21324780448757
372   195.21324780448757
373   195.21324780448757
374   195.21324780448757
375   195.21324780448757
376   195.21324780448757
377   195.21324780448757
378   195.21324780448757
379   195.21324780448757
380   195.21324780448757
381   195.21324780448757
382   195.21324780448757
383   195.21324780448757
384   195.21324780448757
385   195.21324780448757
386   195.21324780448757
387   195.21324780448757
388   195.21324780448757
389   195.21324780448757
390   195.21324780448757
391   195.21324780448757
392   195.21324780448757
393   195.21324780448757
394   195.21324780448757
395   195.21324780448757
396   195.21324780448757
397   195.21324780448757
398   195.21324780448757
399   195.21324780448757
400   195.21324780448757
401   195.21324780448757
402   195.21324780448757
403   195.21324780448757
404   195.21324780448757
405   195.21324780448757
406   195.21324780448757
407   195.21324780448757
408   195.21324780448757
409   195.21324780448757
410   195.21324780448757
411   195.21324780448757
412   195.21324780448757
413   195.21324780448757
414   195.21324780448757
415   195.21324780448757
416   195.21324780448757
417   195.21324780448757
418   195.21324780448757
419   195.21324780448757
420   195.21324780448757
421   195.21324780448757
422   195.21324780448757
423   195.21324780448757
424   195.21324780448757
425   195.21324780448757
426   195.21324780448757
427   195.21324780448757
428   195.21324780448757
429   195.21324780448757
430   195.21324780448757
431   195.21324780448757
432   195.21324780448757
433   195.21324780448757
434   195.21324780448757
435   195.21324780448757
436   195.21324780448757
437   195.21324780448757
438   195.21324780448757
439   195.21324780448757
440   195.21324780448757
441   195.21324780448757
442   195.21324780448757
443   195.21324780448757
444   195.21324780448757
445   195.21324780448757
446   195.21324780448757
447   195.21324780448757
448   195.21324780448757
449   195.21324780448757
450   195.21324780448757
451   195.21324780448757
452   195.21324780448757
453   195.21324780448757
454   195.21324780448757
455   195.21324780448757
456   195.21324780448757
457   195.21324780448757
458   195.21324780448757
459   195.21324780448757
460   195.21324780448757
461   195.21324780448757
462   195.21324780448757
463   195.21324780448757
464   195.21324780448757
465   195.21324780448757
466   195.21324780448757
467   195.21324780448757
468   195.21324780448757
469   195.21324780448757
470   195.21324780448757
471   195.21324780448757
472   195.21324780448757
473   195.21324780448757
474   195.21324780448757
475   195.21324780448757
476   195.21324780448757
477   195.21324780448757
478   195.21324780448757
479   195.21324780448757
480   195.21324780448757
481   195.21324780448757
482   195.21324780448757
483   195.21324780448757
484   195.21324780448757
485   195.21324780448757
486   195.21324780448757
487   195.21324780448757
488   195.21324780448757
489   195.21324780448757
490   195.21324780448757
491   195.21324780448757
492   195.21324780448757
493   195.21324780448757
494   195.21324780448757
495   195.21324780448757
496   195.21324780448757
497   195.21324780448757
498   195.21324780448757
499   195.21324780448757
500   195.21324780448757
501   195.21324780448757
502   195.21324780448757
503   195.21324780448757
504   195.21324780448757
505   195.21324780448757
506   195.21324780448757
507   195.21324780448757
508   195.21324780448757
509   195.21324780448757
510   195.21324780448757
511   195.21324780448757
512   195.21324780448757
513   195.21324780448757
514   195.21324780448757
515   195.21324780448757
516   195.21324780448757
517   195.21324780448757
518   195.21324780448757
519   195.21324780448757
520   195.21324780448757
521   195.21324780448757
522   195.21324780448757
523   195.21324780448757
524   195.21324780448757
525   195.21324780448757
526   195.21324780448757
527   195.21324780448757
528   195.21324780448757
529   195.21324780448757
530   195.21324780448757
531   195.21324780448757
532   195.21324780448757
533   195.21324780448757
534   195.21324780448757
535   195.21324780448757
536   195.21324780448757
537   195.21324780448757
538   195.21324780448757
539   195.21324780448757
540   195.21324780448757
541   195.21324780448757
542   195.21324780448757
543   195.21324780448757
544   195.21324780448757
545   195.21324780448757
546   195.21324780448757
547   195.21324780448757
548   195.21324780448757
549   195.21324780448757
550   195.21324780448757
551   195.21324780448757
552   195.21324780448757
553   195.21324780448757
554   195.21324780448757
555   195.21324780448757
556   195.21324780448757
557   195.21324780448757
558   195.21324780448757
559   195.21324780448757
560   195.21324780448757
561   195.21324780448757
562   195.21324780448757
563   195.21324780448757
564   195.21324780448757
565   195.21324780448757
566   195.21324780448757
567   195.21324780448757
568   195.21324780448757
569   195.21324780448757
570   195.21324780448757
571   195.21324780448757
572   195.21324780448757
573   195.21324780448757
574   195.21324780448757
575   195.21324780448757
576   195.21324780448757
577   195.21324780448757
578   195.21324780448757
579   195.21324780448757
580   195.21324780448757
581   195.21324780448757
582   195.21324780448757
583   195.21324780448757
584   195.21324780448757
585   195.21324780448757
586   195.21324780448757
587   195.21324780448757
588   195.21324780448757
589   195.21324780448757
590   195.21324780448757
591   195.21324780448757
592   195.21324780448757
593   195.21324780448757
594   195.21324780448757
595   195.21324780448757
596   195.21324780448757
597   195.21324780448757
598   195.21324780448757
599   195.21324780448757
600   195.21324780448757
601   195.21324780448757
602   195.21324780448757
603   195.21324780448757
604   195.21324780448757
605   195.21324780448757
606   195.21324780448757
607   195.21324780448757
608   195.21324780448757
609   195.21324780448757
610   195.21324780448757
611   195.21324780448757
612   195.21324780448757
613   195.21324780448757
614   195.21324780448757
615   195.21324780448757
616   195.21324780448757
617   195.21324780448757
618   195.21324780448757
619   195.21324780448757
620   195.21324780448757
621   195.21324780448757
622   195.21324780448757
623   195.21324780448757
624   195.21324780448757
625   195.21324780448757
626   195.21324780448757
627   195.21324780448757
628   195.21324780448757
629   195.21324780448757
630   195.21324780448757
631   195.21324780448757
632   195.21324780448757
633   195.21324780448757
634   195.21324780448757
635   195.21324780448757
636   195.21324780448757
637   195.21324780448757
638   195.21324780448757
639   195.21324780448757
640   195.21324780448757
641   195.21324780448757
642   195.21324780448757
643   195.21324780448757
644   195.21324780448757
645   195.21324780448757
646   195.21324780448757
647   195.21324780448757
648   195.21324780448757
649   195.21324780448757
650   195.21324780448757
651   195.21324780448757
652   195.21324780448757
653   195.21324780448757
654   195.21324780448757
655   195.21324780448757
656   195.21324780448757
657   195.21324780448757
658   195.21324780448757
659   195.21324780448757
660   195.21324780448757
661   195.21324780448757
662   195.21324780448757
663   195.21324780448757
664   195.21324780448757
665   195.21324780448757
666   195.21324780448757
667   195.21324780448757
668   195.21324780448757
669   195.21324780448757
670   195.21324780448757
671   195.21324780448757
672   195.21324780448757
673   195.21324780448757
674   195.21324780448757
675   195.21324780448757
676   195.21324780448757
677   195.21324780448757
678   195.21324780448757
679   195.21324780448757
680   195.21324780448757
681   195.21324780448757
682   195.21324780448757
683   195.21324780448757
684   195.21324780448757
685   195.21324780448757
686   195.21324780448757
687   195.21324780448757
688   195.21324780448757
689   195.21324780448757
690   195.21324780448757
691   195.21324780448757
692   195.21324780448757
693   195.21324780448757
694   195.21324780448757
695   195.21324780448757
696   195.21324780448757
697   195.21324780448757
698   195.21324780448757
699   195.21324780448757
700   195.21324780448757
701   195.21324780448757
702   195.21324780448757
703   195.21324780448757
704   195.21324780448757
705   195.21324780448757
706   195.21324780448757
707   195.21324780448757
708   195.21324780448757
709   195.21324780448757
710   195.21324780448757
711   195.21324780448757
712   195.21324780448757
713   195.21324780448757
714   195.21324780448757
715   195.21324780448757
716   195.21324780448757
717   195.21324780448757
718   195.21324780448757
719   195.21324780448757
720   195.21324780448757
721   195.21324780448757
722   195.21324780448757
723   195.21324780448757
724   195.21324780448757
725   195.21324780448757
726   195.21324780448757
727   195.21324780448757
728   195.21324780448757
729   195.21324780448757
730   195.21324780448757
731   195.21324780448757
732   195.21324780448757
733   195.21324780448757
734   195.21324780448757
735   195.21324780448757
736   195.21324780448757
737   195.21324780448757
738   195.21324780448757
739   195.21324780448757
740   195.21324780448757
741   195.21324780448757
742   195.21324780448757
743   195.21324780448757
744   195.21324780448757
745   195.21324780448757
746   195.21324780448757
747   195.21324780448757
748   195.21324780448757
749   195.21324780448757
750   195.21324780448757
751   195.21324780448757
752   195.21324780448757
753   195.21324780448757
754   195.21324780448757
755   195.21324780448757
756   195.21324780448757
757   195.21324780448757
758   195.21324780448757
759   195.21324780448757
760   195.21324780448757
761   195.21324780448757
762   195.21324780448757
763   195.21324780448757
764   195.21324780448757
765   195.21324780448757
766   195.21324780448757
767   195.21324780448757
768   195.21324780448757
769   195.21324780448757
770   195.21324780448757
771   195.21324780448757
772   195.21324780448757
773   195.21324780448757
774   195.21324780448757
775   195.21324780448757
776   195.21324780448757
777   195.21324780448757
778   195.21324780448757
779   195.21324780448757
780   195.21324780448757
781   195.21324780448757
782   195.21324780448757
783   195.21324780448757
784   195.21324780448757
785   195.21324780448757
786   195.21324780448757
787   195.21324780448757
788   195.21324780448757
789   195.21324780448757
790   195.21324780448757
791   195.21324780448757
792   195.21324780448757
793   195.21324780448757
794   195.21324780448757
795   195.21324780448757
796   195.21324780448757
797   195.21324780448757
798   195.21324780448757
799   195.21324780448757
800   195.21324780448757
801   195.21324780448757
802   195.21324780448757
803   195.21324780448757
804   195.21324780448757
805   195.21324780448757
806   195.21324780448757
807   195.21324780448757
808   195.21324780448757
809   195.21324780448757
810   195.21324780448757
811   195.21324780448757
812   195.21324780448757
813   195.21324780448757
814   195.21324780448757
815   195.21324780448757
816   195.21324780448757
817   195.21324780448757
818   195.21324780448757
819   195.21324780448757
820   195.21324780448757
821   195.21324780448757
822   195.21324780448757
823   195.21324780448757
824   195.21324780448757
825   195.21324780448757
826   195.21324780448757
827   195.21324780448757
828   195.21324780448757
829   195.21324780448757
830   195.21324780448757
831   195.21324780448757
832   195.21324780448757
833   195.21324780448757
834   195.21324780448757
835   195.21324780448757
836   195.21324780448757
837   195.21324780448757
838   195.21324780448757
839   195.21324780448757
840   195.21324780448757
841   195.21324780448757
842   195.21324780448757
843   195.21324780448757
844   195.21324780448757
845   195.21324780448757
846   195.21324780448757
847   195.21324780448757
848   195.21324780448757
849   195.21324780448757
850   195.21324780448757
851   195.21324780448757
852   195.21324780448757
853   195.21324780448757
854   195.21324780448757
855   195.21324780448757
856   195.21324780448757
857   195.21324780448757
858   195.21324780448757
859   195.21324780448757
860   195.21324780448757
861   195.21324780448757
862   195.21324780448757
863   195.21324780448757
864   195.21324780448757
865   195.21324780448757
866   195.21324780448757
867   195.21324780448757
868   195.21324780448757
869   195.21324780448757
870   195.21324780448757
871   195.21324780448757
872   195.21324780448757
873   195.21324780448757
874   195.21324780448757
875   195.21324780448757
876   195.21324780448757
877   195.21324780448757
878   195.21324780448757
879   195.21324780448757
880   195.21324780448757
881   195.21324780448757
882   195.21324780448757
883   195.21324780448757
884   195.21324780448757
885   195.21324780448757
886   195.21324780448757
887   195.21324780448757
888   195.21324780448757
889   195.21324780448757
890   195.21324780448757
891   195.21324780448757
892   195.21324780448757
893   195.21324780448757
894   195.21324780448757
895   195.21324780448757
896   195.21324780448757
897   195.21324780448757
898   195.21324780448757
899   195.21324780448757
900   195.21324780448757
901   195.21324780448757
902   195.21324780448757
903   195.21324780448757
904   195.21324780448757
905   195.21324780448757
906   195.21324780448757
907   195.21324780448757
908   195.21324780448757
909   195.21324780448757
910   195.21324780448757
911   195.21324780448757
912   195.21324780448757
913   195.21324780448757
914   195.21324780448757
915   195.21324780448757
916   195.21324780448757
917   195.21324780448757
918   195.21324780448757
919   195.21324780448757
920   195.21324780448757
921   195.21324780448757
922   195.21324780448757
923   195.21324780448757
924   195.21324780448757
925   195.21324780448757
926   195.21324780448757
927   195.21324780448757
928   195.21324780448757
929   195.21324780448757
930   195.21324780448757
931   195.21324780448757
932   195.21324780448757
933   195.21324780448757
934   195.21324780448757
935   195.21324780448757
936   195.21324780448757
937   195.21324780448757
938   195.21324780448757
939   195.21324780448757
940   195.21324780448757
941   195.21324780448757
942   195.21324780448757
943   195.21324780448757
944   195.21324780448757
945   195.21324780448757
946   195.21324780448757
947   195.21324780448757
948   195.21324780448757
949   195.21324780448757
950   195.21324780448757
951   195.21324780448757
952   195.21324780448757
953   195.21324780448757
954   195.21324780448757
955   195.21324780448757
956   195.21324780448757
957   195.21324780448757
958   195.21324780448757
959   195.21324780448757
960   195.21324780448757
961   195.21324780448757
962   195.21324780448757
963   195.21324780448757
964   195.21324780448757
965   195.21324780448757
966   195.21324780448757
967   195.21324780448757
968   195.21324780448757
969   195.21324780448757
970   195.21324780448757
971   195.21324780448757
972   195.21324780448757
973   195.21324780448757
974   195.21324780448757
975   195.21324780448757
976   195.21324780448757
977   195.21324780448757
978   195.21324780448757
979   195.21324780448757
980   195.21324780448757
981   195.21324780448757
982   195.21324780448757
983   195.21324780448757
984   195.21324780448757
985   195.21324780448757
986   195.21324780448757
987   195.21324780448757
988   195.21324780448757
989   195.21324780448757
990   195.21324780448757
991   195.21324780448757
992   195.21324780448757
993   195.21324780448757
994   195.21324780448757
995   195.21324780448757
996   195.21324780448757
997   195.21324780448757
998   195.21324780448757
999   195.21324780448757
