1   426.24370188803437
2   367.1392443857339
3   367.1392443857339
4   367.1392443857339
5   367.1392443857339
6   367.1392443857339
7   367.1392443857339
8   367.1392443857339
9   367.1392443857339
10   367.1392443857339
11   367.1392443857339
12   367.1392443857339
13   367.1392443857339
14   367.1392443857339
15   367.1392443857339
16   367.1392443857339
17   367.1392443857339
18   367.1392443857339
19   367.1392443857339
20   367.1392443857339
21   367.1392443857339
22   367.1392443857339
23   367.1392443857339
24   367.1392443857339
25   367.1392443857339
26   367.1392443857339
27   367.1392443857339
28   367.1392443857339
29   367.1392443857339
30   367.1392443857339
31   367.1392443857339
32   367.1392443857339
33   367.1392443857339
34   367.1392443857339
35   367.1392443857339
36   367.1392443857339
37   367.1392443857339
38   367.1392443857339
39   367.1392443857339
40   367.1392443857339
41   367.1392443857339
42   367.1392443857339
43   367.1392443857339
44   367.1392443857339
45   367.1392443857339
46   367.1392443857339
47   367.1392443857339
48   367.1392443857339
49   367.1392443857339
50   367.1392443857339
51   367.1392443857339
52   367.1392443857339
53   367.1392443857339
54   367.1392443857339
55   367.1392443857339
56   367.1392443857339
57   367.1392443857339
58   367.1392443857339
59   367.1392443857339
60   367.1392443857339
61   367.1392443857339
62   367.1392443857339
63   367.1392443857339
64   367.1392443857339
65   367.1392443857339
66   367.1392443857339
67   367.1392443857339
68   367.1392443857339
69   367.1392443857339
70   367.1392443857339
71   367.1392443857339
72   367.1392443857339
73   367.1392443857339
74   367.1392443857339
75   367.1392443857339
76   367.1392443857339
77   367.1392443857339
78   367.1392443857339
79   367.1392443857339
80   367.1392443857339
81   367.1392443857339
82   367.1392443857339
83   367.1392443857339
84   367.1392443857339
85   367.1392443857339
86   367.1392443857339
87   367.1392443857339
88   367.1392443857339
89   367.1392443857339
90   367.1392443857339
91   367.1392443857339
92   367.1392443857339
93   367.1392443857339
94   367.1392443857339
95   367.1392443857339
96   367.1392443857339
97   367.1392443857339
98   367.1392443857339
99   367.1392443857339
100   367.1392443857339
101   367.1392443857339
102   367.1392443857339
103   367.1392443857339
104   367.1392443857339
105   367.1392443857339
106   367.1392443857339
107   367.1392443857339
108   367.1392443857339
109   367.1392443857339
110   367.1392443857339
111   367.1392443857339
112   367.1392443857339
113   367.1392443857339
114   367.1392443857339
115   367.1392443857339
116   367.1392443857339
117   367.1392443857339
118   367.1392443857339
119   367.1392443857339
120   367.1392443857339
121   367.1392443857339
122   367.1392443857339
123   367.1392443857339
124   367.1392443857339
125   367.1392443857339
126   367.1392443857339
127   367.1392443857339
128   367.1392443857339
129   367.1392443857339
130   367.1392443857339
131   367.1392443857339
132   367.1392443857339
133   367.1392443857339
134   367.1392443857339
135   367.1392443857339
136   367.1392443857339
137   367.1392443857339
138   367.1392443857339
139   367.1392443857339
140   367.1392443857339
141   367.1392443857339
142   367.1392443857339
143   367.1392443857339
144   367.1392443857339
145   367.1392443857339
146   367.1392443857339
147   367.1392443857339
148   367.1392443857339
149   367.1392443857339
150   367.1392443857339
151   367.1392443857339
152   367.1392443857339
153   367.1392443857339
154   367.1392443857339
155   367.1392443857339
156   367.1392443857339
157   367.1392443857339
158   367.1392443857339
159   367.1392443857339
160   367.1392443857339
161   367.1392443857339
162   367.1392443857339
163   367.1392443857339
164   367.1392443857339
165   367.1392443857339
166   367.1392443857339
167   367.1392443857339
168   367.1392443857339
169   367.1392443857339
170   367.1392443857339
171   367.1392443857339
172   367.1392443857339
173   367.1392443857339
174   367.1392443857339
175   367.1392443857339
176   367.1392443857339
177   367.1392443857339
178   367.1392443857339
179   367.1392443857339
180   367.1392443857339
181   367.1392443857339
182   367.1392443857339
183   367.1392443857339
184   367.1392443857339
185   367.1392443857339
186   367.1392443857339
187   367.1392443857339
188   367.1392443857339
189   367.1392443857339
190   367.1392443857339
191   367.1392443857339
192   367.1392443857339
193   367.1392443857339
194   367.1392443857339
195   367.1392443857339
196   367.1392443857339
197   367.1392443857339
198   367.1392443857339
199   367.1392443857339
200   367.1392443857339
201   367.1392443857339
202   367.1392443857339
203   367.1392443857339
204   367.1392443857339
205   367.1392443857339
206   367.1392443857339
207   367.1392443857339
208   367.1392443857339
209   367.1392443857339
210   367.1392443857339
211   367.1392443857339
212   367.1392443857339
213   367.1392443857339
214   367.1392443857339
215   367.1392443857339
216   367.1392443857339
217   367.1392443857339
218   367.1392443857339
219   367.1392443857339
220   367.1392443857339
221   367.1392443857339
222   367.1392443857339
223   367.1392443857339
224   367.1392443857339
225   367.1392443857339
226   367.1392443857339
227   367.1392443857339
228   367.1392443857339
229   367.1392443857339
230   367.1392443857339
231   367.1392443857339
232   367.1392443857339
233   367.1392443857339
234   367.1392443857339
235   367.1392443857339
236   367.1392443857339
237   367.1392443857339
238   367.1392443857339
239   367.1392443857339
240   367.1392443857339
241   367.1392443857339
242   367.1392443857339
243   367.1392443857339
244   367.1392443857339
245   367.1392443857339
246   367.1392443857339
247   367.1392443857339
248   367.1392443857339
249   367.1392443857339
250   367.1392443857339
251   367.1392443857339
252   367.1392443857339
253   367.1392443857339
254   367.1392443857339
255   367.1392443857339
256   367.1392443857339
257   367.1392443857339
258   367.1392443857339
259   367.1392443857339
260   367.1392443857339
261   367.1392443857339
262   367.1392443857339
263   367.1392443857339
264   367.1392443857339
265   367.1392443857339
266   367.1392443857339
267   367.1392443857339
268   367.1392443857339
269   367.1392443857339
270   367.1392443857339
271   367.1392443857339
272   367.1392443857339
273   367.1392443857339
274   367.1392443857339
275   367.1392443857339
276   367.1392443857339
277   367.1392443857339
278   367.1392443857339
279   367.1392443857339
280   367.1392443857339
281   367.1392443857339
282   367.1392443857339
283   367.1392443857339
284   367.1392443857339
285   367.1392443857339
286   367.1392443857339
287   367.1392443857339
288   367.1392443857339
289   367.1392443857339
290   367.1392443857339
291   367.1392443857339
292   367.1392443857339
293   367.1392443857339
294   367.1392443857339
295   367.1392443857339
296   367.1392443857339
297   367.1392443857339
298   367.1392443857339
299   367.1392443857339
300   367.1392443857339
301   367.1392443857339
302   367.1392443857339
303   367.1392443857339
304   367.1392443857339
305   367.1392443857339
306   367.1392443857339
307   367.1392443857339
308   367.1392443857339
309   367.1392443857339
310   367.1392443857339
311   367.1392443857339
312   367.1392443857339
313   367.1392443857339
314   367.1392443857339
315   367.1392443857339
316   367.1392443857339
317   367.1392443857339
318   367.1392443857339
319   367.1392443857339
320   367.1392443857339
321   367.1392443857339
322   367.1392443857339
323   367.1392443857339
324   367.1392443857339
325   367.1392443857339
326   367.1392443857339
327   367.1392443857339
328   367.1392443857339
329   367.1392443857339
330   367.1392443857339
331   367.1392443857339
332   367.1392443857339
333   367.1392443857339
334   367.1392443857339
335   367.1392443857339
336   367.1392443857339
337   367.1392443857339
338   367.1392443857339
339   367.1392443857339
340   367.1392443857339
341   367.1392443857339
342   367.1392443857339
343   367.1392443857339
344   367.1392443857339
345   367.1392443857339
346   367.1392443857339
347   367.1392443857339
348   367.1392443857339
349   367.1392443857339
350   367.1392443857339
351   367.1392443857339
352   367.1392443857339
353   367.1392443857339
354   367.1392443857339
355   367.1392443857339
356   367.1392443857339
357   367.1392443857339
358   367.1392443857339
359   367.1392443857339
360   367.1392443857339
361   367.1392443857339
362   367.1392443857339
363   367.1392443857339
364   367.1392443857339
365   367.1392443857339
366   367.1392443857339
367   367.1392443857339
368   367.1392443857339
369   367.1392443857339
370   367.1392443857339
371   367.1392443857339
372   367.1392443857339
373   367.1392443857339
374   367.1392443857339
375   367.1392443857339
376   367.1392443857339
377   367.1392443857339
378   367.1392443857339
379   367.1392443857339
380   367.1392443857339
381   367.1392443857339
382   367.1392443857339
383   367.1392443857339
384   367.1392443857339
385   367.1392443857339
386   367.1392443857339
387   367.1392443857339
388   367.1392443857339
389   367.1392443857339
390   367.1392443857339
391   367.1392443857339
392   367.1392443857339
393   367.1392443857339
394   367.1392443857339
395   367.1392443857339
396   367.1392443857339
397   367.1392443857339
398   367.1392443857339
399   367.1392443857339
400   367.1392443857339
401   367.1392443857339
402   367.1392443857339
403   367.1392443857339
404   367.1392443857339
405   367.1392443857339
406   367.1392443857339
407   367.1392443857339
408   367.1392443857339
409   367.1392443857339
410   367.1392443857339
411   367.1392443857339
412   367.1392443857339
413   367.1392443857339
414   367.1392443857339
415   367.1392443857339
416   367.1392443857339
417   367.1392443857339
418   367.1392443857339
419   367.1392443857339
420   367.1392443857339
421   367.1392443857339
422   367.1392443857339
423   367.1392443857339
424   367.1392443857339
425   367.1392443857339
426   367.1392443857339
427   367.1392443857339
428   367.1392443857339
429   367.1392443857339
430   367.1392443857339
431   367.1392443857339
432   367.1392443857339
433   367.1392443857339
434   367.1392443857339
435   367.1392443857339
436   367.1392443857339
437   367.1392443857339
438   367.1392443857339
439   367.1392443857339
440   367.1392443857339
441   367.1392443857339
442   367.1392443857339
443   367.1392443857339
444   367.1392443857339
445   367.1392443857339
446   367.1392443857339
447   367.1392443857339
448   367.1392443857339
449   367.1392443857339
450   367.1392443857339
451   367.1392443857339
452   367.1392443857339
453   367.1392443857339
454   367.1392443857339
455   367.1392443857339
456   367.1392443857339
457   367.1392443857339
458   367.1392443857339
459   367.1392443857339
460   367.1392443857339
461   367.1392443857339
462   367.1392443857339
463   367.1392443857339
464   367.1392443857339
465   367.1392443857339
466   367.1392443857339
467   367.1392443857339
468   367.1392443857339
469   367.1392443857339
470   367.1392443857339
471   367.1392443857339
472   367.1392443857339
473   367.1392443857339
474   367.1392443857339
475   367.1392443857339
476   367.1392443857339
477   367.1392443857339
478   367.1392443857339
479   367.1392443857339
480   367.1392443857339
481   367.1392443857339
482   367.1392443857339
483   367.1392443857339
484   367.1392443857339
485   367.1392443857339
486   367.1392443857339
487   367.1392443857339
488   367.1392443857339
489   367.1392443857339
490   367.1392443857339
491   367.1392443857339
492   367.1392443857339
493   367.1392443857339
494   367.1392443857339
495   367.1392443857339
496   367.1392443857339
497   367.1392443857339
498   367.1392443857339
499   367.1392443857339
500   367.1392443857339
501   367.1392443857339
502   367.1392443857339
503   367.1392443857339
504   367.1392443857339
505   367.1392443857339
506   367.1392443857339
507   367.1392443857339
508   367.1392443857339
509   367.1392443857339
510   367.1392443857339
511   367.1392443857339
512   367.1392443857339
513   367.1392443857339
514   367.1392443857339
515   367.1392443857339
516   367.1392443857339
517   367.1392443857339
518   367.1392443857339
519   367.1392443857339
520   367.1392443857339
521   367.1392443857339
522   367.1392443857339
523   367.1392443857339
524   367.1392443857339
525   367.1392443857339
526   367.1392443857339
527   367.1392443857339
528   367.1392443857339
529   367.1392443857339
530   367.1392443857339
531   367.1392443857339
532   367.1392443857339
533   367.1392443857339
534   367.1392443857339
535   367.1392443857339
536   367.1392443857339
537   367.1392443857339
538   367.1392443857339
539   367.1392443857339
540   367.1392443857339
541   367.1392443857339
542   367.1392443857339
543   367.1392443857339
544   367.1392443857339
545   367.1392443857339
546   367.1392443857339
547   367.1392443857339
548   367.1392443857339
549   367.1392443857339
550   367.1392443857339
551   367.1392443857339
552   367.1392443857339
553   367.1392443857339
554   367.1392443857339
555   367.1392443857339
556   367.1392443857339
557   367.1392443857339
558   367.1392443857339
559   367.1392443857339
560   367.1392443857339
561   367.1392443857339
562   367.1392443857339
563   367.1392443857339
564   367.1392443857339
565   367.1392443857339
566   367.1392443857339
567   367.1392443857339
568   367.1392443857339
569   367.1392443857339
570   367.1392443857339
571   367.1392443857339
572   367.1392443857339
573   367.1392443857339
574   367.1392443857339
575   367.1392443857339
576   367.1392443857339
577   367.1392443857339
578   367.1392443857339
579   367.1392443857339
580   367.1392443857339
581   367.1392443857339
582   367.1392443857339
583   367.1392443857339
584   367.1392443857339
585   367.1392443857339
586   367.1392443857339
587   367.1392443857339
588   367.1392443857339
589   367.1392443857339
590   367.1392443857339
591   367.1392443857339
592   367.1392443857339
593   367.1392443857339
594   367.1392443857339
595   367.1392443857339
596   367.1392443857339
597   367.1392443857339
598   367.1392443857339
599   367.1392443857339
600   367.1392443857339
601   367.1392443857339
602   367.1392443857339
603   367.1392443857339
604   367.1392443857339
605   367.1392443857339
606   367.1392443857339
607   367.1392443857339
608   367.1392443857339
609   367.1392443857339
610   367.1392443857339
611   367.1392443857339
612   367.1392443857339
613   367.1392443857339
614   367.1392443857339
615   367.1392443857339
616   367.1392443857339
617   367.1392443857339
618   367.1392443857339
619   367.1392443857339
620   367.1392443857339
621   367.1392443857339
622   367.1392443857339
623   367.1392443857339
624   367.1392443857339
625   367.1392443857339
626   367.1392443857339
627   367.1392443857339
628   367.1392443857339
629   367.1392443857339
630   367.1392443857339
631   367.1392443857339
632   367.1392443857339
633   367.1392443857339
634   367.1392443857339
635   367.1392443857339
636   367.1392443857339
637   367.1392443857339
638   367.1392443857339
639   367.1392443857339
640   367.1392443857339
641   367.1392443857339
642   367.1392443857339
643   367.1392443857339
644   367.1392443857339
645   367.1392443857339
646   367.1392443857339
647   367.1392443857339
648   367.1392443857339
649   367.1392443857339
650   367.1392443857339
651   367.1392443857339
652   367.1392443857339
653   367.1392443857339
654   367.1392443857339
655   367.1392443857339
656   367.1392443857339
657   367.1392443857339
658   367.1392443857339
659   367.1392443857339
660   367.1392443857339
661   367.1392443857339
662   367.1392443857339
663   367.1392443857339
664   367.1392443857339
665   367.1392443857339
666   367.1392443857339
667   367.1392443857339
668   367.1392443857339
669   367.1392443857339
670   367.1392443857339
671   367.1392443857339
672   367.1392443857339
673   367.1392443857339
674   367.1392443857339
675   367.1392443857339
676   367.1392443857339
677   367.1392443857339
678   367.1392443857339
679   367.1392443857339
680   367.1392443857339
681   367.1392443857339
682   367.1392443857339
683   367.1392443857339
684   367.1392443857339
685   367.1392443857339
686   367.1392443857339
687   367.1392443857339
688   367.1392443857339
689   367.1392443857339
690   367.1392443857339
691   367.1392443857339
692   367.1392443857339
693   367.1392443857339
694   367.1392443857339
695   367.1392443857339
696   367.1392443857339
697   367.1392443857339
698   367.1392443857339
699   367.1392443857339
700   367.1392443857339
701   367.1392443857339
702   367.1392443857339
703   367.1392443857339
704   367.1392443857339
705   367.1392443857339
706   367.1392443857339
707   367.1392443857339
708   367.1392443857339
709   367.1392443857339
710   367.1392443857339
711   367.1392443857339
712   367.1392443857339
713   367.1392443857339
714   367.1392443857339
715   367.1392443857339
716   367.1392443857339
717   367.1392443857339
718   367.1392443857339
719   367.1392443857339
720   367.1392443857339
721   367.1392443857339
722   367.1392443857339
723   367.1392443857339
724   367.1392443857339
725   367.1392443857339
726   367.1392443857339
727   367.1392443857339
728   367.1392443857339
729   367.1392443857339
730   367.1392443857339
731   367.1392443857339
732   367.1392443857339
733   367.1392443857339
734   367.1392443857339
735   367.1392443857339
736   367.1392443857339
737   367.1392443857339
738   367.1392443857339
739   367.1392443857339
740   367.1392443857339
741   367.1392443857339
742   367.1392443857339
743   367.1392443857339
744   367.1392443857339
745   367.1392443857339
746   367.1392443857339
747   367.1392443857339
748   367.1392443857339
749   367.1392443857339
750   367.1392443857339
751   367.1392443857339
752   367.1392443857339
753   367.1392443857339
754   367.1392443857339
755   367.1392443857339
756   367.1392443857339
757   367.1392443857339
758   367.1392443857339
759   367.1392443857339
760   367.1392443857339
761   367.1392443857339
762   367.1392443857339
763   367.1392443857339
764   367.1392443857339
765   367.1392443857339
766   367.1392443857339
767   367.1392443857339
768   367.1392443857339
769   367.1392443857339
770   367.1392443857339
771   367.1392443857339
772   367.1392443857339
773   367.1392443857339
774   367.1392443857339
775   367.1392443857339
776   367.1392443857339
777   367.1392443857339
778   367.1392443857339
779   367.1392443857339
780   367.1392443857339
781   367.1392443857339
782   367.1392443857339
783   367.1392443857339
784   367.1392443857339
785   367.1392443857339
786   367.1392443857339
787   367.1392443857339
788   367.1392443857339
789   367.1392443857339
790   367.1392443857339
791   367.1392443857339
792   367.1392443857339
793   367.1392443857339
794   367.1392443857339
795   367.1392443857339
796   367.1392443857339
797   367.1392443857339
798   367.1392443857339
799   367.1392443857339
800   367.1392443857339
801   367.1392443857339
802   367.1392443857339
803   367.1392443857339
804   367.1392443857339
805   367.1392443857339
806   367.1392443857339
807   367.1392443857339
808   367.1392443857339
809   367.1392443857339
810   367.1392443857339
811   367.1392443857339
812   367.1392443857339
813   367.1392443857339
814   367.1392443857339
815   367.1392443857339
816   367.1392443857339
817   367.1392443857339
818   367.1392443857339
819   367.1392443857339
820   367.1392443857339
821   367.1392443857339
822   367.1392443857339
823   367.1392443857339
824   367.1392443857339
825   367.1392443857339
826   367.1392443857339
827   367.1392443857339
828   367.1392443857339
829   367.1392443857339
830   367.1392443857339
831   367.1392443857339
832   367.1392443857339
833   367.1392443857339
834   367.1392443857339
835   367.1392443857339
836   367.1392443857339
837   367.1392443857339
838   367.1392443857339
839   367.1392443857339
840   367.1392443857339
841   367.1392443857339
842   367.1392443857339
843   367.1392443857339
844   367.1392443857339
845   367.1392443857339
846   367.1392443857339
847   367.1392443857339
848   367.1392443857339
849   367.1392443857339
850   367.1392443857339
851   367.1392443857339
852   367.1392443857339
853   367.1392443857339
854   367.1392443857339
855   367.1392443857339
856   367.1392443857339
857   367.1392443857339
858   367.1392443857339
859   367.1392443857339
860   367.1392443857339
861   367.1392443857339
862   367.1392443857339
863   367.1392443857339
864   367.1392443857339
865   367.1392443857339
866   367.1392443857339
867   367.1392443857339
868   367.1392443857339
869   367.1392443857339
870   367.1392443857339
871   367.1392443857339
872   367.1392443857339
873   367.1392443857339
874   367.1392443857339
875   367.1392443857339
876   367.1392443857339
877   367.1392443857339
878   367.1392443857339
879   367.1392443857339
880   367.1392443857339
881   367.1392443857339
882   367.1392443857339
883   367.1392443857339
884   367.1392443857339
885   367.1392443857339
886   367.1392443857339
887   367.1392443857339
888   367.1392443857339
889   367.1392443857339
890   367.1392443857339
891   367.1392443857339
892   367.1392443857339
893   367.1392443857339
894   367.1392443857339
895   367.1392443857339
896   367.1392443857339
897   367.1392443857339
898   367.1392443857339
899   367.1392443857339
900   367.1392443857339
901   367.1392443857339
902   367.1392443857339
903   367.1392443857339
904   367.1392443857339
905   367.1392443857339
906   367.1392443857339
907   367.1392443857339
908   367.1392443857339
909   367.1392443857339
910   367.1392443857339
911   367.1392443857339
912   367.1392443857339
913   367.1392443857339
914   367.1392443857339
915   367.1392443857339
916   367.1392443857339
917   367.1392443857339
918   367.1392443857339
919   367.1392443857339
920   367.1392443857339
921   367.1392443857339
922   367.1392443857339
923   367.1392443857339
924   367.1392443857339
925   367.1392443857339
926   367.1392443857339
927   367.1392443857339
928   367.1392443857339
929   367.1392443857339
930   367.1392443857339
931   367.1392443857339
932   367.1392443857339
933   367.1392443857339
934   367.1392443857339
935   367.1392443857339
936   367.1392443857339
937   367.1392443857339
938   367.1392443857339
939   367.1392443857339
940   367.1392443857339
941   367.1392443857339
942   367.1392443857339
943   367.1392443857339
944   367.1392443857339
945   367.1392443857339
946   367.1392443857339
947   367.1392443857339
948   367.1392443857339
949   367.1392443857339
950   367.1392443857339
951   367.1392443857339
952   367.1392443857339
953   367.1392443857339
954   367.1392443857339
955   367.1392443857339
956   367.1392443857339
957   367.1392443857339
958   367.1392443857339
959   367.1392443857339
960   367.1392443857339
961   367.1392443857339
962   367.1392443857339
963   367.1392443857339
964   367.1392443857339
965   367.1392443857339
966   367.1392443857339
967   367.1392443857339
968   367.1392443857339
969   367.1392443857339
970   367.1392443857339
971   367.1392443857339
972   367.1392443857339
973   367.1392443857339
974   367.1392443857339
975   367.1392443857339
976   367.1392443857339
977   367.1392443857339
978   367.1392443857339
979   367.1392443857339
980   367.1392443857339
981   367.1392443857339
982   367.1392443857339
983   367.1392443857339
984   367.1392443857339
985   367.1392443857339
986   367.1392443857339
987   367.1392443857339
988   367.1392443857339
989   367.1392443857339
990   367.1392443857339
991   367.1392443857339
992   367.1392443857339
993   367.1392443857339
994   367.1392443857339
995   367.1392443857339
996   367.1392443857339
997   367.1392443857339
998   367.1392443857339
999   367.1392443857339
