1   17.987073507501563
2   13.895344857282641
3   13.895344857282641
4   13.895344857282641
5   13.895344857282641
6   4.023724938758719
7   4.023724938758719
8   4.023724938758719
9   4.023724938758719
10   4.023724938758719
11   4.023724938758719
12   4.023724938758719
13   4.023724938758719
14   4.023724938758719
15   4.023724938758719
16   4.023724938758719
17   4.023724938758719
18   4.023724938758719
19   4.023724938758719
20   4.023724938758719
21   4.023724938758719
22   4.023724938758719
23   4.023724938758719
24   4.023724938758719
25   4.023724938758719
26   4.023724938758719
27   4.023724938758719
28   4.023724938758719
29   4.023724938758719
30   4.023724938758719
31   4.023724938758719
32   4.023724938758719
33   4.023724938758719
34   4.023724938758719
35   4.023724938758719
36   4.023724938758719
37   4.023724938758719
38   4.023724938758719
39   4.023724938758719
40   4.023724938758719
41   4.023724938758719
42   4.023724938758719
43   4.023724938758719
44   4.023724938758719
45   4.023724938758719
46   1.8543885440673118
47   1.8543885440673118
48   1.8543885440673118
49   1.8543885440673118
50   1.8543885440673118
51   1.8543885440673118
52   1.8543885440673118
53   1.8543885440673118
54   0.8115715570980881
55   0.8115715570980881
56   0.716605087743873
57   0.716605087743873
58   0.716605087743873
59   0.716605087743873
60   0.716605087743873
61   0.716605087743873
62   0.716605087743873
63   0.716605087743873
64   0.716605087743873
65   0.716605087743873
66   0.716605087743873
67   0.716605087743873
68   0.716605087743873
69   0.716605087743873
70   0.716605087743873
71   0.716605087743873
72   0.7103131444480422
73   0.7103131444480422
74   0.7103131444480422
75   0.6483044092204867
76   0.6483044092204867
77   0.6483044092204867
78   0.6483044092204867
79   0.6483044092204867
80   0.3778208252173786
81   0.3778208252173786
82   0.3778208252173786
83   0.3778208252173786
84   0.3778208252173786
85   0.3778208252173786
86   0.3778208252173786
87   0.3778208252173786
88   0.3778208252173786
89   0.3778208252173786
90   0.3778208252173786
91   0.3778208252173786
92   0.3778208252173786
93   0.3778208252173786
94   0.3778208252173786
95   0.3778208252173786
96   0.30754209455633824
97   0.30754209455633824
98   0.30754209455633824
99   0.30754209455633824
100   0.30754209455633824
101   0.30754209455633824
102   0.30754209455633824
103   0.30754209455633824
104   0.30754209455633824
105   0.13118724435169793
106   0.07249417090512572
107   0.07249417090512572
108   0.07249417090512572
109   0.07249417090512572
110   0.07249417090512572
111   0.07249417090512572
112   0.07249417090512572
113   0.07249417090512572
114   0.07249417090512572
115   0.02454175351579748
116   0.02454175351579748
117   0.02454175351579748
118   0.02454175351579748
119   0.02454175351579748
120   0.02454175351579748
121   0.02454175351579748
122   0.02454175351579748
123   0.02454175351579748
124   0.02454175351579748
125   0.02454175351579748
126   0.02454175351579748
127   0.02454175351579748
128   0.02454175351579748
129   0.02454175351579748
130   0.02454175351579748
131   0.02454175351579748
132   0.02454175351579748
133   0.02454175351579748
134   0.02454175351579748
135   0.02454175351579748
136   0.02454175351579748
137   0.02454175351579748
138   0.02454175351579748
139   0.02454175351579748
140   0.02454175351579748
141   0.02454175351579748
142   0.02454175351579748
143   0.02454175351579748
144   0.02454175351579748
145   0.02454175351579748
146   0.02454175351579748
147   0.02454175351579748
148   0.02454175351579748
149   0.02454175351579748
150   0.02454175351579748
151   0.02454175351579748
152   0.02454175351579748
153   0.02454175351579748
154   0.02454175351579748
155   0.02454175351579748
156   0.02454175351579748
157   0.02454175351579748
158   0.02454175351579748
159   0.02454175351579748
160   0.02454175351579748
161   0.02454175351579748
162   0.02454175351579748
163   0.02454175351579748
164   0.02454175351579748
165   0.02454175351579748
166   0.02454175351579748
167   0.02454175351579748
168   0.02454175351579748
169   0.02454175351579748
170   0.024254760055693526
171   0.024254760055693526
172   0.024254760055693526
173   0.024254760055693526
174   0.024254760055693526
175   0.018300356547657572
176   0.01416767774090456
177   0.01416767774090456
178   0.01416767774090456
179   0.01416767774090456
180   0.01416767774090456
181   0.01416767774090456
182   0.01416767774090456
183   0.01416767774090456
184   0.01416767774090456
185   0.01416767774090456
186   0.01416767774090456
187   0.00879373001000238
188   0.00879373001000238
189   0.00879373001000238
190   0.00879373001000238
191   0.00879373001000238
192   0.00879373001000238
193   0.00879373001000238
194   0.00879373001000238
195   0.00879373001000238
196   0.00879373001000238
197   0.00879373001000238
198   0.00879373001000238
199   0.006253187485320475
200   0.006253187485320475
201   0.006253187485320475
202   0.006253187485320475
203   0.006253187485320475
204   0.006253187485320475
205   0.006253187485320475
206   0.002580361858888981
207   0.002580361858888981
208   0.002580361858888981
209   0.002580361858888981
210   0.002580361858888981
211   0.002580361858888981
212   0.002580361858888981
213   0.002580361858888981
214   0.002580361858888981
215   0.002580361858888981
216   0.002580361858888981
217   0.002580361858888981
218   0.002580361858888981
219   0.002580361858888981
220   0.002580361858888981
221   0.002580361858888981
222   0.002580361858888981
223   0.002580361858888981
224   0.002580361858888981
225   0.002580361858888981
226   0.002580361858888981
227   0.002580361858888981
228   0.002580361858888981
229   0.002580361858888981
230   0.002580361858888981
231   0.002580361858888981
232   0.002580361858888981
233   0.002580361858888981
234   0.002580361858888981
235   0.002580361858888981
236   0.0015342891372865976
237   0.0015342891372865976
238   0.0015342891372865976
239   0.0015342891372865976
240   0.0015342891372865976
241   0.0015342891372865976
242   0.0015342891372865976
243   0.0015342891372865976
244   0.0015342891372865976
245   0.0015342891372865976
246   0.0015342891372865976
247   0.0015342891372865976
248   0.0015342891372865976
249   0.0015342891372865976
250   0.0015342891372865976
251   0.0015342891372865976
252   0.0015342891372865976
253   0.0015342891372865976
254   0.0015342891372865976
255   0.0015342891372865976
256   0.0015342891372865976
257   0.0015342891372865976
258   0.0015342891372865976
259   0.0015342891372865976
260   0.0015342891372865976
261   0.0015342891372865976
262   0.0015342891372865976
263   0.0015342891372865976
264   0.0015342891372865976
265   0.0015342891372865976
266   0.0015342891372865976
267   0.0015342891372865976
268   0.0015342891372865976
269   0.0015342891372865976
270   0.0015342891372865976
271   0.0015342891372865976
272   0.0015342891372865976
273   0.0015342891372865976
274   0.0015342891372865976
275   0.0015342891372865976
276   0.0015342891372865976
277   0.0015342891372865976
278   0.0015342891372865976
279   0.0015342891372865976
280   0.0015342891372865976
281   0.0015342891372865976
282   0.0015342891372865976
283   0.0015342891372865976
284   0.0015342891372865976
285   0.0015342891372865976
286   0.0015342891372865976
287   0.0015342891372865976
288   0.0015342891372865976
289   0.0015342891372865976
290   0.0015342891372865976
291   0.0015342891372865976
292   0.0015342891372865976
293   0.0015342891372865976
294   0.0015342891372865976
295   0.0015342891372865976
296   0.0015342891372865976
297   0.0015342891372865976
298   0.0015342891372865976
299   0.0015342891372865976
300   0.0015342891372865976
301   0.0015342891372865976
302   0.0015342891372865976
303   0.0015342891372865976
304   0.0015342891372865976
305   0.0015342891372865976
306   0.0015342891372865976
307   0.0015342891372865976
308   0.0015342891372865976
309   0.0015342891372865976
310   0.0015342891372865976
311   0.0015342891372865976
312   0.0015342891372865976
313   0.0015342891372865976
314   0.0015342891372865976
315   0.0015342891372865976
316   0.0015342891372865976
317   0.0015342891372865976
318   0.0015342891372865976
319   0.0015342891372865976
320   0.0015342891372865976
321   0.0015342891372865976
322   0.0015342891372865976
323   0.0015342891372865976
324   0.0015342891372865976
325   0.0015342891372865976
326   0.0015342891372865976
327   0.0015342891372865976
328   0.0015342891372865976
329   0.0015342891372865976
330   0.0015342891372865976
331   0.0015342891372865976
332   0.0015342891372865976
333   0.0015342891372865976
334   0.0015342891372865976
335   0.0015342891372865976
336   0.0015342891372865976
337   0.0015342891372865976
338   0.0015342891372865976
339   0.0015342891372865976
340   0.0015342891372865976
341   0.0015342891372865976
342   0.0015342891372865976
343   0.0015342891372865976
344   0.0015342891372865976
345   0.0015342891372865976
346   0.0015342891372865976
347   0.0015342891372865976
348   0.0015342891372865976
349   0.0015342891372865976
350   0.0015342891372865976
351   0.0015342891372865976
352   0.0015342891372865976
353   0.0015342891372865976
354   0.0015342891372865976
355   0.0015342891372865976
356   0.0015342891372865976
357   0.0015342891372865976
358   0.0015342891372865976
359   0.0015342891372865976
360   0.0015342891372865976
361   0.0015342891372865976
362   0.0015342891372865976
363   0.0015342891372865976
364   0.0015342891372865976
365   0.0015342891372865976
366   0.0015342891372865976
367   0.0015342891372865976
368   0.0015342891372865976
369   0.0015342891372865976
370   0.0015342891372865976
371   0.0015342891372865976
372   0.0015342891372865976
373   0.0015342891372865976
374   0.0015342891372865976
375   0.0015342891372865976
376   0.0015342891372865976
377   0.0015342891372865976
378   0.0015342891372865976
379   0.0015342891372865976
380   0.0015342891372865976
381   0.0015342891372865976
382   0.0015342891372865976
383   0.0010384450708839825
384   0.0010384450708839825
385   0.0010384450708839825
386   0.0010384450708839825
387   0.0010384450708839825
388   0.0010384450708839825
389   0.0010384450708839825
390   0.0010384450708839825
391   0.0010384450708839825
392   0.0010384450708839825
393   0.0010384450708839825
394   0.0010384450708839825
395   0.0010384450708839825
396   0.0010384450708839825
397   0.0010384450708839825
398   0.0010384450708839825
399   0.0010384450708839825
400   0.0010384450708839825
401   0.0010384450708839825
402   0.0010384450708839825
403   0.0010384450708839825
404   0.0010384450708839825
405   0.0010384450708839825
406   0.0010384450708839825
407   0.0010384450708839825
408   0.0010384450708839825
409   0.0010384450708839825
410   0.0010384450708839825
411   0.0010384450708839825
412   0.0010384450708839825
413   0.0010384450708839825
414   0.0010384450708839825
415   0.0010384450708839825
416   0.0010384450708839825
417   0.0010384450708839825
418   0.0010384450708839825
419   0.0010384450708839825
420   0.0010384450708839825
421   0.0010384450708839825
422   0.0010384450708839825
423   0.0010384450708839825
424   9.153591714177003E-4
425   9.153591714177003E-4
426   9.153591714177003E-4
427   9.153591714177003E-4
428   9.153591714177003E-4
429   9.153591714177003E-4
430   9.153591714177003E-4
431   2.1811960310767325E-4
432   2.1811960310767325E-4
433   2.1811960310767325E-4
434   2.1811960310767325E-4
435   2.1811960310767325E-4
436   2.1811960310767325E-4
437   2.1811960310767325E-4
438   2.1811960310767325E-4
439   2.1811960310767325E-4
440   2.1811960310767325E-4
441   2.1811960310767325E-4
442   2.1811960310767325E-4
443   2.1811960310767325E-4
444   2.1811960310767325E-4
445   2.1811960310767325E-4
446   2.1811960310767325E-4
447   2.1811960310767325E-4
448   2.1811960310767325E-4
449   2.1811960310767325E-4
450   2.1811960310767325E-4
451   2.1811960310767325E-4
452   2.1811960310767325E-4
453   2.1811960310767325E-4
454   2.1811960310767325E-4
455   2.1811960310767325E-4
456   2.1811960310767325E-4
457   2.1811960310767325E-4
458   2.1811960310767325E-4
459   2.1811960310767325E-4
460   2.1811960310767325E-4
461   2.1811960310767325E-4
462   2.1811960310767325E-4
463   2.1811960310767325E-4
464   2.1811960310767325E-4
465   2.1811960310767325E-4
466   2.1811960310767325E-4
467   2.1811960310767325E-4
468   2.1811960310767325E-4
469   2.1811960310767325E-4
470   2.1811960310767325E-4
471   2.1811960310767325E-4
472   2.1811960310767325E-4
473   2.1811960310767325E-4
474   2.1811960310767325E-4
475   2.1811960310767325E-4
476   2.1811960310767325E-4
477   2.1811960310767325E-4
478   2.1811960310767325E-4
479   2.1811960310767325E-4
480   2.1811960310767325E-4
481   2.1811960310767325E-4
482   2.1811960310767325E-4
483   2.1811960310767325E-4
484   2.1811960310767325E-4
485   2.1811960310767325E-4
486   2.1811960310767325E-4
487   2.1811960310767325E-4
488   2.1811960310767325E-4
489   2.1811960310767325E-4
490   2.1811960310767325E-4
491   2.1811960310767325E-4
492   2.1811960310767325E-4
493   2.1811960310767325E-4
494   2.1811960310767325E-4
495   2.1811960310767325E-4
496   2.1811960310767325E-4
497   2.1811960310767325E-4
498   2.1811960310767325E-4
499   2.1811960310767325E-4
500   2.1811960310767325E-4
501   2.1811960310767325E-4
502   2.1811960310767325E-4
503   2.1811960310767325E-4
504   2.1811960310767325E-4
505   2.1811960310767325E-4
506   2.1811960310767325E-4
507   2.1811960310767325E-4
508   2.1811960310767325E-4
509   2.1811960310767325E-4
510   2.1811960310767325E-4
511   2.1811960310767325E-4
512   2.1811960310767325E-4
513   2.1811960310767325E-4
514   2.1811960310767325E-4
515   2.1811960310767325E-4
516   2.1811960310767325E-4
517   2.1811960310767325E-4
518   2.1811960310767325E-4
519   2.1811960310767325E-4
520   2.1811960310767325E-4
521   2.1811960310767325E-4
522   2.1811960310767325E-4
523   2.1811960310767325E-4
524   2.1811960310767325E-4
525   2.1811960310767325E-4
526   2.1811960310767325E-4
527   2.1811960310767325E-4
528   2.1811960310767325E-4
529   2.1811960310767325E-4
530   2.1811960310767325E-4
531   2.1811960310767325E-4
532   2.1811960310767325E-4
533   2.1811960310767325E-4
534   2.1811960310767325E-4
535   2.1811960310767325E-4
536   2.1811960310767325E-4
537   2.1811960310767325E-4
538   2.1811960310767325E-4
539   2.1811960310767325E-4
540   2.1811960310767325E-4
541   2.1811960310767325E-4
542   2.1811960310767325E-4
543   2.1811960310767325E-4
544   2.1811960310767325E-4
545   2.1811960310767325E-4
546   2.1811960310767325E-4
547   2.1811960310767325E-4
548   2.1811960310767325E-4
549   2.1811960310767325E-4
550   2.1811960310767325E-4
551   2.1811960310767325E-4
552   2.1811960310767325E-4
553   2.1811960310767325E-4
554   2.1811960310767325E-4
555   2.1811960310767325E-4
556   2.1811960310767325E-4
557   2.1811960310767325E-4
558   2.1811960310767325E-4
559   2.1811960310767325E-4
560   2.1811960310767325E-4
561   2.1811960310767325E-4
562   2.1811960310767325E-4
563   2.1811960310767325E-4
564   2.1811960310767325E-4
565   2.1811960310767325E-4
566   2.1811960310767325E-4
567   2.1811960310767325E-4
568   2.1811960310767325E-4
569   2.1811960310767325E-4
570   2.1811960310767325E-4
571   2.1811960310767325E-4
572   2.1811960310767325E-4
573   2.1811960310767325E-4
574   2.1811960310767325E-4
575   2.1811960310767325E-4
576   2.1811960310767325E-4
577   2.1811960310767325E-4
578   2.1811960310767325E-4
579   2.1811960310767325E-4
580   2.1811960310767325E-4
581   2.1811960310767325E-4
582   2.1811960310767325E-4
583   2.1811960310767325E-4
584   2.1811960310767325E-4
585   2.1811960310767325E-4
586   2.1811960310767325E-4
587   2.1811960310767325E-4
588   2.1811960310767325E-4
589   2.1811960310767325E-4
590   2.1811960310767325E-4
591   2.1811960310767325E-4
592   2.1811960310767325E-4
593   2.1811960310767325E-4
594   2.1811960310767325E-4
595   2.1811960310767325E-4
596   2.1811960310767325E-4
597   2.1811960310767325E-4
598   2.1811960310767325E-4
599   2.1811960310767325E-4
600   2.1811960310767325E-4
601   2.1811960310767325E-4
602   2.1811960310767325E-4
603   2.1811960310767325E-4
604   2.1811960310767325E-4
605   2.1811960310767325E-4
606   2.1811960310767325E-4
607   2.1811960310767325E-4
608   2.1811960310767325E-4
609   2.1811960310767325E-4
610   2.1811960310767325E-4
611   2.1811960310767325E-4
612   2.1811960310767325E-4
613   2.1811960310767325E-4
614   2.1811960310767325E-4
615   2.1811960310767325E-4
616   2.1811960310767325E-4
617   2.1811960310767325E-4
618   2.1811960310767325E-4
619   2.1811960310767325E-4
620   2.1811960310767325E-4
621   2.1811960310767325E-4
622   2.1811960310767325E-4
623   2.1811960310767325E-4
624   2.1811960310767325E-4
625   2.1811960310767325E-4
626   2.1811960310767325E-4
627   2.1811960310767325E-4
628   2.1811960310767325E-4
629   2.1811960310767325E-4
630   2.1811960310767325E-4
631   2.1811960310767325E-4
632   2.1811960310767325E-4
633   2.1811960310767325E-4
634   2.1811960310767325E-4
635   2.1811960310767325E-4
636   2.1811960310767325E-4
637   2.1811960310767325E-4
638   2.1811960310767325E-4
639   2.1811960310767325E-4
640   2.1811960310767325E-4
641   2.1811960310767325E-4
642   2.1811960310767325E-4
643   2.1811960310767325E-4
644   2.1811960310767325E-4
645   2.1811960310767325E-4
646   2.1811960310767325E-4
647   2.1811960310767325E-4
648   2.1811960310767325E-4
649   2.1811960310767325E-4
650   2.1811960310767325E-4
651   2.1811960310767325E-4
652   2.1811960310767325E-4
653   2.1811960310767325E-4
654   2.1811960310767325E-4
655   2.1811960310767325E-4
656   2.1811960310767325E-4
657   2.1811960310767325E-4
658   2.1811960310767325E-4
659   2.1811960310767325E-4
660   2.1811960310767325E-4
661   2.1811960310767325E-4
662   2.1811960310767325E-4
663   2.1811960310767325E-4
664   2.1811960310767325E-4
665   2.1811960310767325E-4
666   2.1811960310767325E-4
667   2.1811960310767325E-4
668   2.1811960310767325E-4
669   2.1811960310767325E-4
670   2.1811960310767325E-4
671   2.1811960310767325E-4
672   2.1811960310767325E-4
673   2.1811960310767325E-4
674   2.1811960310767325E-4
675   2.1811960310767325E-4
676   2.1811960310767325E-4
677   2.1811960310767325E-4
678   2.1811960310767325E-4
679   2.1811960310767325E-4
680   2.1811960310767325E-4
681   2.1811960310767325E-4
682   2.1811960310767325E-4
683   2.1811960310767325E-4
684   2.1811960310767325E-4
685   2.1811960310767325E-4
686   2.1811960310767325E-4
687   2.1811960310767325E-4
688   2.1811960310767325E-4
689   2.1811960310767325E-4
690   2.1811960310767325E-4
691   2.1811960310767325E-4
692   1.265668934370062E-4
693   1.265668934370062E-4
694   1.265668934370062E-4
695   1.265668934370062E-4
696   1.265668934370062E-4
697   1.265668934370062E-4
698   1.265668934370062E-4
699   1.265668934370062E-4
700   1.265668934370062E-4
701   1.265668934370062E-4
702   1.265668934370062E-4
703   1.265668934370062E-4
704   1.265668934370062E-4
705   1.265668934370062E-4
706   1.265668934370062E-4
707   1.265668934370062E-4
708   1.265668934370062E-4
709   1.265668934370062E-4
710   1.265668934370062E-4
711   1.265668934370062E-4
712   1.265668934370062E-4
713   1.265668934370062E-4
714   1.265668934370062E-4
715   1.265668934370062E-4
716   1.265668934370062E-4
717   1.265668934370062E-4
718   1.265668934370062E-4
719   1.265668934370062E-4
720   1.265668934370062E-4
721   1.265668934370062E-4
722   1.265668934370062E-4
723   1.265668934370062E-4
724   1.265668934370062E-4
725   1.265668934370062E-4
726   1.265668934370062E-4
727   1.265668934370062E-4
728   1.265668934370062E-4
729   1.265668934370062E-4
730   1.265668934370062E-4
731   1.265668934370062E-4
732   1.265668934370062E-4
733   1.265668934370062E-4
734   1.265668934370062E-4
735   1.265668934370062E-4
736   1.265668934370062E-4
737   1.265668934370062E-4
738   1.265668934370062E-4
739   1.265668934370062E-4
740   1.265668934370062E-4
741   1.265668934370062E-4
742   1.265668934370062E-4
743   1.265668934370062E-4
744   1.265668934370062E-4
745   1.265668934370062E-4
746   1.265668934370062E-4
747   1.265668934370062E-4
748   1.265668934370062E-4
749   1.265668934370062E-4
750   1.265668934370062E-4
751   1.265668934370062E-4
752   1.265668934370062E-4
753   1.265668934370062E-4
754   1.265668934370062E-4
755   1.265668934370062E-4
756   1.265668934370062E-4
757   1.265668934370062E-4
758   1.265668934370062E-4
759   1.265668934370062E-4
760   1.265668934370062E-4
761   1.265668934370062E-4
762   1.265668934370062E-4
763   1.265668934370062E-4
764   1.265668934370062E-4
765   1.265668934370062E-4
766   1.265668934370062E-4
767   1.265668934370062E-4
768   1.265668934370062E-4
769   1.265668934370062E-4
770   1.265668934370062E-4
771   1.265668934370062E-4
772   1.265668934370062E-4
773   1.265668934370062E-4
774   1.265668934370062E-4
775   1.265668934370062E-4
776   1.265668934370062E-4
777   1.265668934370062E-4
778   1.265668934370062E-4
779   1.265668934370062E-4
780   1.265668934370062E-4
781   1.265668934370062E-4
782   1.265668934370062E-4
783   1.265668934370062E-4
784   1.265668934370062E-4
785   1.265668934370062E-4
786   1.265668934370062E-4
787   1.265668934370062E-4
788   1.265668934370062E-4
789   1.265668934370062E-4
790   1.265668934370062E-4
791   1.265668934370062E-4
792   1.265668934370062E-4
793   1.265668934370062E-4
794   1.265668934370062E-4
795   1.265668934370062E-4
796   1.265668934370062E-4
797   1.265668934370062E-4
798   1.265668934370062E-4
799   1.265668934370062E-4
800   1.265668934370062E-4
801   1.265668934370062E-4
802   1.265668934370062E-4
803   1.265668934370062E-4
804   1.265668934370062E-4
805   1.265668934370062E-4
806   1.265668934370062E-4
807   1.265668934370062E-4
808   1.265668934370062E-4
809   1.231167569713257E-4
810   1.231167569713257E-4
811   1.231167569713257E-4
812   1.231167569713257E-4
813   1.231167569713257E-4
814   1.231167569713257E-4
815   1.231167569713257E-4
816   1.231167569713257E-4
817   1.231167569713257E-4
818   1.231167569713257E-4
819   1.231167569713257E-4
820   1.231167569713257E-4
821   1.231167569713257E-4
822   1.231167569713257E-4
823   1.231167569713257E-4
824   1.231167569713257E-4
825   1.231167569713257E-4
826   1.231167569713257E-4
827   1.231167569713257E-4
828   1.231167569713257E-4
829   1.231167569713257E-4
830   1.231167569713257E-4
831   1.231167569713257E-4
832   1.231167569713257E-4
833   1.231167569713257E-4
834   1.231167569713257E-4
835   1.231167569713257E-4
836   1.231167569713257E-4
837   1.231167569713257E-4
838   1.231167569713257E-4
839   1.231167569713257E-4
840   1.231167569713257E-4
841   1.231167569713257E-4
842   1.231167569713257E-4
843   1.231167569713257E-4
844   1.231167569713257E-4
845   1.231167569713257E-4
846   1.231167569713257E-4
847   1.231167569713257E-4
848   1.231167569713257E-4
849   1.231167569713257E-4
850   1.231167569713257E-4
851   1.231167569713257E-4
852   1.231167569713257E-4
853   1.231167569713257E-4
854   1.231167569713257E-4
855   1.231167569713257E-4
856   1.231167569713257E-4
857   1.231167569713257E-4
858   1.231167569713257E-4
859   1.231167569713257E-4
860   1.231167569713257E-4
861   1.231167569713257E-4
862   1.231167569713257E-4
863   1.231167569713257E-4
864   1.231167569713257E-4
865   1.231167569713257E-4
866   1.231167569713257E-4
867   1.231167569713257E-4
868   1.231167569713257E-4
869   1.231167569713257E-4
870   1.231167569713257E-4
871   1.231167569713257E-4
872   1.231167569713257E-4
873   1.231167569713257E-4
874   1.231167569713257E-4
875   1.231167569713257E-4
876   1.231167569713257E-4
877   1.231167569713257E-4
878   1.231167569713257E-4
879   1.231167569713257E-4
880   1.231167569713257E-4
881   1.231167569713257E-4
882   1.231167569713257E-4
883   1.231167569713257E-4
884   1.231167569713257E-4
885   1.231167569713257E-4
886   1.231167569713257E-4
887   1.231167569713257E-4
888   1.231167569713257E-4
889   1.231167569713257E-4
890   1.231167569713257E-4
891   1.231167569713257E-4
892   1.231167569713257E-4
893   1.231167569713257E-4
894   1.231167569713257E-4
895   1.231167569713257E-4
896   1.231167569713257E-4
897   1.231167569713257E-4
898   1.231167569713257E-4
899   1.231167569713257E-4
900   1.231167569713257E-4
901   1.231167569713257E-4
902   1.231167569713257E-4
903   1.231167569713257E-4
904   1.231167569713257E-4
905   1.231167569713257E-4
906   1.231167569713257E-4
907   1.231167569713257E-4
908   1.231167569713257E-4
909   1.231167569713257E-4
910   1.231167569713257E-4
911   1.231167569713257E-4
912   1.231167569713257E-4
913   1.231167569713257E-4
914   1.231167569713257E-4
915   1.231167569713257E-4
916   1.231167569713257E-4
917   1.231167569713257E-4
918   1.231167569713257E-4
919   1.231167569713257E-4
920   1.231167569713257E-4
921   1.231167569713257E-4
922   1.231167569713257E-4
923   1.231167569713257E-4
924   1.231167569713257E-4
925   1.231167569713257E-4
926   1.231167569713257E-4
927   1.231167569713257E-4
928   1.231167569713257E-4
929   1.231167569713257E-4
930   1.231167569713257E-4
931   1.231167569713257E-4
932   1.231167569713257E-4
933   1.231167569713257E-4
934   1.231167569713257E-4
935   1.231167569713257E-4
936   1.231167569713257E-4
937   1.231167569713257E-4
938   1.231167569713257E-4
939   1.231167569713257E-4
940   1.231167569713257E-4
941   1.231167569713257E-4
942   1.231167569713257E-4
943   1.231167569713257E-4
944   1.231167569713257E-4
945   1.231167569713257E-4
946   1.231167569713257E-4
947   1.231167569713257E-4
948   1.231167569713257E-4
949   1.231167569713257E-4
950   1.231167569713257E-4
951   1.231167569713257E-4
952   1.231167569713257E-4
953   1.231167569713257E-4
954   1.231167569713257E-4
955   1.231167569713257E-4
956   1.231167569713257E-4
957   1.231167569713257E-4
958   1.231167569713257E-4
959   1.231167569713257E-4
960   1.231167569713257E-4
961   1.231167569713257E-4
962   1.231167569713257E-4
963   1.231167569713257E-4
964   1.231167569713257E-4
965   1.231167569713257E-4
966   1.231167569713257E-4
967   1.231167569713257E-4
968   1.231167569713257E-4
969   1.231167569713257E-4
970   1.231167569713257E-4
971   1.231167569713257E-4
972   1.231167569713257E-4
973   1.231167569713257E-4
974   1.231167569713257E-4
975   1.231167569713257E-4
976   1.231167569713257E-4
977   1.231167569713257E-4
978   1.231167569713257E-4
979   1.231167569713257E-4
980   1.231167569713257E-4
981   1.231167569713257E-4
982   1.231167569713257E-4
983   1.231167569713257E-4
984   1.231167569713257E-4
985   1.231167569713257E-4
986   1.231167569713257E-4
987   1.231167569713257E-4
988   1.231167569713257E-4
989   1.231167569713257E-4
990   1.231167569713257E-4
991   1.231167569713257E-4
992   1.231167569713257E-4
993   1.231167569713257E-4
994   1.231167569713257E-4
995   1.231167569713257E-4
996   1.231167569713257E-4
997   1.231167569713257E-4
998   1.231167569713257E-4
999   1.231167569713257E-4
