1   171.08184856407112
2   171.08184856407112
3   171.08184856407112
4   171.08184856407112
5   171.08184856407112
6   171.08184856407112
7   171.08184856407112
8   171.08184856407112
9   171.08184856407112
10   171.08184856407112
11   171.08184856407112
12   171.08184856407112
13   171.08184856407112
14   171.08184856407112
15   171.08184856407112
16   171.08184856407112
17   171.08184856407112
18   171.08184856407112
19   171.08184856407112
20   171.08184856407112
21   171.08184856407112
22   171.08184856407112
23   171.08184856407112
24   171.08184856407112
25   171.08184856407112
26   171.08184856407112
27   171.08184856407112
28   171.08184856407112
29   171.08184856407112
30   171.08184856407112
31   171.08184856407112
32   171.08184856407112
33   171.08184856407112
34   171.08184856407112
35   171.08184856407112
36   171.08184856407112
37   171.08184856407112
38   171.08184856407112
39   171.08184856407112
40   171.08184856407112
41   171.08184856407112
42   171.08184856407112
43   171.08184856407112
44   171.08184856407112
45   171.08184856407112
46   171.08184856407112
47   171.08184856407112
48   171.08184856407112
49   171.08184856407112
50   171.08184856407112
51   171.08184856407112
52   171.08184856407112
53   171.08184856407112
54   171.08184856407112
55   171.08184856407112
56   171.08184856407112
57   171.08184856407112
58   171.08184856407112
59   171.08184856407112
60   171.08184856407112
61   171.08184856407112
62   171.08184856407112
63   171.08184856407112
64   171.08184856407112
65   171.08184856407112
66   171.08184856407112
67   171.08184856407112
68   171.08184856407112
69   171.08184856407112
70   171.08184856407112
71   171.08184856407112
72   171.08184856407112
73   171.08184856407112
74   171.08184856407112
75   171.08184856407112
76   171.08184856407112
77   171.08184856407112
78   171.08184856407112
79   171.08184856407112
80   171.08184856407112
81   171.08184856407112
82   171.08184856407112
83   171.08184856407112
84   171.08184856407112
85   171.08184856407112
86   171.08184856407112
87   171.08184856407112
88   171.08184856407112
89   171.08184856407112
90   171.08184856407112
91   171.08184856407112
92   171.08184856407112
93   171.08184856407112
94   171.08184856407112
95   171.08184856407112
96   171.08184856407112
97   171.08184856407112
98   171.08184856407112
99   171.08184856407112
100   171.08184856407112
101   171.08184856407112
102   171.08184856407112
103   171.08184856407112
104   171.08184856407112
105   171.08184856407112
106   171.08184856407112
107   171.08184856407112
108   171.08184856407112
109   171.08184856407112
110   171.08184856407112
111   171.08184856407112
112   171.08184856407112
113   171.08184856407112
114   171.08184856407112
115   171.08184856407112
116   171.08184856407112
117   171.08184856407112
118   171.08184856407112
119   171.08184856407112
120   171.08184856407112
121   171.08184856407112
122   171.08184856407112
123   171.08184856407112
124   171.08184856407112
125   171.08184856407112
126   171.08184856407112
127   171.08184856407112
128   171.08184856407112
129   171.08184856407112
130   171.08184856407112
131   171.08184856407112
132   171.08184856407112
133   171.08184856407112
134   171.08184856407112
135   171.08184856407112
136   171.08184856407112
137   171.08184856407112
138   171.08184856407112
139   171.08184856407112
140   171.08184856407112
141   171.08184856407112
142   171.08184856407112
143   171.08184856407112
144   171.08184856407112
145   171.08184856407112
146   171.08184856407112
147   171.08184856407112
148   171.08184856407112
149   171.08184856407112
150   171.08184856407112
151   171.08184856407112
152   171.08184856407112
153   171.08184856407112
154   171.08184856407112
155   171.08184856407112
156   171.08184856407112
157   171.08184856407112
158   171.08184856407112
159   171.08184856407112
160   171.08184856407112
161   171.08184856407112
162   171.08184856407112
163   171.08184856407112
164   171.08184856407112
165   171.08184856407112
166   171.08184856407112
167   171.08184856407112
168   171.08184856407112
169   171.08184856407112
170   171.08184856407112
171   171.08184856407112
172   171.08184856407112
173   171.08184856407112
174   171.08184856407112
175   171.08184856407112
176   171.08184856407112
177   171.08184856407112
178   171.08184856407112
179   171.08184856407112
180   171.08184856407112
181   171.08184856407112
182   171.08184856407112
183   171.08184856407112
184   171.08184856407112
185   171.08184856407112
186   171.08184856407112
187   171.08184856407112
188   171.08184856407112
189   171.08184856407112
190   171.08184856407112
191   171.08184856407112
192   171.08184856407112
193   171.08184856407112
194   171.08184856407112
195   171.08184856407112
196   171.08184856407112
197   171.08184856407112
198   171.08184856407112
199   171.08184856407112
200   171.08184856407112
201   171.08184856407112
202   171.08184856407112
203   171.08184856407112
204   171.08184856407112
205   171.08184856407112
206   171.08184856407112
207   171.08184856407112
208   171.08184856407112
209   171.08184856407112
210   171.08184856407112
211   171.08184856407112
212   171.08184856407112
213   171.08184856407112
214   171.08184856407112
215   171.08184856407112
216   171.08184856407112
217   171.08184856407112
218   171.08184856407112
219   171.08184856407112
220   171.08184856407112
221   171.08184856407112
222   171.08184856407112
223   171.08184856407112
224   171.08184856407112
225   171.08184856407112
226   171.08184856407112
227   171.08184856407112
228   171.08184856407112
229   171.08184856407112
230   171.08184856407112
231   171.08184856407112
232   171.08184856407112
233   171.08184856407112
234   171.08184856407112
235   171.08184856407112
236   171.08184856407112
237   171.08184856407112
238   171.08184856407112
239   171.08184856407112
240   171.08184856407112
241   171.08184856407112
242   171.08184856407112
243   171.08184856407112
244   171.08184856407112
245   171.08184856407112
246   171.08184856407112
247   171.08184856407112
248   171.08184856407112
249   171.08184856407112
250   171.08184856407112
251   171.08184856407112
252   171.08184856407112
253   171.08184856407112
254   171.08184856407112
255   171.08184856407112
256   171.08184856407112
257   171.08184856407112
258   171.08184856407112
259   171.08184856407112
260   171.08184856407112
261   171.08184856407112
262   171.08184856407112
263   171.08184856407112
264   171.08184856407112
265   171.08184856407112
266   171.08184856407112
267   171.08184856407112
268   171.08184856407112
269   171.08184856407112
270   171.08184856407112
271   171.08184856407112
272   171.08184856407112
273   171.08184856407112
274   171.08184856407112
275   171.08184856407112
276   171.08184856407112
277   171.08184856407112
278   171.08184856407112
279   171.08184856407112
280   171.08184856407112
281   171.08184856407112
282   171.08184856407112
283   171.08184856407112
284   171.08184856407112
285   171.08184856407112
286   171.08184856407112
287   171.08184856407112
288   171.08184856407112
289   171.08184856407112
290   171.08184856407112
291   171.08184856407112
292   171.08184856407112
293   171.08184856407112
294   171.08184856407112
295   171.08184856407112
296   171.08184856407112
297   171.08184856407112
298   171.08184856407112
299   171.08184856407112
300   171.08184856407112
301   171.08184856407112
302   171.08184856407112
303   171.08184856407112
304   171.08184856407112
305   171.08184856407112
306   171.08184856407112
307   171.08184856407112
308   171.08184856407112
309   171.08184856407112
310   171.08184856407112
311   171.08184856407112
312   171.08184856407112
313   171.08184856407112
314   171.08184856407112
315   171.08184856407112
316   171.08184856407112
317   171.08184856407112
318   171.08184856407112
319   171.08184856407112
320   171.08184856407112
321   171.08184856407112
322   171.08184856407112
323   171.08184856407112
324   171.08184856407112
325   171.08184856407112
326   171.08184856407112
327   171.08184856407112
328   171.08184856407112
329   171.08184856407112
330   171.08184856407112
331   171.08184856407112
332   171.08184856407112
333   171.08184856407112
334   171.08184856407112
335   171.08184856407112
336   171.08184856407112
337   171.08184856407112
338   171.08184856407112
339   171.08184856407112
340   171.08184856407112
341   171.08184856407112
342   171.08184856407112
343   171.08184856407112
344   171.08184856407112
345   171.08184856407112
346   171.08184856407112
347   171.08184856407112
348   171.08184856407112
349   171.08184856407112
350   171.08184856407112
351   171.08184856407112
352   171.08184856407112
353   171.08184856407112
354   171.08184856407112
355   171.08184856407112
356   171.08184856407112
357   171.08184856407112
358   171.08184856407112
359   171.08184856407112
360   171.08184856407112
361   171.08184856407112
362   171.08184856407112
363   171.08184856407112
364   171.08184856407112
365   171.08184856407112
366   171.08184856407112
367   171.08184856407112
368   171.08184856407112
369   171.08184856407112
370   171.08184856407112
371   171.08184856407112
372   171.08184856407112
373   171.08184856407112
374   171.08184856407112
375   171.08184856407112
376   171.08184856407112
377   171.08184856407112
378   171.08184856407112
379   171.08184856407112
380   171.08184856407112
381   171.08184856407112
382   171.08184856407112
383   171.08184856407112
384   171.08184856407112
385   171.08184856407112
386   171.08184856407112
387   171.08184856407112
388   171.08184856407112
389   171.08184856407112
390   171.08184856407112
391   171.08184856407112
392   171.08184856407112
393   171.08184856407112
394   171.08184856407112
395   171.08184856407112
396   171.08184856407112
397   171.08184856407112
398   171.08184856407112
399   171.08184856407112
400   171.08184856407112
401   171.08184856407112
402   171.08184856407112
403   171.08184856407112
404   171.08184856407112
405   171.08184856407112
406   171.08184856407112
407   171.08184856407112
408   171.08184856407112
409   171.08184856407112
410   171.08184856407112
411   171.08184856407112
412   171.08184856407112
413   171.08184856407112
414   171.08184856407112
415   171.08184856407112
416   171.08184856407112
417   171.08184856407112
418   171.08184856407112
419   171.08184856407112
420   171.08184856407112
421   171.08184856407112
422   171.08184856407112
423   171.08184856407112
424   171.08184856407112
425   171.08184856407112
426   171.08184856407112
427   171.08184856407112
428   171.08184856407112
429   171.08184856407112
430   171.08184856407112
431   171.08184856407112
432   171.08184856407112
433   171.08184856407112
434   171.08184856407112
435   171.08184856407112
436   171.08184856407112
437   171.08184856407112
438   171.08184856407112
439   171.08184856407112
440   171.08184856407112
441   171.08184856407112
442   171.08184856407112
443   171.08184856407112
444   171.08184856407112
445   171.08184856407112
446   171.08184856407112
447   171.08184856407112
448   171.08184856407112
449   171.08184856407112
450   171.08184856407112
451   171.08184856407112
452   171.08184856407112
453   171.08184856407112
454   171.08184856407112
455   171.08184856407112
456   171.08184856407112
457   171.08184856407112
458   171.08184856407112
459   171.08184856407112
460   171.08184856407112
461   171.08184856407112
462   171.08184856407112
463   171.08184856407112
464   171.08184856407112
465   171.08184856407112
466   171.08184856407112
467   171.08184856407112
468   171.08184856407112
469   171.08184856407112
470   171.08184856407112
471   171.08184856407112
472   171.08184856407112
473   171.08184856407112
474   171.08184856407112
475   171.08184856407112
476   171.08184856407112
477   171.08184856407112
478   171.08184856407112
479   171.08184856407112
480   171.08184856407112
481   171.08184856407112
482   171.08184856407112
483   171.08184856407112
484   171.08184856407112
485   171.08184856407112
486   171.08184856407112
487   171.08184856407112
488   171.08184856407112
489   171.08184856407112
490   171.08184856407112
491   171.08184856407112
492   171.08184856407112
493   171.08184856407112
494   171.08184856407112
495   171.08184856407112
496   171.08184856407112
497   171.08184856407112
498   171.08184856407112
499   171.08184856407112
500   171.08184856407112
501   171.08184856407112
502   171.08184856407112
503   171.08184856407112
504   171.08184856407112
505   171.08184856407112
506   171.08184856407112
507   171.08184856407112
508   171.08184856407112
509   171.08184856407112
510   171.08184856407112
511   171.08184856407112
512   171.08184856407112
513   171.08184856407112
514   171.08184856407112
515   171.08184856407112
516   171.08184856407112
517   171.08184856407112
518   171.08184856407112
519   171.08184856407112
520   171.08184856407112
521   171.08184856407112
522   171.08184856407112
523   171.08184856407112
524   171.08184856407112
525   171.08184856407112
526   171.08184856407112
527   171.08184856407112
528   171.08184856407112
529   171.08184856407112
530   171.08184856407112
531   171.08184856407112
532   171.08184856407112
533   171.08184856407112
534   171.08184856407112
535   171.08184856407112
536   171.08184856407112
537   171.08184856407112
538   171.08184856407112
539   171.08184856407112
540   171.08184856407112
541   171.08184856407112
542   171.08184856407112
543   171.08184856407112
544   171.08184856407112
545   171.08184856407112
546   171.08184856407112
547   171.08184856407112
548   171.08184856407112
549   171.08184856407112
550   171.08184856407112
551   171.08184856407112
552   171.08184856407112
553   171.08184856407112
554   171.08184856407112
555   171.08184856407112
556   171.08184856407112
557   171.08184856407112
558   171.08184856407112
559   171.08184856407112
560   171.08184856407112
561   171.08184856407112
562   171.08184856407112
563   171.08184856407112
564   171.08184856407112
565   171.08184856407112
566   171.08184856407112
567   171.08184856407112
568   171.08184856407112
569   171.08184856407112
570   171.08184856407112
571   171.08184856407112
572   171.08184856407112
573   171.08184856407112
574   171.08184856407112
575   171.08184856407112
576   171.08184856407112
577   171.08184856407112
578   171.08184856407112
579   171.08184856407112
580   171.08184856407112
581   171.08184856407112
582   171.08184856407112
583   171.08184856407112
584   171.08184856407112
585   171.08184856407112
586   171.08184856407112
587   171.08184856407112
588   171.08184856407112
589   171.08184856407112
590   171.08184856407112
591   171.08184856407112
592   171.08184856407112
593   171.08184856407112
594   171.08184856407112
595   171.08184856407112
596   171.08184856407112
597   171.08184856407112
598   171.08184856407112
599   171.08184856407112
600   171.08184856407112
601   171.08184856407112
602   171.08184856407112
603   171.08184856407112
604   171.08184856407112
605   171.08184856407112
606   171.08184856407112
607   171.08184856407112
608   171.08184856407112
609   171.08184856407112
610   171.08184856407112
611   171.08184856407112
612   171.08184856407112
613   171.08184856407112
614   171.08184856407112
615   171.08184856407112
616   171.08184856407112
617   171.08184856407112
618   171.08184856407112
619   171.08184856407112
620   171.08184856407112
621   171.08184856407112
622   171.08184856407112
623   171.08184856407112
624   171.08184856407112
625   171.08184856407112
626   171.08184856407112
627   171.08184856407112
628   171.08184856407112
629   171.08184856407112
630   171.08184856407112
631   171.08184856407112
632   171.08184856407112
633   171.08184856407112
634   171.08184856407112
635   171.08184856407112
636   171.08184856407112
637   171.08184856407112
638   171.08184856407112
639   171.08184856407112
640   171.08184856407112
641   171.08184856407112
642   171.08184856407112
643   171.08184856407112
644   171.08184856407112
645   171.08184856407112
646   171.08184856407112
647   171.08184856407112
648   171.08184856407112
649   171.08184856407112
650   171.08184856407112
651   171.08184856407112
652   171.08184856407112
653   171.08184856407112
654   171.08184856407112
655   171.08184856407112
656   171.08184856407112
657   171.08184856407112
658   171.08184856407112
659   171.08184856407112
660   171.08184856407112
661   171.08184856407112
662   171.08184856407112
663   171.08184856407112
664   171.08184856407112
665   171.08184856407112
666   171.08184856407112
667   171.08184856407112
668   171.08184856407112
669   171.08184856407112
670   171.08184856407112
671   171.08184856407112
672   171.08184856407112
673   171.08184856407112
674   171.08184856407112
675   171.08184856407112
676   171.08184856407112
677   171.08184856407112
678   171.08184856407112
679   171.08184856407112
680   171.08184856407112
681   171.08184856407112
682   171.08184856407112
683   171.08184856407112
684   171.08184856407112
685   171.08184856407112
686   171.08184856407112
687   171.08184856407112
688   171.08184856407112
689   171.08184856407112
690   171.08184856407112
691   171.08184856407112
692   171.08184856407112
693   171.08184856407112
694   171.08184856407112
695   171.08184856407112
696   171.08184856407112
697   171.08184856407112
698   171.08184856407112
699   171.08184856407112
700   171.08184856407112
701   171.08184856407112
702   171.08184856407112
703   171.08184856407112
704   171.08184856407112
705   171.08184856407112
706   171.08184856407112
707   171.08184856407112
708   171.08184856407112
709   171.08184856407112
710   171.08184856407112
711   171.08184856407112
712   171.08184856407112
713   171.08184856407112
714   171.08184856407112
715   171.08184856407112
716   171.08184856407112
717   171.08184856407112
718   171.08184856407112
719   171.08184856407112
720   171.08184856407112
721   171.08184856407112
722   171.08184856407112
723   171.08184856407112
724   171.08184856407112
725   171.08184856407112
726   171.08184856407112
727   171.08184856407112
728   171.08184856407112
729   171.08184856407112
730   171.08184856407112
731   171.08184856407112
732   171.08184856407112
733   171.08184856407112
734   171.08184856407112
735   171.08184856407112
736   171.08184856407112
737   171.08184856407112
738   171.08184856407112
739   171.08184856407112
740   171.08184856407112
741   171.08184856407112
742   171.08184856407112
743   171.08184856407112
744   171.08184856407112
745   171.08184856407112
746   171.08184856407112
747   171.08184856407112
748   171.08184856407112
749   171.08184856407112
750   171.08184856407112
751   171.08184856407112
752   171.08184856407112
753   171.08184856407112
754   171.08184856407112
755   171.08184856407112
756   171.08184856407112
757   171.08184856407112
758   171.08184856407112
759   171.08184856407112
760   171.08184856407112
761   171.08184856407112
762   171.08184856407112
763   171.08184856407112
764   171.08184856407112
765   171.08184856407112
766   171.08184856407112
767   171.08184856407112
768   171.08184856407112
769   171.08184856407112
770   171.08184856407112
771   171.08184856407112
772   171.08184856407112
773   171.08184856407112
774   171.08184856407112
775   171.08184856407112
776   171.08184856407112
777   171.08184856407112
778   171.08184856407112
779   171.08184856407112
780   171.08184856407112
781   171.08184856407112
782   171.08184856407112
783   171.08184856407112
784   171.08184856407112
785   171.08184856407112
786   171.08184856407112
787   171.08184856407112
788   171.08184856407112
789   171.08184856407112
790   171.08184856407112
791   171.08184856407112
792   171.08184856407112
793   171.08184856407112
794   171.08184856407112
795   171.08184856407112
796   171.08184856407112
797   171.08184856407112
798   171.08184856407112
799   171.08184856407112
800   171.08184856407112
801   171.08184856407112
802   171.08184856407112
803   171.08184856407112
804   171.08184856407112
805   171.08184856407112
806   171.08184856407112
807   171.08184856407112
808   171.08184856407112
809   171.08184856407112
810   171.08184856407112
811   171.08184856407112
812   171.08184856407112
813   171.08184856407112
814   171.08184856407112
815   171.08184856407112
816   171.08184856407112
817   171.08184856407112
818   171.08184856407112
819   171.08184856407112
820   171.08184856407112
821   171.08184856407112
822   171.08184856407112
823   171.08184856407112
824   171.08184856407112
825   171.08184856407112
826   171.08184856407112
827   171.08184856407112
828   171.08184856407112
829   171.08184856407112
830   171.08184856407112
831   171.08184856407112
832   171.08184856407112
833   171.08184856407112
834   171.08184856407112
835   171.08184856407112
836   171.08184856407112
837   171.08184856407112
838   171.08184856407112
839   171.08184856407112
840   171.08184856407112
841   171.08184856407112
842   171.08184856407112
843   171.08184856407112
844   171.08184856407112
845   171.08184856407112
846   171.08184856407112
847   171.08184856407112
848   171.08184856407112
849   171.08184856407112
850   171.08184856407112
851   171.08184856407112
852   171.08184856407112
853   171.08184856407112
854   171.08184856407112
855   171.08184856407112
856   171.08184856407112
857   171.08184856407112
858   171.08184856407112
859   171.08184856407112
860   171.08184856407112
861   171.08184856407112
862   171.08184856407112
863   171.08184856407112
864   171.08184856407112
865   171.08184856407112
866   171.08184856407112
867   171.08184856407112
868   171.08184856407112
869   171.08184856407112
870   171.08184856407112
871   171.08184856407112
872   171.08184856407112
873   171.08184856407112
874   171.08184856407112
875   171.08184856407112
876   171.08184856407112
877   171.08184856407112
878   171.08184856407112
879   171.08184856407112
880   171.08184856407112
881   171.08184856407112
882   171.08184856407112
883   171.08184856407112
884   171.08184856407112
885   171.08184856407112
886   171.08184856407112
887   171.08184856407112
888   171.08184856407112
889   171.08184856407112
890   171.08184856407112
891   171.08184856407112
892   171.08184856407112
893   171.08184856407112
894   171.08184856407112
895   171.08184856407112
896   171.08184856407112
897   171.08184856407112
898   171.08184856407112
899   171.08184856407112
900   171.08184856407112
901   171.08184856407112
902   171.08184856407112
903   171.08184856407112
904   171.08184856407112
905   171.08184856407112
906   171.08184856407112
907   171.08184856407112
908   171.08184856407112
909   171.08184856407112
910   171.08184856407112
911   171.08184856407112
912   171.08184856407112
913   171.08184856407112
914   171.08184856407112
915   171.08184856407112
916   171.08184856407112
917   171.08184856407112
918   171.08184856407112
919   171.08184856407112
920   171.08184856407112
921   171.08184856407112
922   171.08184856407112
923   171.08184856407112
924   171.08184856407112
925   171.08184856407112
926   171.08184856407112
927   171.08184856407112
928   171.08184856407112
929   171.08184856407112
930   171.08184856407112
931   171.08184856407112
932   171.08184856407112
933   171.08184856407112
934   171.08184856407112
935   171.08184856407112
936   171.08184856407112
937   171.08184856407112
938   171.08184856407112
939   171.08184856407112
940   171.08184856407112
941   171.08184856407112
942   171.08184856407112
943   171.08184856407112
944   171.08184856407112
945   171.08184856407112
946   171.08184856407112
947   171.08184856407112
948   171.08184856407112
949   171.08184856407112
950   171.08184856407112
951   171.08184856407112
952   171.08184856407112
953   171.08184856407112
954   171.08184856407112
955   171.08184856407112
956   171.08184856407112
957   171.08184856407112
958   171.08184856407112
959   171.08184856407112
960   171.08184856407112
961   171.08184856407112
962   171.08184856407112
963   171.08184856407112
964   171.08184856407112
965   171.08184856407112
966   171.08184856407112
967   171.08184856407112
968   171.08184856407112
969   171.08184856407112
970   171.08184856407112
971   171.08184856407112
972   171.08184856407112
973   171.08184856407112
974   171.08184856407112
975   171.08184856407112
976   171.08184856407112
977   171.08184856407112
978   171.08184856407112
979   171.08184856407112
980   171.08184856407112
981   171.08184856407112
982   171.08184856407112
983   171.08184856407112
984   171.08184856407112
985   171.08184856407112
986   171.08184856407112
987   171.08184856407112
988   171.08184856407112
989   171.08184856407112
990   171.08184856407112
991   171.08184856407112
992   171.08184856407112
993   171.08184856407112
994   171.08184856407112
995   171.08184856407112
996   171.08184856407112
997   171.08184856407112
998   171.08184856407112
999   171.08184856407112
