1   689.5363165862143
2   571.77661947476
3   519.2936762131469
4   519.2936762131469
5   519.2936762131469
6   519.2936762131469
7   519.2936762131469
8   519.2936762131469
9   519.2936762131469
10   519.2936762131469
11   519.2936762131469
12   519.2936762131469
13   519.2936762131469
14   519.2936762131469
15   519.2936762131469
16   519.2936762131469
17   519.2936762131469
18   519.2936762131469
19   519.2936762131469
20   519.2936762131469
21   519.2936762131469
22   519.2936762131469
23   519.2936762131469
24   519.2936762131469
25   519.2936762131469
26   519.2936762131469
27   519.2936762131469
28   519.2936762131469
29   519.2936762131469
30   519.2936762131469
31   519.2936762131469
32   519.2936762131469
33   519.2936762131469
34   519.2936762131469
35   519.2936762131469
36   519.2936762131469
37   519.2936762131469
38   519.2936762131469
39   519.2936762131469
40   519.2936762131469
41   519.2936762131469
42   519.2936762131469
43   519.2936762131469
44   519.2936762131469
45   519.2936762131469
46   519.2936762131469
47   519.2936762131469
48   519.2936762131469
49   519.2936762131469
50   519.2936762131469
51   519.2936762131469
52   519.2936762131469
53   519.2936762131469
54   519.2936762131469
55   519.2936762131469
56   519.2936762131469
57   519.2936762131469
58   519.2936762131469
59   519.2936762131469
60   519.2936762131469
61   519.2936762131469
62   519.2936762131469
63   519.2936762131469
64   519.2936762131469
65   519.2936762131469
66   519.2936762131469
67   519.2936762131469
68   519.2936762131469
69   519.2936762131469
70   519.2936762131469
71   519.2936762131469
72   519.2936762131469
73   519.2936762131469
74   519.2936762131469
75   519.2936762131469
76   519.2936762131469
77   519.2936762131469
78   519.2936762131469
79   519.2936762131469
80   519.2936762131469
81   519.2936762131469
82   519.2936762131469
83   519.2936762131469
84   519.2936762131469
85   519.2936762131469
86   519.2936762131469
87   519.2936762131469
88   519.2936762131469
89   519.2936762131469
90   519.2936762131469
91   519.2936762131469
92   519.2936762131469
93   519.2936762131469
94   519.2936762131469
95   519.2936762131469
96   519.2936762131469
97   519.2936762131469
98   519.2936762131469
99   519.2936762131469
100   519.2936762131469
101   519.2936762131469
102   519.2936762131469
103   519.2936762131469
104   519.2936762131469
105   519.2936762131469
106   519.2936762131469
107   519.2936762131469
108   519.2936762131469
109   519.2936762131469
110   519.2936762131469
111   519.2936762131469
112   519.2936762131469
113   519.2936762131469
114   519.2936762131469
115   519.2936762131469
116   519.2936762131469
117   519.2936762131469
118   519.2936762131469
119   519.2936762131469
120   519.2936762131469
121   519.2936762131469
122   519.2936762131469
123   519.2936762131469
124   519.2936762131469
125   519.2936762131469
126   519.2936762131469
127   519.2936762131469
128   519.2936762131469
129   519.2936762131469
130   519.2936762131469
131   519.2936762131469
132   519.2936762131469
133   519.2936762131469
134   519.2936762131469
135   519.2936762131469
136   519.2936762131469
137   519.2936762131469
138   519.2936762131469
139   519.2936762131469
140   519.2936762131469
141   519.2936762131469
142   519.2936762131469
143   519.2936762131469
144   519.2936762131469
145   519.2936762131469
146   519.2936762131469
147   519.2936762131469
148   519.2936762131469
149   519.2936762131469
150   519.2936762131469
151   519.2936762131469
152   519.2936762131469
153   519.2936762131469
154   519.2936762131469
155   519.2936762131469
156   519.2936762131469
157   519.2936762131469
158   519.2936762131469
159   519.2936762131469
160   519.2936762131469
161   519.2936762131469
162   519.2936762131469
163   519.2936762131469
164   519.2936762131469
165   519.2936762131469
166   519.2936762131469
167   519.2936762131469
168   519.2936762131469
169   519.2936762131469
170   519.2936762131469
171   519.2936762131469
172   519.2936762131469
173   519.2936762131469
174   519.2936762131469
175   519.2936762131469
176   519.2936762131469
177   519.2936762131469
178   519.2936762131469
179   519.2936762131469
180   519.2936762131469
181   519.2936762131469
182   519.2936762131469
183   519.2936762131469
184   519.2936762131469
185   519.2936762131469
186   519.2936762131469
187   519.2936762131469
188   519.2936762131469
189   519.2936762131469
190   519.2936762131469
191   519.2936762131469
192   519.2936762131469
193   519.2936762131469
194   519.2936762131469
195   519.2936762131469
196   519.2936762131469
197   519.2936762131469
198   519.2936762131469
199   519.2936762131469
200   519.2936762131469
201   519.2936762131469
202   519.2936762131469
203   519.2936762131469
204   519.2936762131469
205   519.2936762131469
206   519.2936762131469
207   519.2936762131469
208   519.2936762131469
209   519.2936762131469
210   519.2936762131469
211   519.2936762131469
212   519.2936762131469
213   519.2936762131469
214   519.2936762131469
215   519.2936762131469
216   519.2936762131469
217   519.2936762131469
218   519.2936762131469
219   519.2936762131469
220   519.2936762131469
221   519.2936762131469
222   519.2936762131469
223   519.2936762131469
224   519.2936762131469
225   519.2936762131469
226   519.2936762131469
227   519.2936762131469
228   519.2936762131469
229   519.2936762131469
230   519.2936762131469
231   519.2936762131469
232   519.2936762131469
233   519.2936762131469
234   519.2936762131469
235   519.2936762131469
236   519.2936762131469
237   519.2936762131469
238   519.2936762131469
239   519.2936762131469
240   519.2936762131469
241   519.2936762131469
242   519.2936762131469
243   519.2936762131469
244   519.2936762131469
245   519.2936762131469
246   519.2936762131469
247   519.2936762131469
248   519.2936762131469
249   519.2936762131469
250   519.2936762131469
251   519.2936762131469
252   519.2936762131469
253   519.2936762131469
254   519.2936762131469
255   519.2936762131469
256   519.2936762131469
257   519.2936762131469
258   519.2936762131469
259   519.2936762131469
260   519.2936762131469
261   519.2936762131469
262   519.2936762131469
263   519.2936762131469
264   519.2936762131469
265   519.2936762131469
266   519.2936762131469
267   519.2936762131469
268   519.2936762131469
269   519.2936762131469
270   519.2936762131469
271   519.2936762131469
272   519.2936762131469
273   519.2936762131469
274   519.2936762131469
275   519.2936762131469
276   519.2936762131469
277   519.2936762131469
278   519.2936762131469
279   519.2936762131469
280   519.2936762131469
281   519.2936762131469
282   519.2936762131469
283   519.2936762131469
284   519.2936762131469
285   519.2936762131469
286   519.2936762131469
287   519.2936762131469
288   519.2936762131469
289   519.2936762131469
290   519.2936762131469
291   519.2936762131469
292   519.2936762131469
293   519.2936762131469
294   519.2936762131469
295   519.2936762131469
296   519.2936762131469
297   519.2936762131469
298   519.2936762131469
299   519.2936762131469
300   519.2936762131469
301   519.2936762131469
302   519.2936762131469
303   519.2936762131469
304   519.2936762131469
305   519.2936762131469
306   519.2936762131469
307   519.2936762131469
308   519.2936762131469
309   519.2936762131469
310   519.2936762131469
311   519.2936762131469
312   519.2936762131469
313   519.2936762131469
314   519.2936762131469
315   519.2936762131469
316   519.2936762131469
317   519.2936762131469
318   519.2936762131469
319   519.2936762131469
320   519.2936762131469
321   519.2936762131469
322   519.2936762131469
323   519.2936762131469
324   519.2936762131469
325   519.2936762131469
326   519.2936762131469
327   519.2936762131469
328   519.2936762131469
329   519.2936762131469
330   519.2936762131469
331   519.2936762131469
332   519.2936762131469
333   519.2936762131469
334   519.2936762131469
335   519.2936762131469
336   519.2936762131469
337   519.2936762131469
338   519.2936762131469
339   519.2936762131469
340   519.2936762131469
341   519.2936762131469
342   519.2936762131469
343   519.2936762131469
344   519.2936762131469
345   519.2936762131469
346   519.2936762131469
347   519.2936762131469
348   519.2936762131469
349   519.2936762131469
350   519.2936762131469
351   519.2936762131469
352   519.2936762131469
353   519.2936762131469
354   519.2936762131469
355   519.2936762131469
356   519.2936762131469
357   519.2936762131469
358   519.2936762131469
359   519.2936762131469
360   519.2936762131469
361   519.2936762131469
362   519.2936762131469
363   519.2936762131469
364   519.2936762131469
365   519.2936762131469
366   519.2936762131469
367   519.2936762131469
368   519.2936762131469
369   519.2936762131469
370   519.2936762131469
371   519.2936762131469
372   519.2936762131469
373   519.2936762131469
374   519.2936762131469
375   519.2936762131469
376   519.2936762131469
377   519.2936762131469
378   519.2936762131469
379   519.2936762131469
380   519.2936762131469
381   519.2936762131469
382   519.2936762131469
383   519.2936762131469
384   519.2936762131469
385   519.2936762131469
386   519.2936762131469
387   519.2936762131469
388   519.2936762131469
389   519.2936762131469
390   519.2936762131469
391   519.2936762131469
392   519.2936762131469
393   519.2936762131469
394   519.2936762131469
395   519.2936762131469
396   519.2936762131469
397   519.2936762131469
398   519.2936762131469
399   519.2936762131469
400   519.2936762131469
401   519.2936762131469
402   519.2936762131469
403   519.2936762131469
404   519.2936762131469
405   519.2936762131469
406   519.2936762131469
407   519.2936762131469
408   519.2936762131469
409   519.2936762131469
410   519.2936762131469
411   519.2936762131469
412   519.2936762131469
413   519.2936762131469
414   519.2936762131469
415   519.2936762131469
416   519.2936762131469
417   519.2936762131469
418   519.2936762131469
419   519.2936762131469
420   519.2936762131469
421   519.2936762131469
422   519.2936762131469
423   519.2936762131469
424   519.2936762131469
425   519.2936762131469
426   519.2936762131469
427   519.2936762131469
428   519.2936762131469
429   519.2936762131469
430   519.2936762131469
431   519.2936762131469
432   519.2936762131469
433   519.2936762131469
434   519.2936762131469
435   519.2936762131469
436   519.2936762131469
437   519.2936762131469
438   519.2936762131469
439   519.2936762131469
440   519.2936762131469
441   519.2936762131469
442   519.2936762131469
443   519.2936762131469
444   519.2936762131469
445   519.2936762131469
446   519.2936762131469
447   519.2936762131469
448   519.2936762131469
449   519.2936762131469
450   519.2936762131469
451   519.2936762131469
452   519.2936762131469
453   519.2936762131469
454   519.2936762131469
455   519.2936762131469
456   519.2936762131469
457   519.2936762131469
458   519.2936762131469
459   519.2936762131469
460   519.2936762131469
461   519.2936762131469
462   519.2936762131469
463   519.2936762131469
464   519.2936762131469
465   519.2936762131469
466   519.2936762131469
467   519.2936762131469
468   519.2936762131469
469   519.2936762131469
470   519.2936762131469
471   519.2936762131469
472   519.2936762131469
473   519.2936762131469
474   519.2936762131469
475   519.2936762131469
476   519.2936762131469
477   519.2936762131469
478   519.2936762131469
479   519.2936762131469
480   519.2936762131469
481   519.2936762131469
482   519.2936762131469
483   519.2936762131469
484   519.2936762131469
485   519.2936762131469
486   519.2936762131469
487   519.2936762131469
488   519.2936762131469
489   519.2936762131469
490   519.2936762131469
491   519.2936762131469
492   519.2936762131469
493   519.2936762131469
494   519.2936762131469
495   519.2936762131469
496   519.2936762131469
497   519.2936762131469
498   519.2936762131469
499   519.2936762131469
500   519.2936762131469
501   519.2936762131469
502   519.2936762131469
503   519.2936762131469
504   519.2936762131469
505   519.2936762131469
506   519.2936762131469
507   519.2936762131469
508   519.2936762131469
509   519.2936762131469
510   519.2936762131469
511   519.2936762131469
512   519.2936762131469
513   519.2936762131469
514   519.2936762131469
515   519.2936762131469
516   519.2936762131469
517   519.2936762131469
518   519.2936762131469
519   519.2936762131469
520   519.2936762131469
521   519.2936762131469
522   519.2936762131469
523   519.2936762131469
524   519.2936762131469
525   519.2936762131469
526   519.2936762131469
527   519.2936762131469
528   519.2936762131469
529   519.2936762131469
530   519.2936762131469
531   519.2936762131469
532   519.2936762131469
533   519.2936762131469
534   519.2936762131469
535   519.2936762131469
536   519.2936762131469
537   519.2936762131469
538   519.2936762131469
539   519.2936762131469
540   519.2936762131469
541   519.2936762131469
542   519.2936762131469
543   519.2936762131469
544   519.2936762131469
545   519.2936762131469
546   519.2936762131469
547   519.2936762131469
548   519.2936762131469
549   519.2936762131469
550   519.2936762131469
551   519.2936762131469
552   519.2936762131469
553   519.2936762131469
554   519.2936762131469
555   519.2936762131469
556   519.2936762131469
557   519.2936762131469
558   519.2936762131469
559   519.2936762131469
560   519.2936762131469
561   519.2936762131469
562   519.2936762131469
563   519.2936762131469
564   519.2936762131469
565   519.2936762131469
566   519.2936762131469
567   519.2936762131469
568   519.2936762131469
569   519.2936762131469
570   519.2936762131469
571   519.2936762131469
572   519.2936762131469
573   519.2936762131469
574   519.2936762131469
575   519.2936762131469
576   519.2936762131469
577   519.2936762131469
578   519.2936762131469
579   519.2936762131469
580   519.2936762131469
581   519.2936762131469
582   519.2936762131469
583   519.2936762131469
584   519.2936762131469
585   519.2936762131469
586   519.2936762131469
587   519.2936762131469
588   519.2936762131469
589   519.2936762131469
590   519.2936762131469
591   519.2936762131469
592   519.2936762131469
593   519.2936762131469
594   519.2936762131469
595   519.2936762131469
596   519.2936762131469
597   519.2936762131469
598   519.2936762131469
599   519.2936762131469
600   519.2936762131469
601   519.2936762131469
602   519.2936762131469
603   519.2936762131469
604   519.2936762131469
605   519.2936762131469
606   519.2936762131469
607   519.2936762131469
608   519.2936762131469
609   519.2936762131469
610   519.2936762131469
611   519.2936762131469
612   519.2936762131469
613   519.2936762131469
614   519.2936762131469
615   519.2936762131469
616   519.2936762131469
617   519.2936762131469
618   519.2936762131469
619   519.2936762131469
620   519.2936762131469
621   519.2936762131469
622   519.2936762131469
623   519.2936762131469
624   519.2936762131469
625   519.2936762131469
626   519.2936762131469
627   519.2936762131469
628   519.2936762131469
629   519.2936762131469
630   519.2936762131469
631   519.2936762131469
632   519.2936762131469
633   519.2936762131469
634   519.2936762131469
635   519.2936762131469
636   519.2936762131469
637   519.2936762131469
638   519.2936762131469
639   519.2936762131469
640   519.2936762131469
641   519.2936762131469
642   519.2936762131469
643   519.2936762131469
644   519.2936762131469
645   519.2936762131469
646   519.2936762131469
647   519.2936762131469
648   519.2936762131469
649   519.2936762131469
650   519.2936762131469
651   519.2936762131469
652   519.2936762131469
653   519.2936762131469
654   519.2936762131469
655   519.2936762131469
656   519.2936762131469
657   519.2936762131469
658   519.2936762131469
659   519.2936762131469
660   519.2936762131469
661   519.2936762131469
662   519.2936762131469
663   519.2936762131469
664   519.2936762131469
665   519.2936762131469
666   519.2936762131469
667   519.2936762131469
668   519.2936762131469
669   519.2936762131469
670   519.2936762131469
671   519.2936762131469
672   519.2936762131469
673   519.2936762131469
674   519.2936762131469
675   519.2936762131469
676   519.2936762131469
677   519.2936762131469
678   519.2936762131469
679   519.2936762131469
680   519.2936762131469
681   519.2936762131469
682   519.2936762131469
683   519.2936762131469
684   519.2936762131469
685   519.2936762131469
686   519.2936762131469
687   519.2936762131469
688   519.2936762131469
689   519.2936762131469
690   519.2936762131469
691   519.2936762131469
692   519.2936762131469
693   519.2936762131469
694   519.2936762131469
695   519.2936762131469
696   519.2936762131469
697   519.2936762131469
698   519.2936762131469
699   519.2936762131469
700   519.2936762131469
701   519.2936762131469
702   519.2936762131469
703   519.2936762131469
704   519.2936762131469
705   519.2936762131469
706   519.2936762131469
707   519.2936762131469
708   519.2936762131469
709   519.2936762131469
710   519.2936762131469
711   519.2936762131469
712   519.2936762131469
713   519.2936762131469
714   519.2936762131469
715   519.2936762131469
716   519.2936762131469
717   519.2936762131469
718   519.2936762131469
719   519.2936762131469
720   519.2936762131469
721   519.2936762131469
722   519.2936762131469
723   519.2936762131469
724   519.2936762131469
725   519.2936762131469
726   519.2936762131469
727   519.2936762131469
728   519.2936762131469
729   519.2936762131469
730   519.2936762131469
731   519.2936762131469
732   519.2936762131469
733   519.2936762131469
734   519.2936762131469
735   519.2936762131469
736   519.2936762131469
737   519.2936762131469
738   519.2936762131469
739   519.2936762131469
740   519.2936762131469
741   519.2936762131469
742   519.2936762131469
743   519.2936762131469
744   519.2936762131469
745   519.2936762131469
746   519.2936762131469
747   519.2936762131469
748   519.2936762131469
749   519.2936762131469
750   519.2936762131469
751   519.2936762131469
752   519.2936762131469
753   519.2936762131469
754   519.2936762131469
755   519.2936762131469
756   519.2936762131469
757   519.2936762131469
758   519.2936762131469
759   519.2936762131469
760   519.2936762131469
761   519.2936762131469
762   519.2936762131469
763   519.2936762131469
764   519.2936762131469
765   519.2936762131469
766   519.2936762131469
767   519.2936762131469
768   519.2936762131469
769   519.2936762131469
770   519.2936762131469
771   519.2936762131469
772   519.2936762131469
773   519.2936762131469
774   519.2936762131469
775   519.2936762131469
776   519.2936762131469
777   519.2936762131469
778   519.2936762131469
779   519.2936762131469
780   519.2936762131469
781   519.2936762131469
782   519.2936762131469
783   519.2936762131469
784   519.2936762131469
785   519.2936762131469
786   519.2936762131469
787   519.2936762131469
788   519.2936762131469
789   519.2936762131469
790   519.2936762131469
791   519.2936762131469
792   519.2936762131469
793   519.2936762131469
794   519.2936762131469
795   519.2936762131469
796   519.2936762131469
797   519.2936762131469
798   519.2936762131469
799   519.2936762131469
800   519.2936762131469
801   519.2936762131469
802   519.2936762131469
803   519.2936762131469
804   519.2936762131469
805   519.2936762131469
806   519.2936762131469
807   519.2936762131469
808   519.2936762131469
809   519.2936762131469
810   519.2936762131469
811   519.2936762131469
812   519.2936762131469
813   519.2936762131469
814   519.2936762131469
815   519.2936762131469
816   519.2936762131469
817   519.2936762131469
818   519.2936762131469
819   519.2936762131469
820   519.2936762131469
821   519.2936762131469
822   519.2936762131469
823   519.2936762131469
824   519.2936762131469
825   519.2936762131469
826   519.2936762131469
827   519.2936762131469
828   519.2936762131469
829   519.2936762131469
830   519.2936762131469
831   519.2936762131469
832   519.2936762131469
833   519.2936762131469
834   519.2936762131469
835   519.2936762131469
836   519.2936762131469
837   519.2936762131469
838   519.2936762131469
839   519.2936762131469
840   519.2936762131469
841   519.2936762131469
842   519.2936762131469
843   519.2936762131469
844   519.2936762131469
845   519.2936762131469
846   519.2936762131469
847   519.2936762131469
848   519.2936762131469
849   519.2936762131469
850   519.2936762131469
851   519.2936762131469
852   519.2936762131469
853   519.2936762131469
854   519.2936762131469
855   519.2936762131469
856   519.2936762131469
857   519.2936762131469
858   519.2936762131469
859   519.2936762131469
860   519.2936762131469
861   519.2936762131469
862   519.2936762131469
863   519.2936762131469
864   519.2936762131469
865   519.2936762131469
866   519.2936762131469
867   519.2936762131469
868   519.2936762131469
869   519.2936762131469
870   519.2936762131469
871   519.2936762131469
872   519.2936762131469
873   519.2936762131469
874   519.2936762131469
875   519.2936762131469
876   519.2936762131469
877   519.2936762131469
878   519.2936762131469
879   519.2936762131469
880   519.2936762131469
881   519.2936762131469
882   519.2936762131469
883   519.2936762131469
884   519.2936762131469
885   519.2936762131469
886   519.2936762131469
887   519.2936762131469
888   519.2936762131469
889   519.2936762131469
890   519.2936762131469
891   519.2936762131469
892   519.2936762131469
893   519.2936762131469
894   519.2936762131469
895   519.2936762131469
896   519.2936762131469
897   519.2936762131469
898   519.2936762131469
899   519.2936762131469
900   519.2936762131469
901   519.2936762131469
902   519.2936762131469
903   519.2936762131469
904   519.2936762131469
905   519.2936762131469
906   519.2936762131469
907   519.2936762131469
908   519.2936762131469
909   519.2936762131469
910   519.2936762131469
911   519.2936762131469
912   519.2936762131469
913   519.2936762131469
914   519.2936762131469
915   519.2936762131469
916   519.2936762131469
917   519.2936762131469
918   519.2936762131469
919   519.2936762131469
920   519.2936762131469
921   519.2936762131469
922   519.2936762131469
923   519.2936762131469
924   519.2936762131469
925   519.2936762131469
926   519.2936762131469
927   519.2936762131469
928   519.2936762131469
929   519.2936762131469
930   519.2936762131469
931   519.2936762131469
932   519.2936762131469
933   519.2936762131469
934   519.2936762131469
935   519.2936762131469
936   519.2936762131469
937   519.2936762131469
938   519.2936762131469
939   519.2936762131469
940   519.2936762131469
941   519.2936762131469
942   519.2936762131469
943   519.2936762131469
944   519.2936762131469
945   519.2936762131469
946   519.2936762131469
947   519.2936762131469
948   519.2936762131469
949   519.2936762131469
950   519.2936762131469
951   519.2936762131469
952   519.2936762131469
953   519.2936762131469
954   519.2936762131469
955   519.2936762131469
956   519.2936762131469
957   519.2936762131469
958   519.2936762131469
959   519.2936762131469
960   519.2936762131469
961   519.2936762131469
962   519.2936762131469
963   519.2936762131469
964   519.2936762131469
965   519.2936762131469
966   519.2936762131469
967   519.2936762131469
968   519.2936762131469
969   519.2936762131469
970   519.2936762131469
971   519.2936762131469
972   519.2936762131469
973   519.2936762131469
974   519.2936762131469
975   519.2936762131469
976   519.2936762131469
977   519.2936762131469
978   519.2936762131469
979   519.2936762131469
980   519.2936762131469
981   519.2936762131469
982   519.2936762131469
983   519.2936762131469
984   519.2936762131469
985   519.2936762131469
986   519.2936762131469
987   519.2936762131469
988   519.2936762131469
989   519.2936762131469
990   519.2936762131469
991   519.2936762131469
992   519.2936762131469
993   519.2936762131469
994   519.2936762131469
995   519.2936762131469
996   519.2936762131469
997   519.2936762131469
998   519.2936762131469
999   519.2936762131469
