1   321.85761259331923
2   285.33137006905145
3   285.33137006905145
4   242.0963536928488
5   242.0963536928488
6   242.0963536928488
7   242.0963536928488
8   242.0963536928488
9   242.0963536928488
10   242.0963536928488
11   242.0963536928488
12   242.0963536928488
13   242.0963536928488
14   242.0963536928488
15   242.0963536928488
16   242.0963536928488
17   242.0963536928488
18   242.0963536928488
19   242.0963536928488
20   242.0963536928488
21   242.0963536928488
22   242.0963536928488
23   242.0963536928488
24   242.0963536928488
25   242.0963536928488
26   242.0963536928488
27   242.0963536928488
28   242.0963536928488
29   242.0963536928488
30   242.0963536928488
31   242.0963536928488
32   242.0963536928488
33   242.0963536928488
34   242.0963536928488
35   242.0963536928488
36   242.0963536928488
37   242.0963536928488
38   242.0963536928488
39   242.0963536928488
40   242.0963536928488
41   242.0963536928488
42   242.0963536928488
43   242.0963536928488
44   242.0963536928488
45   242.0963536928488
46   242.0963536928488
47   242.0963536928488
48   242.0963536928488
49   242.0963536928488
50   242.0963536928488
51   242.0963536928488
52   242.0963536928488
53   242.0963536928488
54   242.0963536928488
55   242.0963536928488
56   242.0963536928488
57   242.0963536928488
58   242.0963536928488
59   242.0963536928488
60   242.0963536928488
61   242.0963536928488
62   242.0963536928488
63   242.0963536928488
64   242.0963536928488
65   242.0963536928488
66   242.0963536928488
67   242.0963536928488
68   242.0963536928488
69   242.0963536928488
70   242.0963536928488
71   242.0963536928488
72   242.0963536928488
73   242.0963536928488
74   242.0963536928488
75   242.0963536928488
76   242.0963536928488
77   242.0963536928488
78   242.0963536928488
79   242.0963536928488
80   242.0963536928488
81   242.0963536928488
82   242.0963536928488
83   242.0963536928488
84   242.0963536928488
85   242.0963536928488
86   242.0963536928488
87   242.0963536928488
88   242.0963536928488
89   242.0963536928488
90   242.0963536928488
91   242.0963536928488
92   242.0963536928488
93   242.0963536928488
94   242.0963536928488
95   242.0963536928488
96   242.0963536928488
97   242.0963536928488
98   242.0963536928488
99   242.0963536928488
100   242.0963536928488
101   242.0963536928488
102   242.0963536928488
103   242.0963536928488
104   242.0963536928488
105   242.0963536928488
106   242.0963536928488
107   242.0963536928488
108   242.0963536928488
109   242.0963536928488
110   242.0963536928488
111   242.0963536928488
112   242.0963536928488
113   242.0963536928488
114   242.0963536928488
115   242.0963536928488
116   242.0963536928488
117   242.0963536928488
118   242.0963536928488
119   242.0963536928488
120   242.0963536928488
121   242.0963536928488
122   242.0963536928488
123   242.0963536928488
124   242.0963536928488
125   242.0963536928488
126   242.0963536928488
127   242.0963536928488
128   242.0963536928488
129   242.0963536928488
130   242.0963536928488
131   242.0963536928488
132   242.0963536928488
133   242.0963536928488
134   242.0963536928488
135   242.0963536928488
136   242.0963536928488
137   242.0963536928488
138   242.0963536928488
139   242.0963536928488
140   242.0963536928488
141   242.0963536928488
142   242.0963536928488
143   242.0963536928488
144   242.0963536928488
145   242.0963536928488
146   242.0963536928488
147   242.0963536928488
148   242.0963536928488
149   242.0963536928488
150   242.0963536928488
151   242.0963536928488
152   242.0963536928488
153   242.0963536928488
154   242.0963536928488
155   242.0963536928488
156   242.0963536928488
157   242.0963536928488
158   242.0963536928488
159   242.0963536928488
160   242.0963536928488
161   242.0963536928488
162   242.0963536928488
163   242.0963536928488
164   242.0963536928488
165   242.0963536928488
166   242.0963536928488
167   242.0963536928488
168   242.0963536928488
169   242.0963536928488
170   242.0963536928488
171   242.0963536928488
172   242.0963536928488
173   242.0963536928488
174   242.0963536928488
175   242.0963536928488
176   242.0963536928488
177   242.0963536928488
178   242.0963536928488
179   242.0963536928488
180   242.0963536928488
181   242.0963536928488
182   242.0963536928488
183   242.0963536928488
184   242.0963536928488
185   242.0963536928488
186   242.0963536928488
187   242.0963536928488
188   242.0963536928488
189   242.0963536928488
190   242.0963536928488
191   242.0963536928488
192   242.0963536928488
193   242.0963536928488
194   242.0963536928488
195   242.0963536928488
196   242.0963536928488
197   242.0963536928488
198   242.0963536928488
199   242.0963536928488
200   242.0963536928488
201   242.0963536928488
202   242.0963536928488
203   242.0963536928488
204   242.0963536928488
205   242.0963536928488
206   242.0963536928488
207   242.0963536928488
208   242.0963536928488
209   242.0963536928488
210   242.0963536928488
211   242.0963536928488
212   242.0963536928488
213   242.0963536928488
214   242.0963536928488
215   242.0963536928488
216   242.0963536928488
217   242.0963536928488
218   242.0963536928488
219   242.0963536928488
220   242.0963536928488
221   242.0963536928488
222   242.0963536928488
223   242.0963536928488
224   242.0963536928488
225   242.0963536928488
226   242.0963536928488
227   242.0963536928488
228   242.0963536928488
229   242.0963536928488
230   242.0963536928488
231   242.0963536928488
232   242.0963536928488
233   242.0963536928488
234   242.0963536928488
235   242.0963536928488
236   242.0963536928488
237   242.0963536928488
238   242.0963536928488
239   242.0963536928488
240   242.0963536928488
241   242.0963536928488
242   242.0963536928488
243   242.0963536928488
244   242.0963536928488
245   242.0963536928488
246   242.0963536928488
247   242.0963536928488
248   242.0963536928488
249   242.0963536928488
250   242.0963536928488
251   242.0963536928488
252   242.0963536928488
253   242.0963536928488
254   242.0963536928488
255   242.0963536928488
256   242.0963536928488
257   242.0963536928488
258   242.0963536928488
259   242.0963536928488
260   242.0963536928488
261   242.0963536928488
262   242.0963536928488
263   242.0963536928488
264   242.0963536928488
265   242.0963536928488
266   242.0963536928488
267   242.0963536928488
268   242.0963536928488
269   242.0963536928488
270   242.0963536928488
271   242.0963536928488
272   242.0963536928488
273   242.0963536928488
274   242.0963536928488
275   242.0963536928488
276   242.0963536928488
277   242.0963536928488
278   242.0963536928488
279   242.0963536928488
280   242.0963536928488
281   242.0963536928488
282   242.0963536928488
283   242.0963536928488
284   242.0963536928488
285   242.0963536928488
286   242.0963536928488
287   242.0963536928488
288   242.0963536928488
289   242.0963536928488
290   242.0963536928488
291   242.0963536928488
292   242.0963536928488
293   242.0963536928488
294   242.0963536928488
295   242.0963536928488
296   242.0963536928488
297   242.0963536928488
298   242.0963536928488
299   242.0963536928488
300   242.0963536928488
301   242.0963536928488
302   242.0963536928488
303   242.0963536928488
304   242.0963536928488
305   242.0963536928488
306   242.0963536928488
307   242.0963536928488
308   242.0963536928488
309   242.0963536928488
310   242.0963536928488
311   242.0963536928488
312   242.0963536928488
313   242.0963536928488
314   242.0963536928488
315   242.0963536928488
316   242.0963536928488
317   242.0963536928488
318   242.0963536928488
319   242.0963536928488
320   242.0963536928488
321   242.0963536928488
322   242.0963536928488
323   242.0963536928488
324   242.0963536928488
325   242.0963536928488
326   242.0963536928488
327   242.0963536928488
328   242.0963536928488
329   242.0963536928488
330   242.0963536928488
331   242.0963536928488
332   242.0963536928488
333   242.0963536928488
334   242.0963536928488
335   242.0963536928488
336   242.0963536928488
337   242.0963536928488
338   242.0963536928488
339   242.0963536928488
340   242.0963536928488
341   242.0963536928488
342   242.0963536928488
343   242.0963536928488
344   242.0963536928488
345   242.0963536928488
346   242.0963536928488
347   242.0963536928488
348   242.0963536928488
349   242.0963536928488
350   242.0963536928488
351   242.0963536928488
352   242.0963536928488
353   242.0963536928488
354   242.0963536928488
355   242.0963536928488
356   242.0963536928488
357   242.0963536928488
358   242.0963536928488
359   242.0963536928488
360   242.0963536928488
361   242.0963536928488
362   242.0963536928488
363   242.0963536928488
364   242.0963536928488
365   242.0963536928488
366   242.0963536928488
367   242.0963536928488
368   242.0963536928488
369   242.0963536928488
370   242.0963536928488
371   242.0963536928488
372   242.0963536928488
373   242.0963536928488
374   242.0963536928488
375   242.0963536928488
376   242.0963536928488
377   242.0963536928488
378   242.0963536928488
379   242.0963536928488
380   242.0963536928488
381   242.0963536928488
382   242.0963536928488
383   242.0963536928488
384   242.0963536928488
385   242.0963536928488
386   242.0963536928488
387   242.0963536928488
388   242.0963536928488
389   242.0963536928488
390   242.0963536928488
391   242.0963536928488
392   242.0963536928488
393   242.0963536928488
394   242.0963536928488
395   242.0963536928488
396   242.0963536928488
397   242.0963536928488
398   242.0963536928488
399   242.0963536928488
400   242.0963536928488
401   242.0963536928488
402   242.0963536928488
403   242.0963536928488
404   242.0963536928488
405   242.0963536928488
406   242.0963536928488
407   242.0963536928488
408   242.0963536928488
409   242.0963536928488
410   242.0963536928488
411   242.0963536928488
412   242.0963536928488
413   242.0963536928488
414   242.0963536928488
415   242.0963536928488
416   242.0963536928488
417   242.0963536928488
418   242.0963536928488
419   242.0963536928488
420   242.0963536928488
421   242.0963536928488
422   242.0963536928488
423   242.0963536928488
424   242.0963536928488
425   242.0963536928488
426   242.0963536928488
427   242.0963536928488
428   242.0963536928488
429   242.0963536928488
430   242.0963536928488
431   242.0963536928488
432   242.0963536928488
433   242.0963536928488
434   242.0963536928488
435   242.0963536928488
436   242.0963536928488
437   242.0963536928488
438   242.0963536928488
439   242.0963536928488
440   242.0963536928488
441   242.0963536928488
442   242.0963536928488
443   242.0963536928488
444   242.0963536928488
445   242.0963536928488
446   242.0963536928488
447   242.0963536928488
448   242.0963536928488
449   242.0963536928488
450   242.0963536928488
451   242.0963536928488
452   242.0963536928488
453   242.0963536928488
454   242.0963536928488
455   242.0963536928488
456   242.0963536928488
457   242.0963536928488
458   242.0963536928488
459   242.0963536928488
460   242.0963536928488
461   242.0963536928488
462   242.0963536928488
463   242.0963536928488
464   242.0963536928488
465   242.0963536928488
466   242.0963536928488
467   242.0963536928488
468   242.0963536928488
469   242.0963536928488
470   242.0963536928488
471   242.0963536928488
472   242.0963536928488
473   242.0963536928488
474   242.0963536928488
475   242.0963536928488
476   242.0963536928488
477   242.0963536928488
478   242.0963536928488
479   242.0963536928488
480   242.0963536928488
481   242.0963536928488
482   242.0963536928488
483   242.0963536928488
484   242.0963536928488
485   242.0963536928488
486   242.0963536928488
487   242.0963536928488
488   242.0963536928488
489   242.0963536928488
490   242.0963536928488
491   242.0963536928488
492   242.0963536928488
493   242.0963536928488
494   242.0963536928488
495   242.0963536928488
496   242.0963536928488
497   242.0963536928488
498   242.0963536928488
499   242.0963536928488
500   242.0963536928488
501   242.0963536928488
502   242.0963536928488
503   242.0963536928488
504   242.0963536928488
505   242.0963536928488
506   242.0963536928488
507   242.0963536928488
508   242.0963536928488
509   242.0963536928488
510   242.0963536928488
511   242.0963536928488
512   242.0963536928488
513   242.0963536928488
514   242.0963536928488
515   242.0963536928488
516   242.0963536928488
517   242.0963536928488
518   242.0963536928488
519   242.0963536928488
520   242.0963536928488
521   242.0963536928488
522   242.0963536928488
523   242.0963536928488
524   242.0963536928488
525   242.0963536928488
526   242.0963536928488
527   242.0963536928488
528   242.0963536928488
529   242.0963536928488
530   242.0963536928488
531   242.0963536928488
532   242.0963536928488
533   242.0963536928488
534   242.0963536928488
535   242.0963536928488
536   242.0963536928488
537   242.0963536928488
538   242.0963536928488
539   242.0963536928488
540   242.0963536928488
541   242.0963536928488
542   242.0963536928488
543   242.0963536928488
544   242.0963536928488
545   242.0963536928488
546   242.0963536928488
547   242.0963536928488
548   242.0963536928488
549   242.0963536928488
550   242.0963536928488
551   242.0963536928488
552   242.0963536928488
553   242.0963536928488
554   242.0963536928488
555   242.0963536928488
556   242.0963536928488
557   242.0963536928488
558   242.0963536928488
559   242.0963536928488
560   242.0963536928488
561   242.0963536928488
562   242.0963536928488
563   242.0963536928488
564   242.0963536928488
565   242.0963536928488
566   242.0963536928488
567   242.0963536928488
568   242.0963536928488
569   242.0963536928488
570   242.0963536928488
571   242.0963536928488
572   242.0963536928488
573   242.0963536928488
574   242.0963536928488
575   242.0963536928488
576   242.0963536928488
577   242.0963536928488
578   242.0963536928488
579   242.0963536928488
580   242.0963536928488
581   242.0963536928488
582   242.0963536928488
583   242.0963536928488
584   242.0963536928488
585   242.0963536928488
586   242.0963536928488
587   242.0963536928488
588   242.0963536928488
589   242.0963536928488
590   242.0963536928488
591   242.0963536928488
592   242.0963536928488
593   242.0963536928488
594   242.0963536928488
595   242.0963536928488
596   242.0963536928488
597   242.0963536928488
598   242.0963536928488
599   242.0963536928488
600   242.0963536928488
601   242.0963536928488
602   242.0963536928488
603   242.0963536928488
604   242.0963536928488
605   242.0963536928488
606   242.0963536928488
607   242.0963536928488
608   242.0963536928488
609   242.0963536928488
610   242.0963536928488
611   242.0963536928488
612   242.0963536928488
613   242.0963536928488
614   242.0963536928488
615   242.0963536928488
616   242.0963536928488
617   242.0963536928488
618   242.0963536928488
619   242.0963536928488
620   242.0963536928488
621   242.0963536928488
622   242.0963536928488
623   242.0963536928488
624   242.0963536928488
625   242.0963536928488
626   242.0963536928488
627   242.0963536928488
628   242.0963536928488
629   242.0963536928488
630   242.0963536928488
631   242.0963536928488
632   242.0963536928488
633   242.0963536928488
634   242.0963536928488
635   242.0963536928488
636   242.0963536928488
637   242.0963536928488
638   242.0963536928488
639   242.0963536928488
640   242.0963536928488
641   242.0963536928488
642   242.0963536928488
643   242.0963536928488
644   242.0963536928488
645   242.0963536928488
646   242.0963536928488
647   242.0963536928488
648   242.0963536928488
649   242.0963536928488
650   242.0963536928488
651   242.0963536928488
652   242.0963536928488
653   242.0963536928488
654   242.0963536928488
655   242.0963536928488
656   242.0963536928488
657   242.0963536928488
658   242.0963536928488
659   242.0963536928488
660   242.0963536928488
661   242.0963536928488
662   242.0963536928488
663   242.0963536928488
664   242.0963536928488
665   242.0963536928488
666   242.0963536928488
667   242.0963536928488
668   242.0963536928488
669   242.0963536928488
670   242.0963536928488
671   242.0963536928488
672   242.0963536928488
673   242.0963536928488
674   242.0963536928488
675   242.0963536928488
676   242.0963536928488
677   242.0963536928488
678   242.0963536928488
679   242.0963536928488
680   242.0963536928488
681   242.0963536928488
682   242.0963536928488
683   242.0963536928488
684   242.0963536928488
685   242.0963536928488
686   242.0963536928488
687   242.0963536928488
688   242.0963536928488
689   242.0963536928488
690   242.0963536928488
691   242.0963536928488
692   242.0963536928488
693   242.0963536928488
694   242.0963536928488
695   242.0963536928488
696   242.0963536928488
697   242.0963536928488
698   242.0963536928488
699   242.0963536928488
700   242.0963536928488
701   242.0963536928488
702   242.0963536928488
703   242.0963536928488
704   242.0963536928488
705   242.0963536928488
706   242.0963536928488
707   242.0963536928488
708   242.0963536928488
709   242.0963536928488
710   242.0963536928488
711   242.0963536928488
712   242.0963536928488
713   242.0963536928488
714   242.0963536928488
715   242.0963536928488
716   242.0963536928488
717   242.0963536928488
718   242.0963536928488
719   242.0963536928488
720   242.0963536928488
721   242.0963536928488
722   242.0963536928488
723   242.0963536928488
724   242.0963536928488
725   242.0963536928488
726   242.0963536928488
727   242.0963536928488
728   242.0963536928488
729   242.0963536928488
730   242.0963536928488
731   242.0963536928488
732   242.0963536928488
733   242.0963536928488
734   242.0963536928488
735   242.0963536928488
736   242.0963536928488
737   242.0963536928488
738   242.0963536928488
739   242.0963536928488
740   242.0963536928488
741   242.0963536928488
742   242.0963536928488
743   242.0963536928488
744   242.0963536928488
745   242.0963536928488
746   242.0963536928488
747   242.0963536928488
748   242.0963536928488
749   242.0963536928488
750   242.0963536928488
751   242.0963536928488
752   242.0963536928488
753   242.0963536928488
754   242.0963536928488
755   242.0963536928488
756   242.0963536928488
757   242.0963536928488
758   242.0963536928488
759   242.0963536928488
760   242.0963536928488
761   242.0963536928488
762   242.0963536928488
763   242.0963536928488
764   242.0963536928488
765   242.0963536928488
766   242.0963536928488
767   242.0963536928488
768   242.0963536928488
769   242.0963536928488
770   242.0963536928488
771   242.0963536928488
772   242.0963536928488
773   242.0963536928488
774   242.0963536928488
775   242.0963536928488
776   242.0963536928488
777   242.0963536928488
778   242.0963536928488
779   242.0963536928488
780   242.0963536928488
781   242.0963536928488
782   242.0963536928488
783   242.0963536928488
784   242.0963536928488
785   242.0963536928488
786   242.0963536928488
787   242.0963536928488
788   242.0963536928488
789   242.0963536928488
790   242.0963536928488
791   242.0963536928488
792   242.0963536928488
793   242.0963536928488
794   242.0963536928488
795   242.0963536928488
796   242.0963536928488
797   242.0963536928488
798   242.0963536928488
799   242.0963536928488
800   242.0963536928488
801   242.0963536928488
802   242.0963536928488
803   242.0963536928488
804   242.0963536928488
805   242.0963536928488
806   242.0963536928488
807   242.0963536928488
808   242.0963536928488
809   242.0963536928488
810   242.0963536928488
811   242.0963536928488
812   242.0963536928488
813   242.0963536928488
814   242.0963536928488
815   242.0963536928488
816   242.0963536928488
817   242.0963536928488
818   242.0963536928488
819   242.0963536928488
820   242.0963536928488
821   242.0963536928488
822   242.0963536928488
823   242.0963536928488
824   242.0963536928488
825   242.0963536928488
826   242.0963536928488
827   242.0963536928488
828   242.0963536928488
829   242.0963536928488
830   242.0963536928488
831   242.0963536928488
832   242.0963536928488
833   242.0963536928488
834   242.0963536928488
835   242.0963536928488
836   242.0963536928488
837   242.0963536928488
838   242.0963536928488
839   242.0963536928488
840   242.0963536928488
841   242.0963536928488
842   242.0963536928488
843   242.0963536928488
844   242.0963536928488
845   242.0963536928488
846   242.0963536928488
847   242.0963536928488
848   242.0963536928488
849   242.0963536928488
850   242.0963536928488
851   242.0963536928488
852   242.0963536928488
853   242.0963536928488
854   242.0963536928488
855   242.0963536928488
856   242.0963536928488
857   242.0963536928488
858   242.0963536928488
859   242.0963536928488
860   242.0963536928488
861   242.0963536928488
862   242.0963536928488
863   242.0963536928488
864   242.0963536928488
865   242.0963536928488
866   242.0963536928488
867   242.0963536928488
868   242.0963536928488
869   242.0963536928488
870   242.0963536928488
871   242.0963536928488
872   242.0963536928488
873   242.0963536928488
874   242.0963536928488
875   242.0963536928488
876   242.0963536928488
877   242.0963536928488
878   242.0963536928488
879   242.0963536928488
880   242.0963536928488
881   242.0963536928488
882   242.0963536928488
883   242.0963536928488
884   242.0963536928488
885   242.0963536928488
886   242.0963536928488
887   242.0963536928488
888   242.0963536928488
889   242.0963536928488
890   242.0963536928488
891   242.0963536928488
892   242.0963536928488
893   242.0963536928488
894   242.0963536928488
895   242.0963536928488
896   242.0963536928488
897   242.0963536928488
898   242.0963536928488
899   242.0963536928488
900   242.0963536928488
901   242.0963536928488
902   242.0963536928488
903   242.0963536928488
904   242.0963536928488
905   242.0963536928488
906   242.0963536928488
907   242.0963536928488
908   242.0963536928488
909   242.0963536928488
910   242.0963536928488
911   242.0963536928488
912   242.0963536928488
913   242.0963536928488
914   242.0963536928488
915   242.0963536928488
916   242.0963536928488
917   242.0963536928488
918   242.0963536928488
919   242.0963536928488
920   242.0963536928488
921   242.0963536928488
922   242.0963536928488
923   242.0963536928488
924   242.0963536928488
925   242.0963536928488
926   242.0963536928488
927   242.0963536928488
928   242.0963536928488
929   242.0963536928488
930   242.0963536928488
931   242.0963536928488
932   242.0963536928488
933   242.0963536928488
934   242.0963536928488
935   242.0963536928488
936   242.0963536928488
937   242.0963536928488
938   242.0963536928488
939   242.0963536928488
940   242.0963536928488
941   242.0963536928488
942   242.0963536928488
943   242.0963536928488
944   242.0963536928488
945   242.0963536928488
946   242.0963536928488
947   242.0963536928488
948   242.0963536928488
949   242.0963536928488
950   242.0963536928488
951   242.0963536928488
952   242.0963536928488
953   242.0963536928488
954   242.0963536928488
955   242.0963536928488
956   242.0963536928488
957   242.0963536928488
958   242.0963536928488
959   242.0963536928488
960   242.0963536928488
961   242.0963536928488
962   242.0963536928488
963   242.0963536928488
964   242.0963536928488
965   242.0963536928488
966   242.0963536928488
967   242.0963536928488
968   242.0963536928488
969   242.0963536928488
970   242.0963536928488
971   242.0963536928488
972   242.0963536928488
973   242.0963536928488
974   242.0963536928488
975   242.0963536928488
976   242.0963536928488
977   242.0963536928488
978   242.0963536928488
979   242.0963536928488
980   242.0963536928488
981   242.0963536928488
982   242.0963536928488
983   242.0963536928488
984   242.0963536928488
985   242.0963536928488
986   242.0963536928488
987   242.0963536928488
988   242.0963536928488
989   242.0963536928488
990   242.0963536928488
991   242.0963536928488
992   242.0963536928488
993   242.0963536928488
994   242.0963536928488
995   242.0963536928488
996   242.0963536928488
997   242.0963536928488
998   242.0963536928488
999   242.0963536928488
