1   439.2347010059631
2   439.2347010059631
3   439.2347010059631
4   439.2347010059631
5   439.2347010059631
6   439.2347010059631
7   439.2347010059631
8   439.2347010059631
9   439.2347010059631
10   439.2347010059631
11   439.2347010059631
12   439.2347010059631
13   389.13371387698515
14   389.13371387698515
15   389.13371387698515
16   389.13371387698515
17   389.13371387698515
18   389.13371387698515
19   389.13371387698515
20   389.13371387698515
21   389.13371387698515
22   389.13371387698515
23   389.13371387698515
24   389.13371387698515
25   389.13371387698515
26   389.13371387698515
27   389.13371387698515
28   389.13371387698515
29   389.13371387698515
30   389.13371387698515
31   389.13371387698515
32   389.13371387698515
33   389.13371387698515
34   389.13371387698515
35   389.13371387698515
36   389.13371387698515
37   389.13371387698515
38   389.13371387698515
39   389.13371387698515
40   389.13371387698515
41   389.13371387698515
42   389.13371387698515
43   389.13371387698515
44   389.13371387698515
45   389.13371387698515
46   389.13371387698515
47   389.13371387698515
48   389.13371387698515
49   389.13371387698515
50   389.13371387698515
51   389.13371387698515
52   389.13371387698515
53   389.13371387698515
54   389.13371387698515
55   389.13371387698515
56   389.13371387698515
57   389.13371387698515
58   389.13371387698515
59   389.13371387698515
60   389.13371387698515
61   389.13371387698515
62   389.13371387698515
63   389.13371387698515
64   389.13371387698515
65   389.13371387698515
66   389.13371387698515
67   389.13371387698515
68   389.13371387698515
69   389.13371387698515
70   389.13371387698515
71   389.13371387698515
72   389.13371387698515
73   389.13371387698515
74   389.13371387698515
75   389.13371387698515
76   389.13371387698515
77   389.13371387698515
78   389.13371387698515
79   389.13371387698515
80   389.13371387698515
81   389.13371387698515
82   389.13371387698515
83   389.13371387698515
84   389.13371387698515
85   389.13371387698515
86   389.13371387698515
87   389.13371387698515
88   389.13371387698515
89   389.13371387698515
90   389.13371387698515
91   389.13371387698515
92   389.13371387698515
93   389.13371387698515
94   389.13371387698515
95   389.13371387698515
96   389.13371387698515
97   389.13371387698515
98   389.13371387698515
99   389.13371387698515
100   389.13371387698515
101   389.13371387698515
102   389.13371387698515
103   389.13371387698515
104   389.13371387698515
105   389.13371387698515
106   389.13371387698515
107   389.13371387698515
108   389.13371387698515
109   389.13371387698515
110   389.13371387698515
111   389.13371387698515
112   389.13371387698515
113   389.13371387698515
114   389.13371387698515
115   389.13371387698515
116   389.13371387698515
117   389.13371387698515
118   389.13371387698515
119   389.13371387698515
120   389.13371387698515
121   389.13371387698515
122   389.13371387698515
123   389.13371387698515
124   389.13371387698515
125   389.13371387698515
126   389.13371387698515
127   389.13371387698515
128   389.13371387698515
129   389.13371387698515
130   389.13371387698515
131   389.13371387698515
132   389.13371387698515
133   389.13371387698515
134   389.13371387698515
135   389.13371387698515
136   389.13371387698515
137   389.13371387698515
138   389.13371387698515
139   389.13371387698515
140   389.13371387698515
141   389.13371387698515
142   389.13371387698515
143   389.13371387698515
144   389.13371387698515
145   389.13371387698515
146   389.13371387698515
147   389.13371387698515
148   389.13371387698515
149   389.13371387698515
150   389.13371387698515
151   389.13371387698515
152   389.13371387698515
153   389.13371387698515
154   389.13371387698515
155   389.13371387698515
156   389.13371387698515
157   389.13371387698515
158   389.13371387698515
159   389.13371387698515
160   389.13371387698515
161   389.13371387698515
162   389.13371387698515
163   389.13371387698515
164   389.13371387698515
165   389.13371387698515
166   389.13371387698515
167   389.13371387698515
168   389.13371387698515
169   389.13371387698515
170   389.13371387698515
171   389.13371387698515
172   389.13371387698515
173   389.13371387698515
174   389.13371387698515
175   389.13371387698515
176   389.13371387698515
177   389.13371387698515
178   389.13371387698515
179   389.13371387698515
180   389.13371387698515
181   389.13371387698515
182   389.13371387698515
183   389.13371387698515
184   389.13371387698515
185   389.13371387698515
186   389.13371387698515
187   389.13371387698515
188   389.13371387698515
189   389.13371387698515
190   389.13371387698515
191   389.13371387698515
192   389.13371387698515
193   389.13371387698515
194   389.13371387698515
195   389.13371387698515
196   389.13371387698515
197   389.13371387698515
198   389.13371387698515
199   389.13371387698515
200   389.13371387698515
201   389.13371387698515
202   389.13371387698515
203   389.13371387698515
204   389.13371387698515
205   389.13371387698515
206   389.13371387698515
207   389.13371387698515
208   389.13371387698515
209   389.13371387698515
210   389.13371387698515
211   389.13371387698515
212   389.13371387698515
213   389.13371387698515
214   389.13371387698515
215   389.13371387698515
216   389.13371387698515
217   389.13371387698515
218   389.13371387698515
219   389.13371387698515
220   389.13371387698515
221   389.13371387698515
222   389.13371387698515
223   389.13371387698515
224   389.13371387698515
225   389.13371387698515
226   389.13371387698515
227   389.13371387698515
228   389.13371387698515
229   389.13371387698515
230   389.13371387698515
231   389.13371387698515
232   389.13371387698515
233   389.13371387698515
234   389.13371387698515
235   389.13371387698515
236   389.13371387698515
237   389.13371387698515
238   389.13371387698515
239   389.13371387698515
240   389.13371387698515
241   389.13371387698515
242   389.13371387698515
243   389.13371387698515
244   389.13371387698515
245   389.13371387698515
246   389.13371387698515
247   389.13371387698515
248   389.13371387698515
249   389.13371387698515
250   389.13371387698515
251   389.13371387698515
252   389.13371387698515
253   389.13371387698515
254   389.13371387698515
255   389.13371387698515
256   389.13371387698515
257   389.13371387698515
258   389.13371387698515
259   389.13371387698515
260   389.13371387698515
261   389.13371387698515
262   389.13371387698515
263   389.13371387698515
264   389.13371387698515
265   389.13371387698515
266   389.13371387698515
267   389.13371387698515
268   389.13371387698515
269   389.13371387698515
270   389.13371387698515
271   389.13371387698515
272   389.13371387698515
273   389.13371387698515
274   389.13371387698515
275   389.13371387698515
276   389.13371387698515
277   389.13371387698515
278   389.13371387698515
279   389.13371387698515
280   389.13371387698515
281   389.13371387698515
282   389.13371387698515
283   389.13371387698515
284   389.13371387698515
285   389.13371387698515
286   389.13371387698515
287   389.13371387698515
288   389.13371387698515
289   389.13371387698515
290   389.13371387698515
291   389.13371387698515
292   389.13371387698515
293   389.13371387698515
294   389.13371387698515
295   389.13371387698515
296   389.13371387698515
297   389.13371387698515
298   389.13371387698515
299   389.13371387698515
300   389.13371387698515
301   389.13371387698515
302   389.13371387698515
303   389.13371387698515
304   389.13371387698515
305   389.13371387698515
306   389.13371387698515
307   389.13371387698515
308   389.13371387698515
309   389.13371387698515
310   389.13371387698515
311   389.13371387698515
312   389.13371387698515
313   389.13371387698515
314   389.13371387698515
315   389.13371387698515
316   389.13371387698515
317   389.13371387698515
318   389.13371387698515
319   389.13371387698515
320   389.13371387698515
321   389.13371387698515
322   389.13371387698515
323   389.13371387698515
324   389.13371387698515
325   389.13371387698515
326   389.13371387698515
327   389.13371387698515
328   389.13371387698515
329   389.13371387698515
330   389.13371387698515
331   389.13371387698515
332   389.13371387698515
333   389.13371387698515
334   389.13371387698515
335   389.13371387698515
336   389.13371387698515
337   389.13371387698515
338   389.13371387698515
339   389.13371387698515
340   389.13371387698515
341   389.13371387698515
342   389.13371387698515
343   389.13371387698515
344   389.13371387698515
345   389.13371387698515
346   389.13371387698515
347   389.13371387698515
348   389.13371387698515
349   389.13371387698515
350   389.13371387698515
351   389.13371387698515
352   389.13371387698515
353   389.13371387698515
354   389.13371387698515
355   389.13371387698515
356   389.13371387698515
357   389.13371387698515
358   389.13371387698515
359   389.13371387698515
360   389.13371387698515
361   389.13371387698515
362   389.13371387698515
363   389.13371387698515
364   389.13371387698515
365   389.13371387698515
366   389.13371387698515
367   389.13371387698515
368   389.13371387698515
369   389.13371387698515
370   389.13371387698515
371   389.13371387698515
372   389.13371387698515
373   389.13371387698515
374   389.13371387698515
375   389.13371387698515
376   389.13371387698515
377   389.13371387698515
378   389.13371387698515
379   389.13371387698515
380   389.13371387698515
381   389.13371387698515
382   389.13371387698515
383   389.13371387698515
384   389.13371387698515
385   389.13371387698515
386   389.13371387698515
387   389.13371387698515
388   389.13371387698515
389   389.13371387698515
390   389.13371387698515
391   389.13371387698515
392   389.13371387698515
393   389.13371387698515
394   389.13371387698515
395   389.13371387698515
396   389.13371387698515
397   389.13371387698515
398   389.13371387698515
399   389.13371387698515
400   389.13371387698515
401   389.13371387698515
402   389.13371387698515
403   389.13371387698515
404   389.13371387698515
405   389.13371387698515
406   389.13371387698515
407   389.13371387698515
408   389.13371387698515
409   389.13371387698515
410   389.13371387698515
411   389.13371387698515
412   389.13371387698515
413   389.13371387698515
414   389.13371387698515
415   389.13371387698515
416   389.13371387698515
417   389.13371387698515
418   389.13371387698515
419   389.13371387698515
420   389.13371387698515
421   389.13371387698515
422   389.13371387698515
423   389.13371387698515
424   389.13371387698515
425   389.13371387698515
426   389.13371387698515
427   389.13371387698515
428   389.13371387698515
429   389.13371387698515
430   389.13371387698515
431   389.13371387698515
432   389.13371387698515
433   389.13371387698515
434   389.13371387698515
435   389.13371387698515
436   389.13371387698515
437   389.13371387698515
438   389.13371387698515
439   389.13371387698515
440   389.13371387698515
441   389.13371387698515
442   389.13371387698515
443   389.13371387698515
444   389.13371387698515
445   389.13371387698515
446   389.13371387698515
447   389.13371387698515
448   389.13371387698515
449   389.13371387698515
450   389.13371387698515
451   389.13371387698515
452   389.13371387698515
453   389.13371387698515
454   389.13371387698515
455   389.13371387698515
456   389.13371387698515
457   389.13371387698515
458   389.13371387698515
459   389.13371387698515
460   389.13371387698515
461   389.13371387698515
462   389.13371387698515
463   389.13371387698515
464   389.13371387698515
465   389.13371387698515
466   389.13371387698515
467   389.13371387698515
468   389.13371387698515
469   389.13371387698515
470   389.13371387698515
471   389.13371387698515
472   389.13371387698515
473   389.13371387698515
474   389.13371387698515
475   389.13371387698515
476   389.13371387698515
477   389.13371387698515
478   389.13371387698515
479   389.13371387698515
480   389.13371387698515
481   389.13371387698515
482   389.13371387698515
483   389.13371387698515
484   389.13371387698515
485   389.13371387698515
486   389.13371387698515
487   389.13371387698515
488   389.13371387698515
489   389.13371387698515
490   389.13371387698515
491   389.13371387698515
492   389.13371387698515
493   389.13371387698515
494   389.13371387698515
495   389.13371387698515
496   389.13371387698515
497   389.13371387698515
498   389.13371387698515
499   389.13371387698515
500   389.13371387698515
501   389.13371387698515
502   389.13371387698515
503   389.13371387698515
504   389.13371387698515
505   389.13371387698515
506   389.13371387698515
507   389.13371387698515
508   389.13371387698515
509   389.13371387698515
510   389.13371387698515
511   389.13371387698515
512   389.13371387698515
513   389.13371387698515
514   389.13371387698515
515   389.13371387698515
516   389.13371387698515
517   389.13371387698515
518   389.13371387698515
519   389.13371387698515
520   389.13371387698515
521   389.13371387698515
522   389.13371387698515
523   389.13371387698515
524   389.13371387698515
525   389.13371387698515
526   389.13371387698515
527   389.13371387698515
528   389.13371387698515
529   389.13371387698515
530   389.13371387698515
531   389.13371387698515
532   389.13371387698515
533   389.13371387698515
534   389.13371387698515
535   389.13371387698515
536   389.13371387698515
537   389.13371387698515
538   389.13371387698515
539   389.13371387698515
540   389.13371387698515
541   389.13371387698515
542   389.13371387698515
543   389.13371387698515
544   389.13371387698515
545   389.13371387698515
546   389.13371387698515
547   389.13371387698515
548   389.13371387698515
549   389.13371387698515
550   389.13371387698515
551   389.13371387698515
552   389.13371387698515
553   389.13371387698515
554   389.13371387698515
555   389.13371387698515
556   389.13371387698515
557   389.13371387698515
558   389.13371387698515
559   389.13371387698515
560   389.13371387698515
561   389.13371387698515
562   389.13371387698515
563   389.13371387698515
564   389.13371387698515
565   389.13371387698515
566   389.13371387698515
567   389.13371387698515
568   389.13371387698515
569   389.13371387698515
570   389.13371387698515
571   389.13371387698515
572   389.13371387698515
573   389.13371387698515
574   389.13371387698515
575   389.13371387698515
576   389.13371387698515
577   389.13371387698515
578   389.13371387698515
579   389.13371387698515
580   389.13371387698515
581   389.13371387698515
582   389.13371387698515
583   389.13371387698515
584   389.13371387698515
585   389.13371387698515
586   389.13371387698515
587   389.13371387698515
588   389.13371387698515
589   389.13371387698515
590   389.13371387698515
591   389.13371387698515
592   389.13371387698515
593   389.13371387698515
594   389.13371387698515
595   389.13371387698515
596   389.13371387698515
597   389.13371387698515
598   389.13371387698515
599   389.13371387698515
600   389.13371387698515
601   389.13371387698515
602   389.13371387698515
603   389.13371387698515
604   389.13371387698515
605   389.13371387698515
606   389.13371387698515
607   389.13371387698515
608   389.13371387698515
609   389.13371387698515
610   389.13371387698515
611   389.13371387698515
612   389.13371387698515
613   389.13371387698515
614   389.13371387698515
615   389.13371387698515
616   389.13371387698515
617   389.13371387698515
618   389.13371387698515
619   389.13371387698515
620   389.13371387698515
621   389.13371387698515
622   389.13371387698515
623   389.13371387698515
624   389.13371387698515
625   389.13371387698515
626   389.13371387698515
627   389.13371387698515
628   389.13371387698515
629   389.13371387698515
630   389.13371387698515
631   389.13371387698515
632   389.13371387698515
633   389.13371387698515
634   389.13371387698515
635   389.13371387698515
636   389.13371387698515
637   389.13371387698515
638   389.13371387698515
639   389.13371387698515
640   389.13371387698515
641   389.13371387698515
642   389.13371387698515
643   389.13371387698515
644   389.13371387698515
645   389.13371387698515
646   389.13371387698515
647   389.13371387698515
648   389.13371387698515
649   389.13371387698515
650   389.13371387698515
651   389.13371387698515
652   389.13371387698515
653   389.13371387698515
654   389.13371387698515
655   389.13371387698515
656   389.13371387698515
657   389.13371387698515
658   389.13371387698515
659   389.13371387698515
660   389.13371387698515
661   389.13371387698515
662   389.13371387698515
663   389.13371387698515
664   389.13371387698515
665   389.13371387698515
666   389.13371387698515
667   389.13371387698515
668   389.13371387698515
669   389.13371387698515
670   389.13371387698515
671   389.13371387698515
672   389.13371387698515
673   389.13371387698515
674   389.13371387698515
675   389.13371387698515
676   389.13371387698515
677   389.13371387698515
678   389.13371387698515
679   389.13371387698515
680   389.13371387698515
681   389.13371387698515
682   389.13371387698515
683   389.13371387698515
684   389.13371387698515
685   389.13371387698515
686   389.13371387698515
687   389.13371387698515
688   389.13371387698515
689   389.13371387698515
690   389.13371387698515
691   389.13371387698515
692   389.13371387698515
693   389.13371387698515
694   389.13371387698515
695   389.13371387698515
696   389.13371387698515
697   389.13371387698515
698   389.13371387698515
699   389.13371387698515
700   389.13371387698515
701   389.13371387698515
702   389.13371387698515
703   389.13371387698515
704   389.13371387698515
705   389.13371387698515
706   389.13371387698515
707   389.13371387698515
708   389.13371387698515
709   389.13371387698515
710   389.13371387698515
711   389.13371387698515
712   389.13371387698515
713   389.13371387698515
714   389.13371387698515
715   389.13371387698515
716   389.13371387698515
717   389.13371387698515
718   389.13371387698515
719   389.13371387698515
720   389.13371387698515
721   389.13371387698515
722   389.13371387698515
723   389.13371387698515
724   389.13371387698515
725   389.13371387698515
726   389.13371387698515
727   389.13371387698515
728   389.13371387698515
729   389.13371387698515
730   389.13371387698515
731   389.13371387698515
732   389.13371387698515
733   389.13371387698515
734   389.13371387698515
735   389.13371387698515
736   389.13371387698515
737   389.13371387698515
738   389.13371387698515
739   389.13371387698515
740   389.13371387698515
741   389.13371387698515
742   389.13371387698515
743   389.13371387698515
744   389.13371387698515
745   389.13371387698515
746   389.13371387698515
747   389.13371387698515
748   389.13371387698515
749   389.13371387698515
750   389.13371387698515
751   389.13371387698515
752   389.13371387698515
753   389.13371387698515
754   389.13371387698515
755   389.13371387698515
756   389.13371387698515
757   389.13371387698515
758   389.13371387698515
759   389.13371387698515
760   389.13371387698515
761   389.13371387698515
762   389.13371387698515
763   389.13371387698515
764   389.13371387698515
765   389.13371387698515
766   389.13371387698515
767   389.13371387698515
768   389.13371387698515
769   389.13371387698515
770   389.13371387698515
771   389.13371387698515
772   389.13371387698515
773   389.13371387698515
774   389.13371387698515
775   389.13371387698515
776   389.13371387698515
777   389.13371387698515
778   389.13371387698515
779   389.13371387698515
780   389.13371387698515
781   389.13371387698515
782   389.13371387698515
783   389.13371387698515
784   389.13371387698515
785   389.13371387698515
786   389.13371387698515
787   389.13371387698515
788   389.13371387698515
789   389.13371387698515
790   389.13371387698515
791   389.13371387698515
792   389.13371387698515
793   389.13371387698515
794   389.13371387698515
795   389.13371387698515
796   389.13371387698515
797   389.13371387698515
798   389.13371387698515
799   389.13371387698515
800   389.13371387698515
801   389.13371387698515
802   389.13371387698515
803   389.13371387698515
804   389.13371387698515
805   389.13371387698515
806   389.13371387698515
807   389.13371387698515
808   389.13371387698515
809   389.13371387698515
810   389.13371387698515
811   389.13371387698515
812   389.13371387698515
813   389.13371387698515
814   389.13371387698515
815   389.13371387698515
816   389.13371387698515
817   389.13371387698515
818   389.13371387698515
819   389.13371387698515
820   389.13371387698515
821   389.13371387698515
822   389.13371387698515
823   389.13371387698515
824   389.13371387698515
825   389.13371387698515
826   389.13371387698515
827   389.13371387698515
828   389.13371387698515
829   389.13371387698515
830   389.13371387698515
831   389.13371387698515
832   389.13371387698515
833   389.13371387698515
834   389.13371387698515
835   389.13371387698515
836   389.13371387698515
837   389.13371387698515
838   389.13371387698515
839   389.13371387698515
840   389.13371387698515
841   389.13371387698515
842   389.13371387698515
843   389.13371387698515
844   389.13371387698515
845   389.13371387698515
846   389.13371387698515
847   389.13371387698515
848   389.13371387698515
849   389.13371387698515
850   389.13371387698515
851   389.13371387698515
852   389.13371387698515
853   389.13371387698515
854   389.13371387698515
855   389.13371387698515
856   389.13371387698515
857   389.13371387698515
858   389.13371387698515
859   389.13371387698515
860   389.13371387698515
861   389.13371387698515
862   389.13371387698515
863   389.13371387698515
864   389.13371387698515
865   389.13371387698515
866   389.13371387698515
867   389.13371387698515
868   389.13371387698515
869   389.13371387698515
870   389.13371387698515
871   389.13371387698515
872   389.13371387698515
873   389.13371387698515
874   389.13371387698515
875   389.13371387698515
876   389.13371387698515
877   389.13371387698515
878   389.13371387698515
879   389.13371387698515
880   389.13371387698515
881   389.13371387698515
882   389.13371387698515
883   389.13371387698515
884   389.13371387698515
885   389.13371387698515
886   389.13371387698515
887   389.13371387698515
888   389.13371387698515
889   389.13371387698515
890   389.13371387698515
891   389.13371387698515
892   389.13371387698515
893   389.13371387698515
894   389.13371387698515
895   389.13371387698515
896   389.13371387698515
897   389.13371387698515
898   389.13371387698515
899   389.13371387698515
900   389.13371387698515
901   389.13371387698515
902   389.13371387698515
903   389.13371387698515
904   389.13371387698515
905   389.13371387698515
906   389.13371387698515
907   389.13371387698515
908   389.13371387698515
909   389.13371387698515
910   389.13371387698515
911   389.13371387698515
912   389.13371387698515
913   389.13371387698515
914   389.13371387698515
915   389.13371387698515
916   389.13371387698515
917   389.13371387698515
918   389.13371387698515
919   389.13371387698515
920   389.13371387698515
921   389.13371387698515
922   389.13371387698515
923   389.13371387698515
924   389.13371387698515
925   389.13371387698515
926   389.13371387698515
927   389.13371387698515
928   389.13371387698515
929   389.13371387698515
930   389.13371387698515
931   389.13371387698515
932   389.13371387698515
933   389.13371387698515
934   389.13371387698515
935   389.13371387698515
936   389.13371387698515
937   389.13371387698515
938   389.13371387698515
939   389.13371387698515
940   389.13371387698515
941   389.13371387698515
942   389.13371387698515
943   389.13371387698515
944   389.13371387698515
945   389.13371387698515
946   389.13371387698515
947   389.13371387698515
948   389.13371387698515
949   389.13371387698515
950   389.13371387698515
951   389.13371387698515
952   389.13371387698515
953   389.13371387698515
954   389.13371387698515
955   389.13371387698515
956   389.13371387698515
957   389.13371387698515
958   389.13371387698515
959   389.13371387698515
960   389.13371387698515
961   389.13371387698515
962   389.13371387698515
963   389.13371387698515
964   389.13371387698515
965   389.13371387698515
966   389.13371387698515
967   389.13371387698515
968   389.13371387698515
969   389.13371387698515
970   389.13371387698515
971   389.13371387698515
972   389.13371387698515
973   389.13371387698515
974   389.13371387698515
975   389.13371387698515
976   389.13371387698515
977   389.13371387698515
978   389.13371387698515
979   389.13371387698515
980   389.13371387698515
981   389.13371387698515
982   389.13371387698515
983   389.13371387698515
984   389.13371387698515
985   389.13371387698515
986   389.13371387698515
987   389.13371387698515
988   389.13371387698515
989   389.13371387698515
990   389.13371387698515
991   389.13371387698515
992   389.13371387698515
993   389.13371387698515
994   389.13371387698515
995   389.13371387698515
996   389.13371387698515
997   389.13371387698515
998   389.13371387698515
999   389.13371387698515
