1   11.620978983530922
2   7.023586765205047
3   7.023586765205047
4   7.023586765205047
5   7.023586765205047
6   7.023586765205047
7   7.023586765205047
8   7.023586765205047
9   7.023586765205047
10   7.023586765205047
11   7.023586765205047
12   7.023586765205047
13   7.023586765205047
14   7.023586765205047
15   7.023586765205047
16   7.023586765205047
17   5.446633962750402
18   5.446633962750402
19   5.446633962750402
20   5.446633962750402
21   5.446633962750402
22   5.446633962750402
23   5.446633962750402
24   5.446633962750402
25   5.446633962750402
26   5.446633962750402
27   5.446633962750402
28   5.446633962750402
29   5.446633962750402
30   5.446633962750402
31   5.446633962750402
32   5.446633962750402
33   5.446633962750402
34   5.446633962750402
35   5.446633962750402
36   5.446633962750402
37   5.446633962750402
38   5.446633962750402
39   5.446633962750402
40   5.446633962750402
41   5.446633962750402
42   5.446633962750402
43   5.446633962750402
44   5.446633962750402
45   5.446633962750402
46   5.446633962750402
47   5.446633962750402
48   5.446633962750402
49   5.446633962750402
50   5.446633962750402
51   5.446633962750402
52   5.446633962750402
53   5.446633962750402
54   5.446633962750402
55   5.446633962750402
56   5.446633962750402
57   5.446633962750402
58   5.446633962750402
59   5.446633962750402
60   5.446633962750402
61   5.446633962750402
62   5.446633962750402
63   0.15454805968389174
64   0.15454805968389174
65   0.15454805968389174
66   0.15454805968389174
67   0.15454805968389174
68   0.15454805968389174
69   0.15454805968389174
70   0.15454805968389174
71   0.15454805968389174
72   0.15454805968389174
73   0.15454805968389174
74   0.15454805968389174
75   0.15454805968389174
76   0.15454805968389174
77   0.15454805968389174
78   0.15454805968389174
79   0.15454805968389174
80   0.15454805968389174
81   0.15454805968389174
82   0.15454805968389174
83   0.15454805968389174
84   0.15454805968389174
85   0.15454805968389174
86   0.15454805968389174
87   0.15454805968389174
88   0.15454805968389174
89   0.15454805968389174
90   0.15454805968389174
91   0.15454805968389174
92   0.15454805968389174
93   0.15454805968389174
94   0.15454805968389174
95   0.15454805968389174
96   0.15454805968389174
97   0.15454805968389174
98   0.15454805968389174
99   0.15454805968389174
100   0.15454805968389174
101   0.15454805968389174
102   0.15454805968389174
103   0.15454805968389174
104   0.15454805968389174
105   0.15454805968389174
106   0.15454805968389174
107   0.15454805968389174
108   0.15454805968389174
109   0.15454805968389174
110   0.15454805968389174
111   0.15454805968389174
112   0.15454805968389174
113   0.15454805968389174
114   0.15454805968389174
115   0.15454805968389174
116   0.15454805968389174
117   0.15454805968389174
118   0.15454805968389174
119   0.15454805968389174
120   0.15454805968389174
121   0.15454805968389174
122   0.15454805968389174
123   0.15454805968389174
124   0.15454805968389174
125   0.15454805968389174
126   0.15454805968389174
127   0.15454805968389174
128   0.15454805968389174
129   0.15454805968389174
130   0.15454805968389174
131   0.15454805968389174
132   0.15454805968389174
133   0.15454805968389174
134   0.15454805968389174
135   0.15454805968389174
136   0.15454805968389174
137   0.15454805968389174
138   0.15454805968389174
139   0.15454805968389174
140   0.15454805968389174
141   0.15454805968389174
142   0.15454805968389174
143   0.15454805968389174
144   0.15454805968389174
145   0.15454805968389174
146   0.15454805968389174
147   0.15454805968389174
148   0.15454805968389174
149   0.15454805968389174
150   0.15454805968389174
151   0.15454805968389174
152   0.15454805968389174
153   0.15454805968389174
154   0.15454805968389174
155   0.15454805968389174
156   0.15454805968389174
157   0.15454805968389174
158   0.15454805968389174
159   0.15454805968389174
160   0.15454805968389174
161   0.15454805968389174
162   0.15454805968389174
163   0.15454805968389174
164   0.15454805968389174
165   0.15454805968389174
166   0.12504407634793746
167   0.12504407634793746
168   0.12504407634793746
169   0.12504407634793746
170   0.12504407634793746
171   0.12504407634793746
172   0.12504407634793746
173   0.12504407634793746
174   0.12504407634793746
175   0.12504407634793746
176   0.12504407634793746
177   0.12504407634793746
178   0.12504407634793746
179   0.12504407634793746
180   0.12504407634793746
181   0.12504407634793746
182   0.12504407634793746
183   0.12504407634793746
184   0.12504407634793746
185   0.12504407634793746
186   0.12504407634793746
187   0.12504407634793746
188   0.12504407634793746
189   0.12504407634793746
190   0.12504407634793746
191   0.12504407634793746
192   0.12504407634793746
193   0.12504407634793746
194   0.12504407634793746
195   0.12504407634793746
196   0.12504407634793746
197   0.12504407634793746
198   0.12504407634793746
199   0.12504407634793746
200   0.12504407634793746
201   0.12504407634793746
202   0.12504407634793746
203   0.12504407634793746
204   0.12504407634793746
205   0.073389685876219
206   0.073389685876219
207   0.073389685876219
208   0.073389685876219
209   0.073389685876219
210   0.073389685876219
211   0.073389685876219
212   0.073389685876219
213   0.073389685876219
214   0.073389685876219
215   0.073389685876219
216   0.073389685876219
217   0.073389685876219
218   0.073389685876219
219   0.073389685876219
220   0.073389685876219
221   0.073389685876219
222   0.056640467369103005
223   0.056640467369103005
224   0.056640467369103005
225   0.056640467369103005
226   0.056640467369103005
227   0.056640467369103005
228   0.056640467369103005
229   0.056640467369103005
230   0.056640467369103005
231   0.056640467369103005
232   0.056640467369103005
233   0.056640467369103005
234   0.056640467369103005
235   0.056640467369103005
236   0.056640467369103005
237   0.056640467369103005
238   0.056640467369103005
239   0.056640467369103005
240   0.056640467369103005
241   0.056640467369103005
242   0.056640467369103005
243   0.056640467369103005
244   0.056640467369103005
245   0.056640467369103005
246   0.056640467369103005
247   0.056640467369103005
248   0.056640467369103005
249   0.056640467369103005
250   0.056640467369103005
251   0.056640467369103005
252   0.056640467369103005
253   0.056640467369103005
254   0.056640467369103005
255   0.02871631663634732
256   0.02871631663634732
257   0.02871631663634732
258   0.02871631663634732
259   0.02871631663634732
260   0.02871631663634732
261   0.02871631663634732
262   0.02871631663634732
263   0.02871631663634732
264   0.02871631663634732
265   0.02871631663634732
266   0.02871631663634732
267   0.02871631663634732
268   0.02871631663634732
269   0.02871631663634732
270   0.02871631663634732
271   0.02871631663634732
272   0.02871631663634732
273   0.02871631663634732
274   0.02871631663634732
275   0.02871631663634732
276   0.02871631663634732
277   0.02871631663634732
278   0.02871631663634732
279   0.02871631663634732
280   0.02871631663634732
281   0.02871631663634732
282   0.02871631663634732
283   0.02871631663634732
284   0.02871631663634732
285   0.02871631663634732
286   0.02871631663634732
287   0.02871631663634732
288   0.02871631663634732
289   0.02871631663634732
290   0.02871631663634732
291   0.02871631663634732
292   0.02871631663634732
293   0.02871631663634732
294   0.02871631663634732
295   0.02871631663634732
296   0.02871631663634732
297   0.02871631663634732
298   0.02871631663634732
299   0.02871631663634732
300   0.02871631663634732
301   0.02871631663634732
302   0.02871631663634732
303   0.02871631663634732
304   0.02871631663634732
305   0.02871631663634732
306   0.02871631663634732
307   0.02871631663634732
308   0.02871631663634732
309   0.02871631663634732
310   0.02871631663634732
311   0.02871631663634732
312   0.02871631663634732
313   0.02871631663634732
314   0.02871631663634732
315   0.02871631663634732
316   0.02871631663634732
317   0.02871631663634732
318   0.02871631663634732
319   0.02871631663634732
320   0.02871631663634732
321   0.02871631663634732
322   0.02871631663634732
323   0.009422000139251032
324   0.009422000139251032
325   0.009422000139251032
326   0.009422000139251032
327   0.009422000139251032
328   0.009422000139251032
329   0.009422000139251032
330   0.009422000139251032
331   0.009422000139251032
332   0.009422000139251032
333   0.009422000139251032
334   0.009422000139251032
335   0.009422000139251032
336   0.009422000139251032
337   0.009422000139251032
338   0.009422000139251032
339   0.009422000139251032
340   0.009422000139251032
341   0.009422000139251032
342   0.009422000139251032
343   0.009422000139251032
344   0.009422000139251032
345   0.009422000139251032
346   0.009422000139251032
347   0.009422000139251032
348   0.009422000139251032
349   0.009422000139251032
350   0.009422000139251032
351   0.009422000139251032
352   0.009422000139251032
353   0.009422000139251032
354   0.009422000139251032
355   0.009422000139251032
356   0.009422000139251032
357   0.009422000139251032
358   0.009422000139251032
359   0.009422000139251032
360   0.009422000139251032
361   0.009422000139251032
362   0.009422000139251032
363   0.009422000139251032
364   0.00571183585496117
365   0.00571183585496117
366   0.00571183585496117
367   0.00571183585496117
368   0.00571183585496117
369   0.00571183585496117
370   0.00571183585496117
371   0.00571183585496117
372   0.00571183585496117
373   0.00571183585496117
374   0.00571183585496117
375   0.00571183585496117
376   0.00571183585496117
377   0.00571183585496117
378   0.00571183585496117
379   0.00571183585496117
380   0.00571183585496117
381   0.00571183585496117
382   0.00571183585496117
383   0.00571183585496117
384   0.00571183585496117
385   0.00571183585496117
386   0.00571183585496117
387   0.00571183585496117
388   0.00571183585496117
389   0.00571183585496117
390   0.00571183585496117
391   0.00571183585496117
392   0.00571183585496117
393   0.00571183585496117
394   0.00571183585496117
395   0.00571183585496117
396   0.00571183585496117
397   0.00571183585496117
398   0.00571183585496117
399   0.00571183585496117
400   0.00571183585496117
401   0.00571183585496117
402   0.00571183585496117
403   0.00571183585496117
404   0.00571183585496117
405   0.00571183585496117
406   0.00571183585496117
407   0.00571183585496117
408   0.00571183585496117
409   0.00571183585496117
410   0.00571183585496117
411   0.00571183585496117
412   0.00571183585496117
413   0.00571183585496117
414   0.004607442415247209
415   0.004607442415247209
416   0.004607442415247209
417   0.004607442415247209
418   0.004607442415247209
419   0.004607442415247209
420   0.004607442415247209
421   0.004607442415247209
422   0.004607442415247209
423   0.004607442415247209
424   0.004607442415247209
425   0.004607442415247209
426   0.004607442415247209
427   0.004607442415247209
428   0.004607442415247209
429   0.004607442415247209
430   0.004607442415247209
431   0.004607442415247209
432   0.004607442415247209
433   0.004607442415247209
434   0.004607442415247209
435   0.004607442415247209
436   0.004607442415247209
437   0.004607442415247209
438   0.004607442415247209
439   0.002674332394095124
440   0.002674332394095124
441   0.002674332394095124
442   0.002674332394095124
443   0.002674332394095124
444   0.002674332394095124
445   0.002674332394095124
446   0.002674332394095124
447   0.002674332394095124
448   0.002674332394095124
449   0.002674332394095124
450   0.002674332394095124
451   0.002674332394095124
452   0.002674332394095124
453   0.002674332394095124
454   0.002674332394095124
455   0.002674332394095124
456   0.002674332394095124
457   0.002456321685564935
458   0.002456321685564935
459   0.002456321685564935
460   0.002456321685564935
461   0.002456321685564935
462   0.002456321685564935
463   0.002456321685564935
464   0.002456321685564935
465   0.002456321685564935
466   0.002456321685564935
467   0.002291265503370582
468   0.002291265503370582
469   0.002291265503370582
470   0.002291265503370582
471   0.002291265503370582
472   0.002291265503370582
473   0.002291265503370582
474   0.002291265503370582
475   0.002291265503370582
476   0.002291265503370582
477   0.002291265503370582
478   0.002291265503370582
479   0.002291265503370582
480   0.002291265503370582
481   0.002291265503370582
482   0.002291265503370582
483   0.002291265503370582
484   0.002291265503370582
485   0.002291265503370582
486   0.002291265503370582
487   0.002291265503370582
488   0.002291265503370582
489   0.002291265503370582
490   0.002291265503370582
491   0.002291265503370582
492   0.002291265503370582
493   0.002291265503370582
494   0.002291265503370582
495   0.002291265503370582
496   0.002291265503370582
497   0.002291265503370582
498   0.002291265503370582
499   0.002291265503370582
500   0.002291265503370582
501   0.002291265503370582
502   0.002291265503370582
503   0.002291265503370582
504   0.002291265503370582
505   0.002291265503370582
506   0.002291265503370582
507   0.002291265503370582
508   0.002291265503370582
509   0.002291265503370582
510   0.002291265503370582
511   0.002291265503370582
512   0.002291265503370582
513   6.844276333131835E-4
514   6.844276333131835E-4
515   6.844276333131835E-4
516   6.844276333131835E-4
517   6.844276333131835E-4
518   6.844276333131835E-4
519   6.844276333131835E-4
520   6.844276333131835E-4
521   6.844276333131835E-4
522   6.844276333131835E-4
523   6.844276333131835E-4
524   6.844276333131835E-4
525   6.844276333131835E-4
526   6.844276333131835E-4
527   6.844276333131835E-4
528   6.844276333131835E-4
529   6.844276333131835E-4
530   6.844276333131835E-4
531   6.844276333131835E-4
532   6.844276333131835E-4
533   6.844276333131835E-4
534   6.844276333131835E-4
535   6.844276333131835E-4
536   6.844276333131835E-4
537   6.844276333131835E-4
538   6.844276333131835E-4
539   6.844276333131835E-4
540   6.844276333131835E-4
541   6.844276333131835E-4
542   6.844276333131835E-4
543   6.844276333131835E-4
544   6.844276333131835E-4
545   6.844276333131835E-4
546   6.844276333131835E-4
547   6.844276333131835E-4
548   6.844276333131835E-4
549   6.844276333131835E-4
550   6.844276333131835E-4
551   6.844276333131835E-4
552   6.844276333131835E-4
553   6.844276333131835E-4
554   6.844276333131835E-4
555   6.844276333131835E-4
556   6.844276333131835E-4
557   6.844276333131835E-4
558   6.844276333131835E-4
559   6.844276333131835E-4
560   6.844276333131835E-4
561   6.844276333131835E-4
562   6.844276333131835E-4
563   6.844276333131835E-4
564   6.844276333131835E-4
565   6.844276333131835E-4
566   6.844276333131835E-4
567   6.844276333131835E-4
568   6.844276333131835E-4
569   6.844276333131835E-4
570   6.844276333131835E-4
571   6.844276333131835E-4
572   6.844276333131835E-4
573   6.844276333131835E-4
574   6.844276333131835E-4
575   6.844276333131835E-4
576   6.844276333131835E-4
577   6.844276333131835E-4
578   6.844276333131835E-4
579   6.844276333131835E-4
580   6.844276333131835E-4
581   6.844276333131835E-4
582   6.844276333131835E-4
583   6.844276333131835E-4
584   6.844276333131835E-4
585   6.844276333131835E-4
586   6.844276333131835E-4
587   6.844276333131835E-4
588   6.844276333131835E-4
589   6.844276333131835E-4
590   6.844276333131835E-4
591   6.844276333131835E-4
592   6.844276333131835E-4
593   6.844276333131835E-4
594   6.844276333131835E-4
595   6.844276333131835E-4
596   6.844276333131835E-4
597   6.844276333131835E-4
598   6.844276333131835E-4
599   6.844276333131835E-4
600   6.844276333131835E-4
601   6.844276333131835E-4
602   6.844276333131835E-4
603   6.844276333131835E-4
604   6.844276333131835E-4
605   6.844276333131835E-4
606   6.844276333131835E-4
607   6.844276333131835E-4
608   6.844276333131835E-4
609   2.0227432416265352E-4
610   2.0227432416265352E-4
611   2.0227432416265352E-4
612   2.0227432416265352E-4
613   2.0227432416265352E-4
614   2.0227432416265352E-4
615   2.0227432416265352E-4
616   2.0227432416265352E-4
617   2.0227432416265352E-4
618   2.0227432416265352E-4
619   2.0227432416265352E-4
620   2.0227432416265352E-4
621   2.0227432416265352E-4
622   2.0227432416265352E-4
623   2.0227432416265352E-4
624   2.0227432416265352E-4
625   2.0227432416265352E-4
626   2.0227432416265352E-4
627   2.0227432416265352E-4
628   2.0227432416265352E-4
629   2.0227432416265352E-4
630   2.0227432416265352E-4
631   2.0227432416265352E-4
632   2.0227432416265352E-4
633   2.0227432416265352E-4
634   2.0227432416265352E-4
635   2.0227432416265352E-4
636   2.0227432416265352E-4
637   2.0227432416265352E-4
638   2.0227432416265352E-4
639   2.0227432416265352E-4
640   2.0227432416265352E-4
641   2.0227432416265352E-4
642   2.0227432416265352E-4
643   2.0227432416265352E-4
644   2.0227432416265352E-4
645   2.0227432416265352E-4
646   2.0227432416265352E-4
647   2.0227432416265352E-4
648   2.0227432416265352E-4
649   2.0227432416265352E-4
650   2.0227432416265352E-4
651   2.0227432416265352E-4
652   2.0227432416265352E-4
653   2.0227432416265352E-4
654   2.0227432416265352E-4
655   2.0227432416265352E-4
656   2.0227432416265352E-4
657   2.0227432416265352E-4
658   2.0227432416265352E-4
659   2.0227432416265352E-4
660   2.0227432416265352E-4
661   2.0227432416265352E-4
662   2.0227432416265352E-4
663   2.0227432416265352E-4
664   2.0227432416265352E-4
665   2.0227432416265352E-4
666   2.0227432416265352E-4
667   2.0227432416265352E-4
668   2.0227432416265352E-4
669   2.0227432416265352E-4
670   2.0227432416265352E-4
671   2.0227432416265352E-4
672   2.0227432416265352E-4
673   2.0227432416265352E-4
674   2.0227432416265352E-4
675   2.0227432416265352E-4
676   2.0227432416265352E-4
677   2.0227432416265352E-4
678   2.0227432416265352E-4
679   2.0227432416265352E-4
680   2.0227432416265352E-4
681   2.0227432416265352E-4
682   2.0227432416265352E-4
683   2.0227432416265352E-4
684   2.0227432416265352E-4
685   2.0227432416265352E-4
686   2.0227432416265352E-4
687   2.0227432416265352E-4
688   2.0227432416265352E-4
689   2.0227432416265352E-4
690   2.0227432416265352E-4
691   2.0227432416265352E-4
692   2.0227432416265352E-4
693   2.0227432416265352E-4
694   2.0227432416265352E-4
695   2.0227432416265352E-4
696   2.0227432416265352E-4
697   2.0227432416265352E-4
698   2.0227432416265352E-4
699   2.0227432416265352E-4
700   2.0227432416265352E-4
701   2.0227432416265352E-4
702   2.0227432416265352E-4
703   2.0227432416265352E-4
704   2.0227432416265352E-4
705   2.0227432416265352E-4
706   2.0227432416265352E-4
707   2.0227432416265352E-4
708   2.0227432416265352E-4
709   2.0227432416265352E-4
710   2.0227432416265352E-4
711   2.0227432416265352E-4
712   2.0227432416265352E-4
713   2.0227432416265352E-4
714   2.0227432416265352E-4
715   2.0227432416265352E-4
716   2.0227432416265352E-4
717   2.0227432416265352E-4
718   2.0227432416265352E-4
719   2.0227432416265352E-4
720   2.0227432416265352E-4
721   2.0227432416265352E-4
722   2.0227432416265352E-4
723   2.0227432416265352E-4
724   2.0227432416265352E-4
725   2.0227432416265352E-4
726   2.0227432416265352E-4
727   2.0227432416265352E-4
728   2.0227432416265352E-4
729   2.0227432416265352E-4
730   2.0227432416265352E-4
731   2.0227432416265352E-4
732   2.0227432416265352E-4
733   2.0227432416265352E-4
734   2.0227432416265352E-4
735   2.0227432416265352E-4
736   2.0227432416265352E-4
737   2.0227432416265352E-4
738   2.0227432416265352E-4
739   2.0227432416265352E-4
740   2.0227432416265352E-4
741   2.0227432416265352E-4
742   2.0227432416265352E-4
743   2.0227432416265352E-4
744   2.0227432416265352E-4
745   2.0227432416265352E-4
746   2.0227432416265352E-4
747   2.0227432416265352E-4
748   1.7789410078821155E-4
749   1.7789410078821155E-4
750   1.7789410078821155E-4
751   1.7789410078821155E-4
752   1.7789410078821155E-4
753   1.7789410078821155E-4
754   1.7789410078821155E-4
755   1.7789410078821155E-4
756   1.7789410078821155E-4
757   1.7789410078821155E-4
758   1.7789410078821155E-4
759   1.7789410078821155E-4
760   1.7789410078821155E-4
761   1.7789410078821155E-4
762   1.7789410078821155E-4
763   1.7789410078821155E-4
764   1.7789410078821155E-4
765   1.7789410078821155E-4
766   1.7789410078821155E-4
767   1.7789410078821155E-4
768   1.7789410078821155E-4
769   1.7789410078821155E-4
770   1.7789410078821155E-4
771   1.7789410078821155E-4
772   1.7789410078821155E-4
773   1.7789410078821155E-4
774   1.7789410078821155E-4
775   1.7789410078821155E-4
776   1.7789410078821155E-4
777   1.7789410078821155E-4
778   1.7789410078821155E-4
779   1.7789410078821155E-4
780   1.7789410078821155E-4
781   1.7789410078821155E-4
782   1.7789410078821155E-4
783   1.7789410078821155E-4
784   1.7789410078821155E-4
785   1.7789410078821155E-4
786   1.7789410078821155E-4
787   1.7789410078821155E-4
788   1.7789410078821155E-4
789   1.7789410078821155E-4
790   1.7789410078821155E-4
791   1.7789410078821155E-4
792   1.7789410078821155E-4
793   1.7789410078821155E-4
794   1.7789410078821155E-4
795   1.7789410078821155E-4
796   1.7789410078821155E-4
797   1.7789410078821155E-4
798   1.7789410078821155E-4
799   1.7789410078821155E-4
800   1.7789410078821155E-4
801   1.7789410078821155E-4
802   1.7789410078821155E-4
803   1.7789410078821155E-4
804   1.7789410078821155E-4
805   1.7789410078821155E-4
806   1.7789410078821155E-4
807   1.7789410078821155E-4
808   1.7789410078821155E-4
809   1.7789410078821155E-4
810   1.7789410078821155E-4
811   1.7789410078821155E-4
812   1.7789410078821155E-4
813   7.270789097208906E-5
814   7.270789097208906E-5
815   7.270789097208906E-5
816   7.270789097208906E-5
817   7.270789097208906E-5
818   7.270789097208906E-5
819   7.270789097208906E-5
820   7.270789097208906E-5
821   7.270789097208906E-5
822   7.270789097208906E-5
823   7.270789097208906E-5
824   7.270789097208906E-5
825   7.270789097208906E-5
826   7.270789097208906E-5
827   7.270789097208906E-5
828   7.270789097208906E-5
829   7.270789097208906E-5
830   7.270789097208906E-5
831   7.270789097208906E-5
832   7.270789097208906E-5
833   7.270789097208906E-5
834   7.270789097208906E-5
835   7.270789097208906E-5
836   7.270789097208906E-5
837   7.270789097208906E-5
838   7.270789097208906E-5
839   7.270789097208906E-5
840   7.270789097208906E-5
841   7.270789097208906E-5
842   7.270789097208906E-5
843   7.270789097208906E-5
844   7.270789097208906E-5
845   7.270789097208906E-5
846   7.270789097208906E-5
847   7.270789097208906E-5
848   7.270789097208906E-5
849   7.270789097208906E-5
850   7.270789097208906E-5
851   7.270789097208906E-5
852   7.270789097208906E-5
853   7.270789097208906E-5
854   7.270789097208906E-5
855   7.270789097208906E-5
856   7.270789097208906E-5
857   7.270789097208906E-5
858   7.270789097208906E-5
859   7.270789097208906E-5
860   7.270789097208906E-5
861   7.270789097208906E-5
862   7.270789097208906E-5
863   7.270789097208906E-5
864   7.270789097208906E-5
865   7.270789097208906E-5
866   7.270789097208906E-5
867   7.270789097208906E-5
868   7.270789097208906E-5
869   7.270789097208906E-5
870   7.270789097208906E-5
871   7.270789097208906E-5
872   7.270789097208906E-5
873   7.270789097208906E-5
874   7.270789097208906E-5
875   7.270789097208906E-5
876   7.270789097208906E-5
877   7.270789097208906E-5
878   7.270789097208906E-5
879   7.270789097208906E-5
880   7.270789097208906E-5
881   7.270789097208906E-5
882   7.270789097208906E-5
883   7.270789097208906E-5
884   7.270789097208906E-5
885   7.270789097208906E-5
886   7.270789097208906E-5
887   7.270789097208906E-5
888   7.270789097208906E-5
889   7.270789097208906E-5
890   7.270789097208906E-5
891   7.270789097208906E-5
892   7.270789097208906E-5
893   7.270789097208906E-5
894   7.270789097208906E-5
895   7.270789097208906E-5
896   7.270789097208906E-5
897   7.270789097208906E-5
898   7.270789097208906E-5
899   7.270789097208906E-5
900   7.270789097208906E-5
901   7.270789097208906E-5
902   7.270789097208906E-5
903   7.270789097208906E-5
904   7.270789097208906E-5
905   7.270789097208906E-5
906   7.270789097208906E-5
907   7.270789097208906E-5
908   7.270789097208906E-5
909   7.270789097208906E-5
910   7.270789097208906E-5
911   7.270789097208906E-5
912   7.270789097208906E-5
913   7.270789097208906E-5
914   7.270789097208906E-5
915   7.270789097208906E-5
916   7.270789097208906E-5
917   7.270789097208906E-5
918   7.270789097208906E-5
919   7.270789097208906E-5
920   7.270789097208906E-5
921   7.270789097208906E-5
922   7.270789097208906E-5
923   7.270789097208906E-5
924   7.270789097208906E-5
925   7.270789097208906E-5
926   7.270789097208906E-5
927   7.270789097208906E-5
928   7.270789097208906E-5
929   7.270789097208906E-5
930   7.270789097208906E-5
931   7.270789097208906E-5
932   7.270789097208906E-5
933   7.270789097208906E-5
934   7.270789097208906E-5
935   7.270789097208906E-5
936   7.270789097208906E-5
937   7.270789097208906E-5
938   7.270789097208906E-5
939   7.270789097208906E-5
940   7.270789097208906E-5
941   7.270789097208906E-5
942   7.270789097208906E-5
943   7.270789097208906E-5
944   7.270789097208906E-5
945   7.270789097208906E-5
946   7.270789097208906E-5
947   7.270789097208906E-5
948   7.270789097208906E-5
949   7.270789097208906E-5
950   7.270789097208906E-5
951   7.270789097208906E-5
952   7.270789097208906E-5
953   7.270789097208906E-5
954   7.270789097208906E-5
955   7.270789097208906E-5
956   7.270789097208906E-5
957   7.270789097208906E-5
958   7.270789097208906E-5
959   7.270789097208906E-5
960   7.270789097208906E-5
961   7.270789097208906E-5
962   7.270789097208906E-5
963   7.270789097208906E-5
964   7.270789097208906E-5
965   7.270789097208906E-5
966   7.270789097208906E-5
967   7.270789097208906E-5
968   7.270789097208906E-5
969   7.270789097208906E-5
970   7.270789097208906E-5
971   7.270789097208906E-5
972   7.270789097208906E-5
973   7.270789097208906E-5
974   7.270789097208906E-5
975   7.270789097208906E-5
976   7.270789097208906E-5
977   7.270789097208906E-5
978   7.270789097208906E-5
979   7.270789097208906E-5
980   7.270789097208906E-5
981   7.270789097208906E-5
982   7.270789097208906E-5
983   7.270789097208906E-5
984   7.270789097208906E-5
985   7.270789097208906E-5
986   7.270789097208906E-5
987   7.270789097208906E-5
988   7.270789097208906E-5
989   7.270789097208906E-5
990   7.270789097208906E-5
991   7.270789097208906E-5
992   7.270789097208906E-5
993   7.270789097208906E-5
994   7.270789097208906E-5
995   7.270789097208906E-5
996   7.270789097208906E-5
997   7.270789097208906E-5
998   7.000196130810747E-5
999   7.000196130810747E-5
