1   430.7423931044822
2   351.14653181128125
3   351.14653181128125
4   284.1594204830807
5   284.1594204830807
6   284.1594204830807
7   284.1594204830807
8   284.1594204830807
9   284.1594204830807
10   284.1594204830807
11   284.1594204830807
12   284.1594204830807
13   284.1594204830807
14   284.1594204830807
15   284.1594204830807
16   284.1594204830807
17   284.1594204830807
18   284.1594204830807
19   284.1594204830807
20   284.1594204830807
21   284.1594204830807
22   284.1594204830807
23   284.1594204830807
24   284.1594204830807
25   284.1594204830807
26   284.1594204830807
27   284.1594204830807
28   284.1594204830807
29   284.1594204830807
30   284.1594204830807
31   284.1594204830807
32   284.1594204830807
33   284.1594204830807
34   284.1594204830807
35   284.1594204830807
36   284.1594204830807
37   284.1594204830807
38   284.1594204830807
39   284.1594204830807
40   284.1594204830807
41   284.1594204830807
42   284.1594204830807
43   284.1594204830807
44   284.1594204830807
45   284.1594204830807
46   284.1594204830807
47   284.1594204830807
48   284.1594204830807
49   284.1594204830807
50   284.1594204830807
51   284.1594204830807
52   284.1594204830807
53   284.1594204830807
54   284.1594204830807
55   284.1594204830807
56   284.1594204830807
57   284.1594204830807
58   284.1594204830807
59   284.1594204830807
60   284.1594204830807
61   284.1594204830807
62   284.1594204830807
63   284.1594204830807
64   284.1594204830807
65   284.1594204830807
66   284.1594204830807
67   284.1594204830807
68   284.1594204830807
69   284.1594204830807
70   284.1594204830807
71   284.1594204830807
72   284.1594204830807
73   284.1594204830807
74   284.1594204830807
75   284.1594204830807
76   284.1594204830807
77   284.1594204830807
78   284.1594204830807
79   284.1594204830807
80   284.1594204830807
81   284.1594204830807
82   284.1594204830807
83   284.1594204830807
84   284.1594204830807
85   284.1594204830807
86   284.1594204830807
87   284.1594204830807
88   284.1594204830807
89   284.1594204830807
90   284.1594204830807
91   284.1594204830807
92   284.1594204830807
93   284.1594204830807
94   284.1594204830807
95   284.1594204830807
96   284.1594204830807
97   284.1594204830807
98   284.1594204830807
99   284.1594204830807
100   284.1594204830807
101   284.1594204830807
102   284.1594204830807
103   284.1594204830807
104   284.1594204830807
105   284.1594204830807
106   284.1594204830807
107   284.1594204830807
108   284.1594204830807
109   284.1594204830807
110   284.1594204830807
111   284.1594204830807
112   284.1594204830807
113   284.1594204830807
114   284.1594204830807
115   284.1594204830807
116   284.1594204830807
117   284.1594204830807
118   284.1594204830807
119   284.1594204830807
120   284.1594204830807
121   284.1594204830807
122   284.1594204830807
123   284.1594204830807
124   284.1594204830807
125   284.1594204830807
126   284.1594204830807
127   284.1594204830807
128   284.1594204830807
129   284.1594204830807
130   284.1594204830807
131   284.1594204830807
132   284.1594204830807
133   284.1594204830807
134   284.1594204830807
135   284.1594204830807
136   284.1594204830807
137   284.1594204830807
138   284.1594204830807
139   284.1594204830807
140   284.1594204830807
141   284.1594204830807
142   284.1594204830807
143   284.1594204830807
144   284.1594204830807
145   284.1594204830807
146   284.1594204830807
147   284.1594204830807
148   284.1594204830807
149   284.1594204830807
150   284.1594204830807
151   284.1594204830807
152   284.1594204830807
153   284.1594204830807
154   284.1594204830807
155   284.1594204830807
156   284.1594204830807
157   284.1594204830807
158   284.1594204830807
159   284.1594204830807
160   284.1594204830807
161   284.1594204830807
162   284.1594204830807
163   284.1594204830807
164   284.1594204830807
165   284.1594204830807
166   284.1594204830807
167   284.1594204830807
168   284.1594204830807
169   284.1594204830807
170   284.1594204830807
171   284.1594204830807
172   284.1594204830807
173   284.1594204830807
174   284.1594204830807
175   284.1594204830807
176   284.1594204830807
177   284.1594204830807
178   284.1594204830807
179   284.1594204830807
180   284.1594204830807
181   284.1594204830807
182   284.1594204830807
183   284.1594204830807
184   284.1594204830807
185   284.1594204830807
186   284.1594204830807
187   284.1594204830807
188   284.1594204830807
189   284.1594204830807
190   284.1594204830807
191   284.1594204830807
192   284.1594204830807
193   284.1594204830807
194   284.1594204830807
195   284.1594204830807
196   284.1594204830807
197   284.1594204830807
198   284.1594204830807
199   284.1594204830807
200   284.1594204830807
201   284.1594204830807
202   284.1594204830807
203   284.1594204830807
204   284.1594204830807
205   284.1594204830807
206   284.1594204830807
207   284.1594204830807
208   284.1594204830807
209   284.1594204830807
210   284.1594204830807
211   284.1594204830807
212   284.1594204830807
213   284.1594204830807
214   284.1594204830807
215   284.1594204830807
216   284.1594204830807
217   284.1594204830807
218   284.1594204830807
219   284.1594204830807
220   284.1594204830807
221   284.1594204830807
222   284.1594204830807
223   284.1594204830807
224   284.1594204830807
225   284.1594204830807
226   284.1594204830807
227   284.1594204830807
228   284.1594204830807
229   284.1594204830807
230   284.1594204830807
231   284.1594204830807
232   284.1594204830807
233   284.1594204830807
234   284.1594204830807
235   284.1594204830807
236   284.1594204830807
237   284.1594204830807
238   284.1594204830807
239   284.1594204830807
240   284.1594204830807
241   284.1594204830807
242   284.1594204830807
243   284.1594204830807
244   284.1594204830807
245   284.1594204830807
246   284.1594204830807
247   284.1594204830807
248   284.1594204830807
249   284.1594204830807
250   284.1594204830807
251   284.1594204830807
252   284.1594204830807
253   284.1594204830807
254   284.1594204830807
255   284.1594204830807
256   284.1594204830807
257   284.1594204830807
258   284.1594204830807
259   284.1594204830807
260   284.1594204830807
261   284.1594204830807
262   284.1594204830807
263   284.1594204830807
264   284.1594204830807
265   284.1594204830807
266   284.1594204830807
267   284.1594204830807
268   284.1594204830807
269   284.1594204830807
270   284.1594204830807
271   284.1594204830807
272   284.1594204830807
273   284.1594204830807
274   284.1594204830807
275   284.1594204830807
276   284.1594204830807
277   284.1594204830807
278   284.1594204830807
279   284.1594204830807
280   284.1594204830807
281   284.1594204830807
282   284.1594204830807
283   284.1594204830807
284   284.1594204830807
285   284.1594204830807
286   284.1594204830807
287   284.1594204830807
288   284.1594204830807
289   284.1594204830807
290   284.1594204830807
291   284.1594204830807
292   284.1594204830807
293   284.1594204830807
294   284.1594204830807
295   284.1594204830807
296   284.1594204830807
297   284.1594204830807
298   284.1594204830807
299   284.1594204830807
300   284.1594204830807
301   284.1594204830807
302   284.1594204830807
303   284.1594204830807
304   284.1594204830807
305   284.1594204830807
306   284.1594204830807
307   284.1594204830807
308   284.1594204830807
309   284.1594204830807
310   284.1594204830807
311   284.1594204830807
312   284.1594204830807
313   284.1594204830807
314   284.1594204830807
315   284.1594204830807
316   284.1594204830807
317   284.1594204830807
318   284.1594204830807
319   284.1594204830807
320   284.1594204830807
321   284.1594204830807
322   284.1594204830807
323   284.1594204830807
324   284.1594204830807
325   284.1594204830807
326   284.1594204830807
327   284.1594204830807
328   284.1594204830807
329   284.1594204830807
330   284.1594204830807
331   284.1594204830807
332   284.1594204830807
333   284.1594204830807
334   284.1594204830807
335   284.1594204830807
336   284.1594204830807
337   284.1594204830807
338   284.1594204830807
339   284.1594204830807
340   284.1594204830807
341   284.1594204830807
342   284.1594204830807
343   284.1594204830807
344   284.1594204830807
345   284.1594204830807
346   284.1594204830807
347   284.1594204830807
348   284.1594204830807
349   284.1594204830807
350   284.1594204830807
351   284.1594204830807
352   284.1594204830807
353   284.1594204830807
354   284.1594204830807
355   284.1594204830807
356   284.1594204830807
357   284.1594204830807
358   284.1594204830807
359   284.1594204830807
360   284.1594204830807
361   284.1594204830807
362   284.1594204830807
363   284.1594204830807
364   284.1594204830807
365   284.1594204830807
366   284.1594204830807
367   284.1594204830807
368   284.1594204830807
369   284.1594204830807
370   284.1594204830807
371   284.1594204830807
372   284.1594204830807
373   284.1594204830807
374   284.1594204830807
375   284.1594204830807
376   284.1594204830807
377   284.1594204830807
378   284.1594204830807
379   284.1594204830807
380   284.1594204830807
381   284.1594204830807
382   284.1594204830807
383   284.1594204830807
384   284.1594204830807
385   284.1594204830807
386   284.1594204830807
387   284.1594204830807
388   284.1594204830807
389   284.1594204830807
390   284.1594204830807
391   284.1594204830807
392   284.1594204830807
393   284.1594204830807
394   284.1594204830807
395   284.1594204830807
396   284.1594204830807
397   284.1594204830807
398   284.1594204830807
399   284.1594204830807
400   284.1594204830807
401   284.1594204830807
402   284.1594204830807
403   284.1594204830807
404   284.1594204830807
405   284.1594204830807
406   284.1594204830807
407   284.1594204830807
408   284.1594204830807
409   284.1594204830807
410   284.1594204830807
411   284.1594204830807
412   284.1594204830807
413   284.1594204830807
414   284.1594204830807
415   284.1594204830807
416   284.1594204830807
417   284.1594204830807
418   284.1594204830807
419   284.1594204830807
420   284.1594204830807
421   284.1594204830807
422   284.1594204830807
423   284.1594204830807
424   284.1594204830807
425   284.1594204830807
426   284.1594204830807
427   284.1594204830807
428   284.1594204830807
429   284.1594204830807
430   284.1594204830807
431   284.1594204830807
432   284.1594204830807
433   284.1594204830807
434   284.1594204830807
435   284.1594204830807
436   284.1594204830807
437   284.1594204830807
438   284.1594204830807
439   284.1594204830807
440   284.1594204830807
441   284.1594204830807
442   284.1594204830807
443   284.1594204830807
444   284.1594204830807
445   284.1594204830807
446   284.1594204830807
447   284.1594204830807
448   284.1594204830807
449   284.1594204830807
450   284.1594204830807
451   284.1594204830807
452   284.1594204830807
453   284.1594204830807
454   284.1594204830807
455   284.1594204830807
456   284.1594204830807
457   284.1594204830807
458   284.1594204830807
459   284.1594204830807
460   284.1594204830807
461   284.1594204830807
462   284.1594204830807
463   284.1594204830807
464   284.1594204830807
465   284.1594204830807
466   284.1594204830807
467   284.1594204830807
468   284.1594204830807
469   284.1594204830807
470   284.1594204830807
471   284.1594204830807
472   284.1594204830807
473   284.1594204830807
474   284.1594204830807
475   284.1594204830807
476   284.1594204830807
477   284.1594204830807
478   284.1594204830807
479   284.1594204830807
480   284.1594204830807
481   284.1594204830807
482   284.1594204830807
483   284.1594204830807
484   284.1594204830807
485   284.1594204830807
486   284.1594204830807
487   284.1594204830807
488   284.1594204830807
489   284.1594204830807
490   284.1594204830807
491   284.1594204830807
492   284.1594204830807
493   284.1594204830807
494   284.1594204830807
495   284.1594204830807
496   284.1594204830807
497   284.1594204830807
498   284.1594204830807
499   284.1594204830807
500   284.1594204830807
501   284.1594204830807
502   284.1594204830807
503   284.1594204830807
504   284.1594204830807
505   284.1594204830807
506   284.1594204830807
507   284.1594204830807
508   284.1594204830807
509   284.1594204830807
510   284.1594204830807
511   284.1594204830807
512   284.1594204830807
513   284.1594204830807
514   284.1594204830807
515   284.1594204830807
516   284.1594204830807
517   284.1594204830807
518   284.1594204830807
519   284.1594204830807
520   284.1594204830807
521   284.1594204830807
522   284.1594204830807
523   284.1594204830807
524   284.1594204830807
525   284.1594204830807
526   284.1594204830807
527   284.1594204830807
528   284.1594204830807
529   284.1594204830807
530   284.1594204830807
531   284.1594204830807
532   284.1594204830807
533   284.1594204830807
534   284.1594204830807
535   284.1594204830807
536   284.1594204830807
537   284.1594204830807
538   284.1594204830807
539   284.1594204830807
540   284.1594204830807
541   284.1594204830807
542   284.1594204830807
543   284.1594204830807
544   284.1594204830807
545   284.1594204830807
546   284.1594204830807
547   284.1594204830807
548   284.1594204830807
549   284.1594204830807
550   284.1594204830807
551   284.1594204830807
552   284.1594204830807
553   284.1594204830807
554   284.1594204830807
555   284.1594204830807
556   284.1594204830807
557   284.1594204830807
558   284.1594204830807
559   284.1594204830807
560   284.1594204830807
561   284.1594204830807
562   284.1594204830807
563   284.1594204830807
564   284.1594204830807
565   284.1594204830807
566   284.1594204830807
567   284.1594204830807
568   284.1594204830807
569   284.1594204830807
570   284.1594204830807
571   284.1594204830807
572   284.1594204830807
573   284.1594204830807
574   284.1594204830807
575   284.1594204830807
576   284.1594204830807
577   284.1594204830807
578   284.1594204830807
579   284.1594204830807
580   284.1594204830807
581   284.1594204830807
582   284.1594204830807
583   284.1594204830807
584   284.1594204830807
585   284.1594204830807
586   284.1594204830807
587   284.1594204830807
588   284.1594204830807
589   284.1594204830807
590   284.1594204830807
591   284.1594204830807
592   284.1594204830807
593   284.1594204830807
594   284.1594204830807
595   284.1594204830807
596   284.1594204830807
597   284.1594204830807
598   284.1594204830807
599   284.1594204830807
600   284.1594204830807
601   284.1594204830807
602   284.1594204830807
603   284.1594204830807
604   284.1594204830807
605   284.1594204830807
606   284.1594204830807
607   284.1594204830807
608   284.1594204830807
609   284.1594204830807
610   284.1594204830807
611   284.1594204830807
612   284.1594204830807
613   284.1594204830807
614   284.1594204830807
615   284.1594204830807
616   284.1594204830807
617   284.1594204830807
618   284.1594204830807
619   284.1594204830807
620   284.1594204830807
621   284.1594204830807
622   284.1594204830807
623   284.1594204830807
624   284.1594204830807
625   284.1594204830807
626   284.1594204830807
627   284.1594204830807
628   284.1594204830807
629   284.1594204830807
630   284.1594204830807
631   284.1594204830807
632   284.1594204830807
633   284.1594204830807
634   284.1594204830807
635   284.1594204830807
636   284.1594204830807
637   284.1594204830807
638   284.1594204830807
639   284.1594204830807
640   284.1594204830807
641   284.1594204830807
642   284.1594204830807
643   284.1594204830807
644   284.1594204830807
645   284.1594204830807
646   284.1594204830807
647   284.1594204830807
648   284.1594204830807
649   284.1594204830807
650   284.1594204830807
651   284.1594204830807
652   284.1594204830807
653   284.1594204830807
654   284.1594204830807
655   284.1594204830807
656   284.1594204830807
657   284.1594204830807
658   284.1594204830807
659   284.1594204830807
660   284.1594204830807
661   284.1594204830807
662   284.1594204830807
663   284.1594204830807
664   284.1594204830807
665   284.1594204830807
666   284.1594204830807
667   284.1594204830807
668   284.1594204830807
669   284.1594204830807
670   284.1594204830807
671   284.1594204830807
672   284.1594204830807
673   284.1594204830807
674   284.1594204830807
675   284.1594204830807
676   284.1594204830807
677   284.1594204830807
678   284.1594204830807
679   284.1594204830807
680   284.1594204830807
681   284.1594204830807
682   284.1594204830807
683   284.1594204830807
684   284.1594204830807
685   284.1594204830807
686   284.1594204830807
687   284.1594204830807
688   284.1594204830807
689   284.1594204830807
690   284.1594204830807
691   284.1594204830807
692   284.1594204830807
693   284.1594204830807
694   284.1594204830807
695   284.1594204830807
696   284.1594204830807
697   284.1594204830807
698   284.1594204830807
699   284.1594204830807
700   284.1594204830807
701   284.1594204830807
702   284.1594204830807
703   284.1594204830807
704   284.1594204830807
705   284.1594204830807
706   284.1594204830807
707   284.1594204830807
708   284.1594204830807
709   284.1594204830807
710   284.1594204830807
711   284.1594204830807
712   284.1594204830807
713   284.1594204830807
714   284.1594204830807
715   284.1594204830807
716   284.1594204830807
717   284.1594204830807
718   284.1594204830807
719   284.1594204830807
720   284.1594204830807
721   284.1594204830807
722   284.1594204830807
723   284.1594204830807
724   284.1594204830807
725   284.1594204830807
726   284.1594204830807
727   284.1594204830807
728   284.1594204830807
729   284.1594204830807
730   284.1594204830807
731   284.1594204830807
732   284.1594204830807
733   284.1594204830807
734   284.1594204830807
735   284.1594204830807
736   284.1594204830807
737   284.1594204830807
738   284.1594204830807
739   284.1594204830807
740   284.1594204830807
741   284.1594204830807
742   284.1594204830807
743   284.1594204830807
744   284.1594204830807
745   284.1594204830807
746   284.1594204830807
747   284.1594204830807
748   284.1594204830807
749   284.1594204830807
750   284.1594204830807
751   284.1594204830807
752   284.1594204830807
753   284.1594204830807
754   284.1594204830807
755   284.1594204830807
756   284.1594204830807
757   284.1594204830807
758   284.1594204830807
759   284.1594204830807
760   284.1594204830807
761   284.1594204830807
762   284.1594204830807
763   284.1594204830807
764   284.1594204830807
765   284.1594204830807
766   284.1594204830807
767   284.1594204830807
768   284.1594204830807
769   284.1594204830807
770   284.1594204830807
771   284.1594204830807
772   284.1594204830807
773   284.1594204830807
774   284.1594204830807
775   284.1594204830807
776   284.1594204830807
777   284.1594204830807
778   284.1594204830807
779   284.1594204830807
780   284.1594204830807
781   284.1594204830807
782   284.1594204830807
783   284.1594204830807
784   284.1594204830807
785   284.1594204830807
786   284.1594204830807
787   284.1594204830807
788   284.1594204830807
789   284.1594204830807
790   284.1594204830807
791   284.1594204830807
792   284.1594204830807
793   284.1594204830807
794   284.1594204830807
795   284.1594204830807
796   284.1594204830807
797   284.1594204830807
798   284.1594204830807
799   284.1594204830807
800   284.1594204830807
801   284.1594204830807
802   284.1594204830807
803   284.1594204830807
804   284.1594204830807
805   284.1594204830807
806   284.1594204830807
807   284.1594204830807
808   284.1594204830807
809   284.1594204830807
810   284.1594204830807
811   284.1594204830807
812   284.1594204830807
813   284.1594204830807
814   284.1594204830807
815   284.1594204830807
816   284.1594204830807
817   284.1594204830807
818   284.1594204830807
819   284.1594204830807
820   284.1594204830807
821   284.1594204830807
822   284.1594204830807
823   284.1594204830807
824   284.1594204830807
825   284.1594204830807
826   284.1594204830807
827   284.1594204830807
828   284.1594204830807
829   284.1594204830807
830   284.1594204830807
831   284.1594204830807
832   284.1594204830807
833   284.1594204830807
834   284.1594204830807
835   284.1594204830807
836   284.1594204830807
837   284.1594204830807
838   284.1594204830807
839   284.1594204830807
840   284.1594204830807
841   284.1594204830807
842   284.1594204830807
843   284.1594204830807
844   284.1594204830807
845   284.1594204830807
846   284.1594204830807
847   284.1594204830807
848   284.1594204830807
849   284.1594204830807
850   284.1594204830807
851   284.1594204830807
852   284.1594204830807
853   284.1594204830807
854   284.1594204830807
855   284.1594204830807
856   284.1594204830807
857   284.1594204830807
858   284.1594204830807
859   284.1594204830807
860   284.1594204830807
861   284.1594204830807
862   284.1594204830807
863   284.1594204830807
864   284.1594204830807
865   284.1594204830807
866   284.1594204830807
867   284.1594204830807
868   284.1594204830807
869   284.1594204830807
870   284.1594204830807
871   284.1594204830807
872   284.1594204830807
873   284.1594204830807
874   284.1594204830807
875   284.1594204830807
876   284.1594204830807
877   284.1594204830807
878   284.1594204830807
879   284.1594204830807
880   284.1594204830807
881   284.1594204830807
882   284.1594204830807
883   284.1594204830807
884   284.1594204830807
885   284.1594204830807
886   284.1594204830807
887   284.1594204830807
888   284.1594204830807
889   284.1594204830807
890   284.1594204830807
891   284.1594204830807
892   284.1594204830807
893   284.1594204830807
894   284.1594204830807
895   284.1594204830807
896   284.1594204830807
897   284.1594204830807
898   284.1594204830807
899   284.1594204830807
900   284.1594204830807
901   284.1594204830807
902   284.1594204830807
903   284.1594204830807
904   284.1594204830807
905   284.1594204830807
906   284.1594204830807
907   284.1594204830807
908   284.1594204830807
909   284.1594204830807
910   284.1594204830807
911   284.1594204830807
912   284.1594204830807
913   284.1594204830807
914   284.1594204830807
915   284.1594204830807
916   284.1594204830807
917   284.1594204830807
918   284.1594204830807
919   284.1594204830807
920   284.1594204830807
921   284.1594204830807
922   284.1594204830807
923   284.1594204830807
924   284.1594204830807
925   284.1594204830807
926   284.1594204830807
927   284.1594204830807
928   284.1594204830807
929   284.1594204830807
930   284.1594204830807
931   284.1594204830807
932   284.1594204830807
933   284.1594204830807
934   284.1594204830807
935   284.1594204830807
936   284.1594204830807
937   284.1594204830807
938   284.1594204830807
939   284.1594204830807
940   284.1594204830807
941   284.1594204830807
942   284.1594204830807
943   284.1594204830807
944   284.1594204830807
945   284.1594204830807
946   284.1594204830807
947   284.1594204830807
948   284.1594204830807
949   284.1594204830807
950   284.1594204830807
951   284.1594204830807
952   284.1594204830807
953   284.1594204830807
954   284.1594204830807
955   284.1594204830807
956   284.1594204830807
957   284.1594204830807
958   284.1594204830807
959   284.1594204830807
960   284.1594204830807
961   284.1594204830807
962   284.1594204830807
963   284.1594204830807
964   284.1594204830807
965   284.1594204830807
966   284.1594204830807
967   284.1594204830807
968   284.1594204830807
969   284.1594204830807
970   284.1594204830807
971   284.1594204830807
972   284.1594204830807
973   284.1594204830807
974   284.1594204830807
975   284.1594204830807
976   284.1594204830807
977   284.1594204830807
978   284.1594204830807
979   284.1594204830807
980   284.1594204830807
981   284.1594204830807
982   284.1594204830807
983   284.1594204830807
984   284.1594204830807
985   284.1594204830807
986   284.1594204830807
987   284.1594204830807
988   284.1594204830807
989   284.1594204830807
990   284.1594204830807
991   284.1594204830807
992   284.1594204830807
993   284.1594204830807
994   284.1594204830807
995   284.1594204830807
996   284.1594204830807
997   284.1594204830807
998   284.1594204830807
999   284.1594204830807
