1   272.61370997406857
2   272.61370997406857
3   272.61370997406857
4   272.61370997406857
5   272.61370997406857
6   272.61370997406857
7   248.73881152507772
8   248.73881152507772
9   248.73881152507772
10   248.73881152507772
11   248.73881152507772
12   248.73881152507772
13   248.73881152507772
14   248.73881152507772
15   248.73881152507772
16   248.73881152507772
17   248.73881152507772
18   248.73881152507772
19   248.73881152507772
20   248.73881152507772
21   248.73881152507772
22   248.73881152507772
23   248.73881152507772
24   248.73881152507772
25   248.73881152507772
26   248.73881152507772
27   248.73881152507772
28   248.73881152507772
29   248.73881152507772
30   248.73881152507772
31   248.73881152507772
32   248.73881152507772
33   248.73881152507772
34   248.73881152507772
35   248.73881152507772
36   248.73881152507772
37   248.73881152507772
38   248.73881152507772
39   248.73881152507772
40   248.73881152507772
41   248.73881152507772
42   248.73881152507772
43   248.73881152507772
44   248.73881152507772
45   248.73881152507772
46   248.73881152507772
47   248.73881152507772
48   248.73881152507772
49   248.73881152507772
50   248.73881152507772
51   248.73881152507772
52   248.73881152507772
53   248.73881152507772
54   248.73881152507772
55   248.73881152507772
56   248.73881152507772
57   248.73881152507772
58   248.73881152507772
59   248.73881152507772
60   248.73881152507772
61   248.73881152507772
62   248.73881152507772
63   248.73881152507772
64   248.73881152507772
65   248.73881152507772
66   248.73881152507772
67   248.73881152507772
68   248.73881152507772
69   248.73881152507772
70   248.73881152507772
71   248.73881152507772
72   248.73881152507772
73   248.73881152507772
74   248.73881152507772
75   248.73881152507772
76   248.73881152507772
77   248.73881152507772
78   248.73881152507772
79   248.73881152507772
80   248.73881152507772
81   248.73881152507772
82   248.73881152507772
83   248.73881152507772
84   248.73881152507772
85   248.73881152507772
86   248.73881152507772
87   248.73881152507772
88   248.73881152507772
89   248.73881152507772
90   248.73881152507772
91   248.73881152507772
92   248.73881152507772
93   248.73881152507772
94   248.73881152507772
95   248.73881152507772
96   248.73881152507772
97   248.73881152507772
98   248.73881152507772
99   248.73881152507772
100   248.73881152507772
101   248.73881152507772
102   248.73881152507772
103   248.73881152507772
104   248.73881152507772
105   248.73881152507772
106   248.73881152507772
107   248.73881152507772
108   248.73881152507772
109   248.73881152507772
110   248.73881152507772
111   248.73881152507772
112   248.73881152507772
113   248.73881152507772
114   248.73881152507772
115   248.73881152507772
116   248.73881152507772
117   248.73881152507772
118   248.73881152507772
119   248.73881152507772
120   248.73881152507772
121   248.73881152507772
122   248.73881152507772
123   248.73881152507772
124   248.73881152507772
125   248.73881152507772
126   248.73881152507772
127   248.73881152507772
128   248.73881152507772
129   248.73881152507772
130   248.73881152507772
131   248.73881152507772
132   248.73881152507772
133   248.73881152507772
134   248.73881152507772
135   248.73881152507772
136   248.73881152507772
137   248.73881152507772
138   248.73881152507772
139   248.73881152507772
140   248.73881152507772
141   248.73881152507772
142   248.73881152507772
143   248.73881152507772
144   248.73881152507772
145   248.73881152507772
146   248.73881152507772
147   248.73881152507772
148   248.73881152507772
149   248.73881152507772
150   248.73881152507772
151   248.73881152507772
152   248.73881152507772
153   248.73881152507772
154   248.73881152507772
155   248.73881152507772
156   248.73881152507772
157   248.73881152507772
158   248.73881152507772
159   248.73881152507772
160   248.73881152507772
161   248.73881152507772
162   248.73881152507772
163   248.73881152507772
164   248.73881152507772
165   248.73881152507772
166   248.73881152507772
167   248.73881152507772
168   248.73881152507772
169   248.73881152507772
170   248.73881152507772
171   248.73881152507772
172   248.73881152507772
173   248.73881152507772
174   248.73881152507772
175   248.73881152507772
176   248.73881152507772
177   248.73881152507772
178   248.73881152507772
179   248.73881152507772
180   248.73881152507772
181   248.73881152507772
182   248.73881152507772
183   248.73881152507772
184   248.73881152507772
185   248.73881152507772
186   248.73881152507772
187   248.73881152507772
188   248.73881152507772
189   248.73881152507772
190   248.73881152507772
191   248.73881152507772
192   248.73881152507772
193   248.73881152507772
194   248.73881152507772
195   248.73881152507772
196   248.73881152507772
197   248.73881152507772
198   248.73881152507772
199   248.73881152507772
200   248.73881152507772
201   248.73881152507772
202   248.73881152507772
203   248.73881152507772
204   248.73881152507772
205   248.73881152507772
206   248.73881152507772
207   248.73881152507772
208   248.73881152507772
209   248.73881152507772
210   248.73881152507772
211   248.73881152507772
212   248.73881152507772
213   248.73881152507772
214   248.73881152507772
215   248.73881152507772
216   248.73881152507772
217   248.73881152507772
218   248.73881152507772
219   248.73881152507772
220   248.73881152507772
221   248.73881152507772
222   248.73881152507772
223   248.73881152507772
224   248.73881152507772
225   248.73881152507772
226   248.73881152507772
227   248.73881152507772
228   248.73881152507772
229   248.73881152507772
230   248.73881152507772
231   248.73881152507772
232   248.73881152507772
233   248.73881152507772
234   248.73881152507772
235   248.73881152507772
236   248.73881152507772
237   248.73881152507772
238   248.73881152507772
239   248.73881152507772
240   248.73881152507772
241   248.73881152507772
242   248.73881152507772
243   248.73881152507772
244   248.73881152507772
245   248.73881152507772
246   248.73881152507772
247   248.73881152507772
248   248.73881152507772
249   248.73881152507772
250   248.73881152507772
251   248.73881152507772
252   248.73881152507772
253   248.73881152507772
254   248.73881152507772
255   248.73881152507772
256   248.73881152507772
257   248.73881152507772
258   248.73881152507772
259   248.73881152507772
260   248.73881152507772
261   248.73881152507772
262   248.73881152507772
263   248.73881152507772
264   248.73881152507772
265   248.73881152507772
266   248.73881152507772
267   248.73881152507772
268   248.73881152507772
269   248.73881152507772
270   248.73881152507772
271   248.73881152507772
272   248.73881152507772
273   248.73881152507772
274   248.73881152507772
275   248.73881152507772
276   248.73881152507772
277   248.73881152507772
278   248.73881152507772
279   248.73881152507772
280   248.73881152507772
281   248.73881152507772
282   248.73881152507772
283   248.73881152507772
284   248.73881152507772
285   248.73881152507772
286   248.73881152507772
287   248.73881152507772
288   248.73881152507772
289   248.73881152507772
290   248.73881152507772
291   248.73881152507772
292   248.73881152507772
293   248.73881152507772
294   248.73881152507772
295   248.73881152507772
296   248.73881152507772
297   248.73881152507772
298   248.73881152507772
299   248.73881152507772
300   248.73881152507772
301   248.73881152507772
302   248.73881152507772
303   248.73881152507772
304   248.73881152507772
305   248.73881152507772
306   248.73881152507772
307   248.73881152507772
308   248.73881152507772
309   248.73881152507772
310   248.73881152507772
311   248.73881152507772
312   248.73881152507772
313   248.73881152507772
314   248.73881152507772
315   248.73881152507772
316   248.73881152507772
317   248.73881152507772
318   248.73881152507772
319   248.73881152507772
320   248.73881152507772
321   248.73881152507772
322   248.73881152507772
323   248.73881152507772
324   248.73881152507772
325   248.73881152507772
326   248.73881152507772
327   248.73881152507772
328   248.73881152507772
329   248.73881152507772
330   248.73881152507772
331   248.73881152507772
332   248.73881152507772
333   248.73881152507772
334   248.73881152507772
335   248.73881152507772
336   248.73881152507772
337   248.73881152507772
338   248.73881152507772
339   248.73881152507772
340   248.73881152507772
341   248.73881152507772
342   248.73881152507772
343   248.73881152507772
344   248.73881152507772
345   248.73881152507772
346   248.73881152507772
347   248.73881152507772
348   248.73881152507772
349   248.73881152507772
350   248.73881152507772
351   248.73881152507772
352   248.73881152507772
353   248.73881152507772
354   248.73881152507772
355   248.73881152507772
356   248.73881152507772
357   248.73881152507772
358   248.73881152507772
359   248.73881152507772
360   248.73881152507772
361   248.73881152507772
362   248.73881152507772
363   248.73881152507772
364   248.73881152507772
365   248.73881152507772
366   248.73881152507772
367   248.73881152507772
368   248.73881152507772
369   248.73881152507772
370   248.73881152507772
371   248.73881152507772
372   248.73881152507772
373   248.73881152507772
374   248.73881152507772
375   248.73881152507772
376   248.73881152507772
377   248.73881152507772
378   248.73881152507772
379   248.73881152507772
380   248.73881152507772
381   248.73881152507772
382   248.73881152507772
383   248.73881152507772
384   248.73881152507772
385   248.73881152507772
386   248.73881152507772
387   248.73881152507772
388   248.73881152507772
389   248.73881152507772
390   248.73881152507772
391   248.73881152507772
392   248.73881152507772
393   248.73881152507772
394   248.73881152507772
395   248.73881152507772
396   248.73881152507772
397   248.73881152507772
398   248.73881152507772
399   248.73881152507772
400   248.73881152507772
401   248.73881152507772
402   248.73881152507772
403   248.73881152507772
404   248.73881152507772
405   248.73881152507772
406   248.73881152507772
407   248.73881152507772
408   248.73881152507772
409   248.73881152507772
410   248.73881152507772
411   248.73881152507772
412   248.73881152507772
413   248.73881152507772
414   248.73881152507772
415   248.73881152507772
416   248.73881152507772
417   248.73881152507772
418   248.73881152507772
419   248.73881152507772
420   248.73881152507772
421   248.73881152507772
422   248.73881152507772
423   248.73881152507772
424   248.73881152507772
425   248.73881152507772
426   248.73881152507772
427   248.73881152507772
428   248.73881152507772
429   248.73881152507772
430   248.73881152507772
431   248.73881152507772
432   248.73881152507772
433   248.73881152507772
434   248.73881152507772
435   248.73881152507772
436   248.73881152507772
437   248.73881152507772
438   248.73881152507772
439   248.73881152507772
440   248.73881152507772
441   248.73881152507772
442   248.73881152507772
443   248.73881152507772
444   248.73881152507772
445   248.73881152507772
446   248.73881152507772
447   248.73881152507772
448   248.73881152507772
449   248.73881152507772
450   248.73881152507772
451   248.73881152507772
452   248.73881152507772
453   248.73881152507772
454   248.73881152507772
455   248.73881152507772
456   248.73881152507772
457   248.73881152507772
458   248.73881152507772
459   248.73881152507772
460   248.73881152507772
461   248.73881152507772
462   248.73881152507772
463   248.73881152507772
464   248.73881152507772
465   248.73881152507772
466   248.73881152507772
467   248.73881152507772
468   248.73881152507772
469   248.73881152507772
470   248.73881152507772
471   248.73881152507772
472   248.73881152507772
473   248.73881152507772
474   248.73881152507772
475   248.73881152507772
476   248.73881152507772
477   248.73881152507772
478   248.73881152507772
479   248.73881152507772
480   248.73881152507772
481   248.73881152507772
482   248.73881152507772
483   248.73881152507772
484   248.73881152507772
485   248.73881152507772
486   248.73881152507772
487   248.73881152507772
488   248.73881152507772
489   248.73881152507772
490   248.73881152507772
491   248.73881152507772
492   248.73881152507772
493   248.73881152507772
494   248.73881152507772
495   248.73881152507772
496   248.73881152507772
497   248.73881152507772
498   248.73881152507772
499   248.73881152507772
500   248.73881152507772
501   248.73881152507772
502   248.73881152507772
503   248.73881152507772
504   248.73881152507772
505   248.73881152507772
506   248.73881152507772
507   248.73881152507772
508   248.73881152507772
509   248.73881152507772
510   248.73881152507772
511   248.73881152507772
512   248.73881152507772
513   248.73881152507772
514   248.73881152507772
515   248.73881152507772
516   248.73881152507772
517   248.73881152507772
518   248.73881152507772
519   248.73881152507772
520   248.73881152507772
521   248.73881152507772
522   248.73881152507772
523   248.73881152507772
524   248.73881152507772
525   248.73881152507772
526   248.73881152507772
527   248.73881152507772
528   248.73881152507772
529   248.73881152507772
530   248.73881152507772
531   248.73881152507772
532   248.73881152507772
533   248.73881152507772
534   248.73881152507772
535   248.73881152507772
536   248.73881152507772
537   248.73881152507772
538   248.73881152507772
539   248.73881152507772
540   248.73881152507772
541   248.73881152507772
542   248.73881152507772
543   248.73881152507772
544   248.73881152507772
545   248.73881152507772
546   248.73881152507772
547   248.73881152507772
548   248.73881152507772
549   248.73881152507772
550   248.73881152507772
551   248.73881152507772
552   248.73881152507772
553   248.73881152507772
554   248.73881152507772
555   248.73881152507772
556   248.73881152507772
557   248.73881152507772
558   248.73881152507772
559   248.73881152507772
560   248.73881152507772
561   248.73881152507772
562   248.73881152507772
563   248.73881152507772
564   248.73881152507772
565   248.73881152507772
566   248.73881152507772
567   248.73881152507772
568   248.73881152507772
569   248.73881152507772
570   248.73881152507772
571   248.73881152507772
572   248.73881152507772
573   248.73881152507772
574   248.73881152507772
575   248.73881152507772
576   248.73881152507772
577   248.73881152507772
578   248.73881152507772
579   248.73881152507772
580   248.73881152507772
581   248.73881152507772
582   248.73881152507772
583   248.73881152507772
584   248.73881152507772
585   248.73881152507772
586   248.73881152507772
587   248.73881152507772
588   248.73881152507772
589   248.73881152507772
590   248.73881152507772
591   248.73881152507772
592   248.73881152507772
593   248.73881152507772
594   248.73881152507772
595   248.73881152507772
596   248.73881152507772
597   248.73881152507772
598   248.73881152507772
599   248.73881152507772
600   248.73881152507772
601   248.73881152507772
602   248.73881152507772
603   248.73881152507772
604   248.73881152507772
605   248.73881152507772
606   248.73881152507772
607   248.73881152507772
608   248.73881152507772
609   248.73881152507772
610   248.73881152507772
611   248.73881152507772
612   248.73881152507772
613   248.73881152507772
614   248.73881152507772
615   248.73881152507772
616   248.73881152507772
617   248.73881152507772
618   248.73881152507772
619   248.73881152507772
620   248.73881152507772
621   248.73881152507772
622   248.73881152507772
623   248.73881152507772
624   248.73881152507772
625   248.73881152507772
626   248.73881152507772
627   248.73881152507772
628   248.73881152507772
629   248.73881152507772
630   248.73881152507772
631   248.73881152507772
632   248.73881152507772
633   248.73881152507772
634   248.73881152507772
635   248.73881152507772
636   248.73881152507772
637   248.73881152507772
638   248.73881152507772
639   248.73881152507772
640   248.73881152507772
641   248.73881152507772
642   248.73881152507772
643   248.73881152507772
644   248.73881152507772
645   248.73881152507772
646   248.73881152507772
647   248.73881152507772
648   248.73881152507772
649   248.73881152507772
650   248.73881152507772
651   248.73881152507772
652   248.73881152507772
653   248.73881152507772
654   248.73881152507772
655   248.73881152507772
656   248.73881152507772
657   248.73881152507772
658   248.73881152507772
659   248.73881152507772
660   248.73881152507772
661   248.73881152507772
662   248.73881152507772
663   248.73881152507772
664   248.73881152507772
665   248.73881152507772
666   248.73881152507772
667   248.73881152507772
668   248.73881152507772
669   248.73881152507772
670   248.73881152507772
671   248.73881152507772
672   248.73881152507772
673   248.73881152507772
674   248.73881152507772
675   248.73881152507772
676   248.73881152507772
677   248.73881152507772
678   248.73881152507772
679   248.73881152507772
680   248.73881152507772
681   248.73881152507772
682   248.73881152507772
683   248.73881152507772
684   248.73881152507772
685   248.73881152507772
686   248.73881152507772
687   248.73881152507772
688   248.73881152507772
689   248.73881152507772
690   248.73881152507772
691   248.73881152507772
692   248.73881152507772
693   248.73881152507772
694   248.73881152507772
695   248.73881152507772
696   248.73881152507772
697   248.73881152507772
698   248.73881152507772
699   248.73881152507772
700   248.73881152507772
701   248.73881152507772
702   248.73881152507772
703   248.73881152507772
704   248.73881152507772
705   248.73881152507772
706   248.73881152507772
707   248.73881152507772
708   248.73881152507772
709   248.73881152507772
710   248.73881152507772
711   248.73881152507772
712   248.73881152507772
713   248.73881152507772
714   248.73881152507772
715   248.73881152507772
716   248.73881152507772
717   248.73881152507772
718   248.73881152507772
719   248.73881152507772
720   248.73881152507772
721   248.73881152507772
722   248.73881152507772
723   248.73881152507772
724   248.73881152507772
725   248.73881152507772
726   248.73881152507772
727   248.73881152507772
728   248.73881152507772
729   248.73881152507772
730   248.73881152507772
731   248.73881152507772
732   248.73881152507772
733   248.73881152507772
734   248.73881152507772
735   248.73881152507772
736   248.73881152507772
737   248.73881152507772
738   248.73881152507772
739   248.73881152507772
740   248.73881152507772
741   248.73881152507772
742   248.73881152507772
743   248.73881152507772
744   248.73881152507772
745   248.73881152507772
746   248.73881152507772
747   248.73881152507772
748   248.73881152507772
749   248.73881152507772
750   248.73881152507772
751   248.73881152507772
752   248.73881152507772
753   248.73881152507772
754   248.73881152507772
755   248.73881152507772
756   248.73881152507772
757   248.73881152507772
758   248.73881152507772
759   248.73881152507772
760   248.73881152507772
761   248.73881152507772
762   248.73881152507772
763   248.73881152507772
764   248.73881152507772
765   248.73881152507772
766   248.73881152507772
767   248.73881152507772
768   248.73881152507772
769   248.73881152507772
770   248.73881152507772
771   248.73881152507772
772   248.73881152507772
773   248.73881152507772
774   248.73881152507772
775   248.73881152507772
776   248.73881152507772
777   248.73881152507772
778   248.73881152507772
779   248.73881152507772
780   248.73881152507772
781   248.73881152507772
782   248.73881152507772
783   248.73881152507772
784   248.73881152507772
785   248.73881152507772
786   248.73881152507772
787   248.73881152507772
788   248.73881152507772
789   248.73881152507772
790   248.73881152507772
791   248.73881152507772
792   248.73881152507772
793   248.73881152507772
794   248.73881152507772
795   248.73881152507772
796   248.73881152507772
797   248.73881152507772
798   248.73881152507772
799   248.73881152507772
800   248.73881152507772
801   248.73881152507772
802   248.73881152507772
803   248.73881152507772
804   248.73881152507772
805   248.73881152507772
806   248.73881152507772
807   248.73881152507772
808   248.73881152507772
809   248.73881152507772
810   248.73881152507772
811   248.73881152507772
812   248.73881152507772
813   248.73881152507772
814   248.73881152507772
815   248.73881152507772
816   248.73881152507772
817   248.73881152507772
818   248.73881152507772
819   248.73881152507772
820   248.73881152507772
821   248.73881152507772
822   248.73881152507772
823   248.73881152507772
824   248.73881152507772
825   248.73881152507772
826   248.73881152507772
827   248.73881152507772
828   248.73881152507772
829   248.73881152507772
830   248.73881152507772
831   248.73881152507772
832   248.73881152507772
833   248.73881152507772
834   248.73881152507772
835   248.73881152507772
836   248.73881152507772
837   248.73881152507772
838   248.73881152507772
839   248.73881152507772
840   248.73881152507772
841   248.73881152507772
842   248.73881152507772
843   248.73881152507772
844   248.73881152507772
845   248.73881152507772
846   248.73881152507772
847   248.73881152507772
848   248.73881152507772
849   248.73881152507772
850   248.73881152507772
851   248.73881152507772
852   248.73881152507772
853   248.73881152507772
854   248.73881152507772
855   248.73881152507772
856   248.73881152507772
857   248.73881152507772
858   248.73881152507772
859   248.73881152507772
860   248.73881152507772
861   248.73881152507772
862   248.73881152507772
863   248.73881152507772
864   248.73881152507772
865   248.73881152507772
866   248.73881152507772
867   248.73881152507772
868   248.73881152507772
869   248.73881152507772
870   248.73881152507772
871   248.73881152507772
872   248.73881152507772
873   248.73881152507772
874   248.73881152507772
875   248.73881152507772
876   248.73881152507772
877   248.73881152507772
878   248.73881152507772
879   248.73881152507772
880   248.73881152507772
881   248.73881152507772
882   248.73881152507772
883   248.73881152507772
884   248.73881152507772
885   248.73881152507772
886   248.73881152507772
887   248.73881152507772
888   248.73881152507772
889   248.73881152507772
890   248.73881152507772
891   248.73881152507772
892   248.73881152507772
893   248.73881152507772
894   248.73881152507772
895   248.73881152507772
896   248.73881152507772
897   248.73881152507772
898   248.73881152507772
899   248.73881152507772
900   248.73881152507772
901   248.73881152507772
902   248.73881152507772
903   248.73881152507772
904   248.73881152507772
905   248.73881152507772
906   248.73881152507772
907   248.73881152507772
908   248.73881152507772
909   248.73881152507772
910   248.73881152507772
911   248.73881152507772
912   248.73881152507772
913   248.73881152507772
914   248.73881152507772
915   248.73881152507772
916   248.73881152507772
917   248.73881152507772
918   248.73881152507772
919   248.73881152507772
920   248.73881152507772
921   248.73881152507772
922   248.73881152507772
923   248.73881152507772
924   248.73881152507772
925   248.73881152507772
926   248.73881152507772
927   248.73881152507772
928   248.73881152507772
929   248.73881152507772
930   248.73881152507772
931   248.73881152507772
932   248.73881152507772
933   248.73881152507772
934   248.73881152507772
935   248.73881152507772
936   248.73881152507772
937   248.73881152507772
938   248.73881152507772
939   248.73881152507772
940   248.73881152507772
941   248.73881152507772
942   248.73881152507772
943   248.73881152507772
944   248.73881152507772
945   248.73881152507772
946   248.73881152507772
947   248.73881152507772
948   248.73881152507772
949   248.73881152507772
950   248.73881152507772
951   248.73881152507772
952   248.73881152507772
953   248.73881152507772
954   248.73881152507772
955   248.73881152507772
956   248.73881152507772
957   248.73881152507772
958   248.73881152507772
959   248.73881152507772
960   248.73881152507772
961   248.73881152507772
962   248.73881152507772
963   248.73881152507772
964   248.73881152507772
965   248.73881152507772
966   248.73881152507772
967   248.73881152507772
968   248.73881152507772
969   248.73881152507772
970   248.73881152507772
971   248.73881152507772
972   248.73881152507772
973   248.73881152507772
974   248.73881152507772
975   248.73881152507772
976   248.73881152507772
977   248.73881152507772
978   248.73881152507772
979   248.73881152507772
980   248.73881152507772
981   248.73881152507772
982   248.73881152507772
983   248.73881152507772
984   248.73881152507772
985   248.73881152507772
986   248.73881152507772
987   248.73881152507772
988   248.73881152507772
989   248.73881152507772
990   248.73881152507772
991   248.73881152507772
992   248.73881152507772
993   248.73881152507772
994   248.73881152507772
995   248.73881152507772
996   248.73881152507772
997   248.73881152507772
998   248.73881152507772
999   248.73881152507772
