1   288.1227435447194
2   244.24959965082695
3   244.24959965082695
4   244.24959965082695
5   244.24959965082695
6   244.24959965082695
7   244.24959965082695
8   244.24959965082695
9   244.24959965082695
10   244.24959965082695
11   244.24959965082695
12   244.24959965082695
13   244.24959965082695
14   244.24959965082695
15   244.24959965082695
16   244.24959965082695
17   244.24959965082695
18   244.24959965082695
19   244.24959965082695
20   244.24959965082695
21   244.24959965082695
22   244.24959965082695
23   244.24959965082695
24   244.24959965082695
25   244.24959965082695
26   244.24959965082695
27   244.24959965082695
28   244.24959965082695
29   244.24959965082695
30   244.24959965082695
31   244.24959965082695
32   244.24959965082695
33   244.24959965082695
34   244.24959965082695
35   244.24959965082695
36   244.24959965082695
37   244.24959965082695
38   244.24959965082695
39   244.24959965082695
40   244.24959965082695
41   244.24959965082695
42   244.24959965082695
43   244.24959965082695
44   244.24959965082695
45   244.24959965082695
46   244.24959965082695
47   244.24959965082695
48   244.24959965082695
49   244.24959965082695
50   244.24959965082695
51   244.24959965082695
52   244.24959965082695
53   244.24959965082695
54   244.24959965082695
55   244.24959965082695
56   244.24959965082695
57   244.24959965082695
58   244.24959965082695
59   244.24959965082695
60   244.24959965082695
61   244.24959965082695
62   244.24959965082695
63   244.24959965082695
64   244.24959965082695
65   244.24959965082695
66   244.24959965082695
67   244.24959965082695
68   244.24959965082695
69   244.24959965082695
70   244.24959965082695
71   244.24959965082695
72   244.24959965082695
73   244.24959965082695
74   244.24959965082695
75   244.24959965082695
76   244.24959965082695
77   244.24959965082695
78   244.24959965082695
79   244.24959965082695
80   244.24959965082695
81   244.24959965082695
82   244.24959965082695
83   244.24959965082695
84   244.24959965082695
85   244.24959965082695
86   244.24959965082695
87   244.24959965082695
88   244.24959965082695
89   244.24959965082695
90   244.24959965082695
91   244.24959965082695
92   244.24959965082695
93   244.24959965082695
94   244.24959965082695
95   244.24959965082695
96   244.24959965082695
97   244.24959965082695
98   244.24959965082695
99   244.24959965082695
100   244.24959965082695
101   244.24959965082695
102   244.24959965082695
103   244.24959965082695
104   244.24959965082695
105   244.24959965082695
106   244.24959965082695
107   244.24959965082695
108   244.24959965082695
109   244.24959965082695
110   244.24959965082695
111   244.24959965082695
112   244.24959965082695
113   244.24959965082695
114   244.24959965082695
115   244.24959965082695
116   244.24959965082695
117   244.24959965082695
118   244.24959965082695
119   244.24959965082695
120   244.24959965082695
121   244.24959965082695
122   244.24959965082695
123   244.24959965082695
124   244.24959965082695
125   244.24959965082695
126   244.24959965082695
127   244.24959965082695
128   244.24959965082695
129   244.24959965082695
130   244.24959965082695
131   244.24959965082695
132   244.24959965082695
133   244.24959965082695
134   244.24959965082695
135   244.24959965082695
136   244.24959965082695
137   244.24959965082695
138   244.24959965082695
139   244.24959965082695
140   244.24959965082695
141   244.24959965082695
142   244.24959965082695
143   244.24959965082695
144   244.24959965082695
145   244.24959965082695
146   244.24959965082695
147   244.24959965082695
148   244.24959965082695
149   244.24959965082695
150   244.24959965082695
151   244.24959965082695
152   244.24959965082695
153   244.24959965082695
154   244.24959965082695
155   244.24959965082695
156   244.24959965082695
157   244.24959965082695
158   244.24959965082695
159   244.24959965082695
160   244.24959965082695
161   244.24959965082695
162   244.24959965082695
163   244.24959965082695
164   244.24959965082695
165   244.24959965082695
166   244.24959965082695
167   244.24959965082695
168   244.24959965082695
169   244.24959965082695
170   244.24959965082695
171   244.24959965082695
172   244.24959965082695
173   244.24959965082695
174   244.24959965082695
175   244.24959965082695
176   244.24959965082695
177   244.24959965082695
178   244.24959965082695
179   244.24959965082695
180   244.24959965082695
181   244.24959965082695
182   244.24959965082695
183   244.24959965082695
184   244.24959965082695
185   244.24959965082695
186   244.24959965082695
187   244.24959965082695
188   244.24959965082695
189   244.24959965082695
190   244.24959965082695
191   244.24959965082695
192   244.24959965082695
193   244.24959965082695
194   244.24959965082695
195   244.24959965082695
196   244.24959965082695
197   244.24959965082695
198   244.24959965082695
199   244.24959965082695
200   244.24959965082695
201   244.24959965082695
202   244.24959965082695
203   244.24959965082695
204   244.24959965082695
205   244.24959965082695
206   244.24959965082695
207   244.24959965082695
208   244.24959965082695
209   244.24959965082695
210   244.24959965082695
211   244.24959965082695
212   244.24959965082695
213   244.24959965082695
214   244.24959965082695
215   244.24959965082695
216   244.24959965082695
217   244.24959965082695
218   244.24959965082695
219   244.24959965082695
220   244.24959965082695
221   244.24959965082695
222   244.24959965082695
223   244.24959965082695
224   244.24959965082695
225   244.24959965082695
226   244.24959965082695
227   244.24959965082695
228   244.24959965082695
229   244.24959965082695
230   244.24959965082695
231   244.24959965082695
232   244.24959965082695
233   244.24959965082695
234   244.24959965082695
235   244.24959965082695
236   244.24959965082695
237   244.24959965082695
238   244.24959965082695
239   244.24959965082695
240   244.24959965082695
241   244.24959965082695
242   244.24959965082695
243   244.24959965082695
244   244.24959965082695
245   244.24959965082695
246   244.24959965082695
247   244.24959965082695
248   244.24959965082695
249   244.24959965082695
250   244.24959965082695
251   244.24959965082695
252   244.24959965082695
253   244.24959965082695
254   244.24959965082695
255   244.24959965082695
256   244.24959965082695
257   244.24959965082695
258   244.24959965082695
259   244.24959965082695
260   244.24959965082695
261   244.24959965082695
262   244.24959965082695
263   244.24959965082695
264   244.24959965082695
265   244.24959965082695
266   244.24959965082695
267   244.24959965082695
268   244.24959965082695
269   244.24959965082695
270   244.24959965082695
271   244.24959965082695
272   244.24959965082695
273   244.24959965082695
274   244.24959965082695
275   244.24959965082695
276   244.24959965082695
277   244.24959965082695
278   244.24959965082695
279   244.24959965082695
280   244.24959965082695
281   244.24959965082695
282   244.24959965082695
283   244.24959965082695
284   244.24959965082695
285   244.24959965082695
286   244.24959965082695
287   244.24959965082695
288   244.24959965082695
289   244.24959965082695
290   244.24959965082695
291   244.24959965082695
292   244.24959965082695
293   244.24959965082695
294   244.24959965082695
295   244.24959965082695
296   244.24959965082695
297   244.24959965082695
298   244.24959965082695
299   244.24959965082695
300   244.24959965082695
301   244.24959965082695
302   244.24959965082695
303   244.24959965082695
304   244.24959965082695
305   244.24959965082695
306   244.24959965082695
307   244.24959965082695
308   244.24959965082695
309   244.24959965082695
310   244.24959965082695
311   244.24959965082695
312   244.24959965082695
313   244.24959965082695
314   244.24959965082695
315   244.24959965082695
316   244.24959965082695
317   244.24959965082695
318   244.24959965082695
319   244.24959965082695
320   244.24959965082695
321   244.24959965082695
322   244.24959965082695
323   244.24959965082695
324   244.24959965082695
325   244.24959965082695
326   244.24959965082695
327   244.24959965082695
328   244.24959965082695
329   244.24959965082695
330   244.24959965082695
331   244.24959965082695
332   244.24959965082695
333   244.24959965082695
334   244.24959965082695
335   244.24959965082695
336   244.24959965082695
337   244.24959965082695
338   244.24959965082695
339   244.24959965082695
340   244.24959965082695
341   244.24959965082695
342   244.24959965082695
343   244.24959965082695
344   244.24959965082695
345   244.24959965082695
346   244.24959965082695
347   244.24959965082695
348   244.24959965082695
349   244.24959965082695
350   244.24959965082695
351   244.24959965082695
352   244.24959965082695
353   244.24959965082695
354   244.24959965082695
355   244.24959965082695
356   244.24959965082695
357   244.24959965082695
358   244.24959965082695
359   244.24959965082695
360   244.24959965082695
361   244.24959965082695
362   244.24959965082695
363   244.24959965082695
364   244.24959965082695
365   244.24959965082695
366   244.24959965082695
367   244.24959965082695
368   244.24959965082695
369   244.24959965082695
370   244.24959965082695
371   244.24959965082695
372   244.24959965082695
373   244.24959965082695
374   244.24959965082695
375   244.24959965082695
376   244.24959965082695
377   244.24959965082695
378   244.24959965082695
379   244.24959965082695
380   244.24959965082695
381   244.24959965082695
382   244.24959965082695
383   244.24959965082695
384   244.24959965082695
385   244.24959965082695
386   244.24959965082695
387   244.24959965082695
388   244.24959965082695
389   244.24959965082695
390   244.24959965082695
391   244.24959965082695
392   244.24959965082695
393   244.24959965082695
394   244.24959965082695
395   244.24959965082695
396   244.24959965082695
397   244.24959965082695
398   244.24959965082695
399   244.24959965082695
400   244.24959965082695
401   244.24959965082695
402   244.24959965082695
403   244.24959965082695
404   244.24959965082695
405   244.24959965082695
406   244.24959965082695
407   244.24959965082695
408   244.24959965082695
409   244.24959965082695
410   244.24959965082695
411   244.24959965082695
412   244.24959965082695
413   244.24959965082695
414   244.24959965082695
415   244.24959965082695
416   244.24959965082695
417   244.24959965082695
418   244.24959965082695
419   244.24959965082695
420   244.24959965082695
421   244.24959965082695
422   244.24959965082695
423   244.24959965082695
424   244.24959965082695
425   244.24959965082695
426   244.24959965082695
427   244.24959965082695
428   244.24959965082695
429   244.24959965082695
430   244.24959965082695
431   244.24959965082695
432   244.24959965082695
433   244.24959965082695
434   244.24959965082695
435   244.24959965082695
436   244.24959965082695
437   244.24959965082695
438   244.24959965082695
439   244.24959965082695
440   244.24959965082695
441   244.24959965082695
442   244.24959965082695
443   244.24959965082695
444   244.24959965082695
445   244.24959965082695
446   244.24959965082695
447   244.24959965082695
448   244.24959965082695
449   244.24959965082695
450   244.24959965082695
451   244.24959965082695
452   244.24959965082695
453   244.24959965082695
454   244.24959965082695
455   244.24959965082695
456   244.24959965082695
457   244.24959965082695
458   244.24959965082695
459   244.24959965082695
460   244.24959965082695
461   244.24959965082695
462   244.24959965082695
463   244.24959965082695
464   244.24959965082695
465   244.24959965082695
466   244.24959965082695
467   244.24959965082695
468   244.24959965082695
469   244.24959965082695
470   244.24959965082695
471   244.24959965082695
472   244.24959965082695
473   244.24959965082695
474   244.24959965082695
475   244.24959965082695
476   244.24959965082695
477   244.24959965082695
478   244.24959965082695
479   244.24959965082695
480   244.24959965082695
481   244.24959965082695
482   244.24959965082695
483   244.24959965082695
484   244.24959965082695
485   244.24959965082695
486   244.24959965082695
487   244.24959965082695
488   244.24959965082695
489   244.24959965082695
490   244.24959965082695
491   244.24959965082695
492   244.24959965082695
493   244.24959965082695
494   244.24959965082695
495   244.24959965082695
496   244.24959965082695
497   244.24959965082695
498   244.24959965082695
499   244.24959965082695
500   244.24959965082695
501   244.24959965082695
502   244.24959965082695
503   244.24959965082695
504   244.24959965082695
505   244.24959965082695
506   244.24959965082695
507   244.24959965082695
508   244.24959965082695
509   244.24959965082695
510   244.24959965082695
511   244.24959965082695
512   244.24959965082695
513   244.24959965082695
514   244.24959965082695
515   244.24959965082695
516   244.24959965082695
517   244.24959965082695
518   244.24959965082695
519   244.24959965082695
520   244.24959965082695
521   244.24959965082695
522   244.24959965082695
523   244.24959965082695
524   244.24959965082695
525   244.24959965082695
526   244.24959965082695
527   244.24959965082695
528   244.24959965082695
529   244.24959965082695
530   244.24959965082695
531   244.24959965082695
532   244.24959965082695
533   244.24959965082695
534   244.24959965082695
535   244.24959965082695
536   244.24959965082695
537   244.24959965082695
538   244.24959965082695
539   244.24959965082695
540   244.24959965082695
541   244.24959965082695
542   244.24959965082695
543   244.24959965082695
544   244.24959965082695
545   244.24959965082695
546   244.24959965082695
547   244.24959965082695
548   244.24959965082695
549   244.24959965082695
550   244.24959965082695
551   244.24959965082695
552   244.24959965082695
553   244.24959965082695
554   244.24959965082695
555   244.24959965082695
556   244.24959965082695
557   244.24959965082695
558   244.24959965082695
559   244.24959965082695
560   244.24959965082695
561   244.24959965082695
562   244.24959965082695
563   244.24959965082695
564   244.24959965082695
565   244.24959965082695
566   244.24959965082695
567   244.24959965082695
568   244.24959965082695
569   244.24959965082695
570   244.24959965082695
571   244.24959965082695
572   244.24959965082695
573   244.24959965082695
574   244.24959965082695
575   244.24959965082695
576   244.24959965082695
577   244.24959965082695
578   244.24959965082695
579   244.24959965082695
580   244.24959965082695
581   244.24959965082695
582   244.24959965082695
583   244.24959965082695
584   244.24959965082695
585   244.24959965082695
586   244.24959965082695
587   244.24959965082695
588   244.24959965082695
589   244.24959965082695
590   244.24959965082695
591   244.24959965082695
592   244.24959965082695
593   244.24959965082695
594   244.24959965082695
595   244.24959965082695
596   244.24959965082695
597   244.24959965082695
598   244.24959965082695
599   244.24959965082695
600   244.24959965082695
601   244.24959965082695
602   244.24959965082695
603   244.24959965082695
604   244.24959965082695
605   244.24959965082695
606   244.24959965082695
607   244.24959965082695
608   244.24959965082695
609   244.24959965082695
610   244.24959965082695
611   244.24959965082695
612   244.24959965082695
613   244.24959965082695
614   244.24959965082695
615   244.24959965082695
616   244.24959965082695
617   244.24959965082695
618   244.24959965082695
619   244.24959965082695
620   244.24959965082695
621   244.24959965082695
622   244.24959965082695
623   244.24959965082695
624   244.24959965082695
625   244.24959965082695
626   244.24959965082695
627   244.24959965082695
628   244.24959965082695
629   244.24959965082695
630   244.24959965082695
631   244.24959965082695
632   244.24959965082695
633   244.24959965082695
634   244.24959965082695
635   244.24959965082695
636   244.24959965082695
637   244.24959965082695
638   244.24959965082695
639   244.24959965082695
640   244.24959965082695
641   244.24959965082695
642   244.24959965082695
643   244.24959965082695
644   244.24959965082695
645   244.24959965082695
646   244.24959965082695
647   244.24959965082695
648   244.24959965082695
649   244.24959965082695
650   244.24959965082695
651   244.24959965082695
652   244.24959965082695
653   244.24959965082695
654   244.24959965082695
655   244.24959965082695
656   244.24959965082695
657   244.24959965082695
658   244.24959965082695
659   244.24959965082695
660   244.24959965082695
661   244.24959965082695
662   244.24959965082695
663   244.24959965082695
664   244.24959965082695
665   244.24959965082695
666   244.24959965082695
667   244.24959965082695
668   244.24959965082695
669   244.24959965082695
670   244.24959965082695
671   244.24959965082695
672   244.24959965082695
673   244.24959965082695
674   244.24959965082695
675   244.24959965082695
676   244.24959965082695
677   244.24959965082695
678   244.24959965082695
679   244.24959965082695
680   244.24959965082695
681   244.24959965082695
682   244.24959965082695
683   244.24959965082695
684   244.24959965082695
685   244.24959965082695
686   244.24959965082695
687   244.24959965082695
688   244.24959965082695
689   244.24959965082695
690   244.24959965082695
691   244.24959965082695
692   244.24959965082695
693   244.24959965082695
694   244.24959965082695
695   244.24959965082695
696   244.24959965082695
697   244.24959965082695
698   244.24959965082695
699   244.24959965082695
700   244.24959965082695
701   244.24959965082695
702   244.24959965082695
703   244.24959965082695
704   244.24959965082695
705   244.24959965082695
706   244.24959965082695
707   244.24959965082695
708   244.24959965082695
709   244.24959965082695
710   244.24959965082695
711   244.24959965082695
712   244.24959965082695
713   244.24959965082695
714   244.24959965082695
715   244.24959965082695
716   244.24959965082695
717   244.24959965082695
718   244.24959965082695
719   244.24959965082695
720   244.24959965082695
721   244.24959965082695
722   244.24959965082695
723   244.24959965082695
724   244.24959965082695
725   244.24959965082695
726   244.24959965082695
727   244.24959965082695
728   244.24959965082695
729   244.24959965082695
730   244.24959965082695
731   244.24959965082695
732   244.24959965082695
733   244.24959965082695
734   244.24959965082695
735   244.24959965082695
736   244.24959965082695
737   244.24959965082695
738   244.24959965082695
739   244.24959965082695
740   244.24959965082695
741   244.24959965082695
742   244.24959965082695
743   244.24959965082695
744   244.24959965082695
745   244.24959965082695
746   244.24959965082695
747   244.24959965082695
748   244.24959965082695
749   244.24959965082695
750   244.24959965082695
751   244.24959965082695
752   244.24959965082695
753   244.24959965082695
754   244.24959965082695
755   244.24959965082695
756   244.24959965082695
757   244.24959965082695
758   244.24959965082695
759   244.24959965082695
760   244.24959965082695
761   244.24959965082695
762   244.24959965082695
763   244.24959965082695
764   244.24959965082695
765   244.24959965082695
766   244.24959965082695
767   244.24959965082695
768   244.24959965082695
769   244.24959965082695
770   244.24959965082695
771   244.24959965082695
772   244.24959965082695
773   244.24959965082695
774   244.24959965082695
775   244.24959965082695
776   244.24959965082695
777   244.24959965082695
778   244.24959965082695
779   244.24959965082695
780   244.24959965082695
781   244.24959965082695
782   244.24959965082695
783   244.24959965082695
784   244.24959965082695
785   244.24959965082695
786   244.24959965082695
787   244.24959965082695
788   244.24959965082695
789   244.24959965082695
790   244.24959965082695
791   244.24959965082695
792   244.24959965082695
793   244.24959965082695
794   244.24959965082695
795   244.24959965082695
796   244.24959965082695
797   244.24959965082695
798   244.24959965082695
799   244.24959965082695
800   244.24959965082695
801   244.24959965082695
802   244.24959965082695
803   244.24959965082695
804   244.24959965082695
805   244.24959965082695
806   244.24959965082695
807   244.24959965082695
808   244.24959965082695
809   244.24959965082695
810   244.24959965082695
811   244.24959965082695
812   244.24959965082695
813   244.24959965082695
814   244.24959965082695
815   244.24959965082695
816   244.24959965082695
817   244.24959965082695
818   244.24959965082695
819   244.24959965082695
820   244.24959965082695
821   244.24959965082695
822   244.24959965082695
823   244.24959965082695
824   244.24959965082695
825   244.24959965082695
826   244.24959965082695
827   244.24959965082695
828   244.24959965082695
829   244.24959965082695
830   244.24959965082695
831   244.24959965082695
832   244.24959965082695
833   244.24959965082695
834   244.24959965082695
835   244.24959965082695
836   244.24959965082695
837   244.24959965082695
838   244.24959965082695
839   244.24959965082695
840   244.24959965082695
841   244.24959965082695
842   244.24959965082695
843   244.24959965082695
844   244.24959965082695
845   244.24959965082695
846   244.24959965082695
847   244.24959965082695
848   244.24959965082695
849   244.24959965082695
850   244.24959965082695
851   244.24959965082695
852   244.24959965082695
853   244.24959965082695
854   244.24959965082695
855   244.24959965082695
856   244.24959965082695
857   244.24959965082695
858   244.24959965082695
859   244.24959965082695
860   244.24959965082695
861   244.24959965082695
862   244.24959965082695
863   244.24959965082695
864   244.24959965082695
865   244.24959965082695
866   244.24959965082695
867   244.24959965082695
868   244.24959965082695
869   244.24959965082695
870   244.24959965082695
871   244.24959965082695
872   244.24959965082695
873   244.24959965082695
874   244.24959965082695
875   244.24959965082695
876   244.24959965082695
877   244.24959965082695
878   244.24959965082695
879   244.24959965082695
880   244.24959965082695
881   244.24959965082695
882   244.24959965082695
883   244.24959965082695
884   244.24959965082695
885   244.24959965082695
886   244.24959965082695
887   244.24959965082695
888   244.24959965082695
889   244.24959965082695
890   244.24959965082695
891   244.24959965082695
892   244.24959965082695
893   244.24959965082695
894   244.24959965082695
895   244.24959965082695
896   244.24959965082695
897   244.24959965082695
898   244.24959965082695
899   244.24959965082695
900   244.24959965082695
901   244.24959965082695
902   244.24959965082695
903   244.24959965082695
904   244.24959965082695
905   244.24959965082695
906   244.24959965082695
907   244.24959965082695
908   244.24959965082695
909   244.24959965082695
910   244.24959965082695
911   244.24959965082695
912   244.24959965082695
913   244.24959965082695
914   244.24959965082695
915   244.24959965082695
916   244.24959965082695
917   244.24959965082695
918   244.24959965082695
919   244.24959965082695
920   244.24959965082695
921   244.24959965082695
922   244.24959965082695
923   244.24959965082695
924   244.24959965082695
925   244.24959965082695
926   244.24959965082695
927   244.24959965082695
928   244.24959965082695
929   244.24959965082695
930   244.24959965082695
931   244.24959965082695
932   244.24959965082695
933   244.24959965082695
934   244.24959965082695
935   244.24959965082695
936   244.24959965082695
937   244.24959965082695
938   244.24959965082695
939   244.24959965082695
940   244.24959965082695
941   244.24959965082695
942   244.24959965082695
943   244.24959965082695
944   244.24959965082695
945   244.24959965082695
946   244.24959965082695
947   244.24959965082695
948   244.24959965082695
949   244.24959965082695
950   244.24959965082695
951   244.24959965082695
952   244.24959965082695
953   244.24959965082695
954   244.24959965082695
955   244.24959965082695
956   244.24959965082695
957   244.24959965082695
958   244.24959965082695
959   244.24959965082695
960   244.24959965082695
961   244.24959965082695
962   244.24959965082695
963   244.24959965082695
964   244.24959965082695
965   244.24959965082695
966   244.24959965082695
967   244.24959965082695
968   244.24959965082695
969   244.24959965082695
970   244.24959965082695
971   244.24959965082695
972   244.24959965082695
973   244.24959965082695
974   244.24959965082695
975   244.24959965082695
976   244.24959965082695
977   244.24959965082695
978   244.24959965082695
979   244.24959965082695
980   244.24959965082695
981   244.24959965082695
982   244.24959965082695
983   244.24959965082695
984   244.24959965082695
985   244.24959965082695
986   244.24959965082695
987   244.24959965082695
988   244.24959965082695
989   244.24959965082695
990   244.24959965082695
991   244.24959965082695
992   244.24959965082695
993   244.24959965082695
994   244.24959965082695
995   244.24959965082695
996   244.24959965082695
997   244.24959965082695
998   244.24959965082695
999   244.24959965082695
