1   248.6304301768089
2   248.6304301768089
3   248.6304301768089
4   248.6304301768089
5   248.6304301768089
6   248.6304301768089
7   248.6304301768089
8   248.6304301768089
9   248.6304301768089
10   248.6304301768089
11   248.6304301768089
12   248.6304301768089
13   248.6304301768089
14   248.6304301768089
15   248.6304301768089
16   248.6304301768089
17   248.6304301768089
18   248.6304301768089
19   248.6304301768089
20   248.6304301768089
21   248.6304301768089
22   248.6304301768089
23   248.6304301768089
24   248.6304301768089
25   248.6304301768089
26   248.6304301768089
27   248.6304301768089
28   248.6304301768089
29   248.6304301768089
30   248.6304301768089
31   248.6304301768089
32   248.6304301768089
33   248.6304301768089
34   248.6304301768089
35   248.6304301768089
36   248.6304301768089
37   248.6304301768089
38   248.6304301768089
39   248.6304301768089
40   248.6304301768089
41   248.6304301768089
42   248.6304301768089
43   248.6304301768089
44   248.6304301768089
45   248.6304301768089
46   248.6304301768089
47   248.6304301768089
48   248.6304301768089
49   248.6304301768089
50   248.6304301768089
51   248.6304301768089
52   248.6304301768089
53   248.6304301768089
54   248.6304301768089
55   248.6304301768089
56   248.6304301768089
57   248.6304301768089
58   248.6304301768089
59   248.6304301768089
60   248.6304301768089
61   248.6304301768089
62   248.6304301768089
63   248.6304301768089
64   248.6304301768089
65   248.6304301768089
66   248.6304301768089
67   248.6304301768089
68   248.6304301768089
69   248.6304301768089
70   248.6304301768089
71   248.6304301768089
72   248.6304301768089
73   248.6304301768089
74   248.6304301768089
75   248.6304301768089
76   248.6304301768089
77   248.6304301768089
78   248.6304301768089
79   248.6304301768089
80   248.6304301768089
81   248.6304301768089
82   248.6304301768089
83   248.6304301768089
84   248.6304301768089
85   248.6304301768089
86   248.6304301768089
87   248.6304301768089
88   248.6304301768089
89   248.6304301768089
90   248.6304301768089
91   248.6304301768089
92   248.6304301768089
93   248.6304301768089
94   248.6304301768089
95   248.6304301768089
96   248.6304301768089
97   248.6304301768089
98   248.6304301768089
99   248.6304301768089
100   248.6304301768089
101   248.6304301768089
102   248.6304301768089
103   248.6304301768089
104   248.6304301768089
105   248.6304301768089
106   248.6304301768089
107   248.6304301768089
108   248.6304301768089
109   248.6304301768089
110   248.6304301768089
111   248.6304301768089
112   248.6304301768089
113   248.6304301768089
114   248.6304301768089
115   248.6304301768089
116   248.6304301768089
117   248.6304301768089
118   248.6304301768089
119   248.6304301768089
120   248.6304301768089
121   248.6304301768089
122   248.6304301768089
123   248.6304301768089
124   248.6304301768089
125   248.6304301768089
126   248.6304301768089
127   248.6304301768089
128   248.6304301768089
129   248.6304301768089
130   248.6304301768089
131   248.6304301768089
132   248.6304301768089
133   248.6304301768089
134   248.6304301768089
135   248.6304301768089
136   248.6304301768089
137   248.6304301768089
138   248.6304301768089
139   248.6304301768089
140   248.6304301768089
141   248.6304301768089
142   248.6304301768089
143   248.6304301768089
144   248.6304301768089
145   248.6304301768089
146   248.6304301768089
147   248.6304301768089
148   248.6304301768089
149   248.6304301768089
150   248.6304301768089
151   248.6304301768089
152   248.6304301768089
153   248.6304301768089
154   248.6304301768089
155   248.6304301768089
156   248.6304301768089
157   248.6304301768089
158   248.6304301768089
159   248.6304301768089
160   248.6304301768089
161   248.6304301768089
162   248.6304301768089
163   248.6304301768089
164   248.6304301768089
165   248.6304301768089
166   248.6304301768089
167   248.6304301768089
168   248.6304301768089
169   248.6304301768089
170   248.6304301768089
171   248.6304301768089
172   248.6304301768089
173   248.6304301768089
174   248.6304301768089
175   248.6304301768089
176   248.6304301768089
177   248.6304301768089
178   248.6304301768089
179   248.6304301768089
180   248.6304301768089
181   248.6304301768089
182   248.6304301768089
183   248.6304301768089
184   248.6304301768089
185   248.6304301768089
186   248.6304301768089
187   248.6304301768089
188   248.6304301768089
189   248.6304301768089
190   248.6304301768089
191   248.6304301768089
192   248.6304301768089
193   248.6304301768089
194   248.6304301768089
195   248.6304301768089
196   248.6304301768089
197   248.6304301768089
198   248.6304301768089
199   248.6304301768089
200   248.6304301768089
201   248.6304301768089
202   248.6304301768089
203   248.6304301768089
204   248.6304301768089
205   248.6304301768089
206   248.6304301768089
207   248.6304301768089
208   248.6304301768089
209   248.6304301768089
210   248.6304301768089
211   248.6304301768089
212   248.6304301768089
213   248.6304301768089
214   248.6304301768089
215   248.6304301768089
216   248.6304301768089
217   248.6304301768089
218   248.6304301768089
219   248.6304301768089
220   248.6304301768089
221   248.6304301768089
222   248.6304301768089
223   248.6304301768089
224   248.6304301768089
225   248.6304301768089
226   248.6304301768089
227   248.6304301768089
228   248.6304301768089
229   248.6304301768089
230   248.6304301768089
231   248.6304301768089
232   248.6304301768089
233   248.6304301768089
234   248.6304301768089
235   248.6304301768089
236   248.6304301768089
237   248.6304301768089
238   248.6304301768089
239   248.6304301768089
240   248.6304301768089
241   248.6304301768089
242   248.6304301768089
243   248.6304301768089
244   248.6304301768089
245   248.6304301768089
246   248.6304301768089
247   248.6304301768089
248   248.6304301768089
249   248.6304301768089
250   248.6304301768089
251   248.6304301768089
252   248.6304301768089
253   248.6304301768089
254   248.6304301768089
255   248.6304301768089
256   248.6304301768089
257   248.6304301768089
258   248.6304301768089
259   248.6304301768089
260   248.6304301768089
261   248.6304301768089
262   248.6304301768089
263   248.6304301768089
264   248.6304301768089
265   248.6304301768089
266   248.6304301768089
267   248.6304301768089
268   248.6304301768089
269   248.6304301768089
270   248.6304301768089
271   248.6304301768089
272   248.6304301768089
273   248.6304301768089
274   248.6304301768089
275   248.6304301768089
276   248.6304301768089
277   248.6304301768089
278   248.6304301768089
279   248.6304301768089
280   248.6304301768089
281   248.6304301768089
282   248.6304301768089
283   248.6304301768089
284   248.6304301768089
285   248.6304301768089
286   248.6304301768089
287   248.6304301768089
288   248.6304301768089
289   248.6304301768089
290   248.6304301768089
291   248.6304301768089
292   248.6304301768089
293   248.6304301768089
294   248.6304301768089
295   248.6304301768089
296   248.6304301768089
297   248.6304301768089
298   248.6304301768089
299   248.6304301768089
300   248.6304301768089
301   248.6304301768089
302   248.6304301768089
303   248.6304301768089
304   248.6304301768089
305   248.6304301768089
306   248.6304301768089
307   248.6304301768089
308   248.6304301768089
309   248.6304301768089
310   248.6304301768089
311   248.6304301768089
312   248.6304301768089
313   248.6304301768089
314   248.6304301768089
315   248.6304301768089
316   248.6304301768089
317   248.6304301768089
318   248.6304301768089
319   248.6304301768089
320   248.6304301768089
321   248.6304301768089
322   248.6304301768089
323   248.6304301768089
324   248.6304301768089
325   248.6304301768089
326   248.6304301768089
327   248.6304301768089
328   248.6304301768089
329   248.6304301768089
330   248.6304301768089
331   248.6304301768089
332   248.6304301768089
333   248.6304301768089
334   248.6304301768089
335   248.6304301768089
336   248.6304301768089
337   248.6304301768089
338   248.6304301768089
339   248.6304301768089
340   248.6304301768089
341   248.6304301768089
342   248.6304301768089
343   248.6304301768089
344   248.6304301768089
345   248.6304301768089
346   248.6304301768089
347   248.6304301768089
348   248.6304301768089
349   248.6304301768089
350   248.6304301768089
351   248.6304301768089
352   248.6304301768089
353   248.6304301768089
354   248.6304301768089
355   248.6304301768089
356   248.6304301768089
357   248.6304301768089
358   248.6304301768089
359   248.6304301768089
360   248.6304301768089
361   248.6304301768089
362   248.6304301768089
363   248.6304301768089
364   248.6304301768089
365   248.6304301768089
366   248.6304301768089
367   248.6304301768089
368   248.6304301768089
369   248.6304301768089
370   248.6304301768089
371   248.6304301768089
372   248.6304301768089
373   248.6304301768089
374   248.6304301768089
375   248.6304301768089
376   248.6304301768089
377   248.6304301768089
378   248.6304301768089
379   248.6304301768089
380   248.6304301768089
381   248.6304301768089
382   248.6304301768089
383   248.6304301768089
384   248.6304301768089
385   248.6304301768089
386   248.6304301768089
387   248.6304301768089
388   248.6304301768089
389   248.6304301768089
390   248.6304301768089
391   248.6304301768089
392   248.6304301768089
393   248.6304301768089
394   248.6304301768089
395   248.6304301768089
396   248.6304301768089
397   248.6304301768089
398   248.6304301768089
399   248.6304301768089
400   248.6304301768089
401   248.6304301768089
402   248.6304301768089
403   248.6304301768089
404   248.6304301768089
405   248.6304301768089
406   248.6304301768089
407   248.6304301768089
408   248.6304301768089
409   248.6304301768089
410   248.6304301768089
411   248.6304301768089
412   248.6304301768089
413   248.6304301768089
414   248.6304301768089
415   248.6304301768089
416   248.6304301768089
417   248.6304301768089
418   248.6304301768089
419   248.6304301768089
420   248.6304301768089
421   248.6304301768089
422   248.6304301768089
423   248.6304301768089
424   248.6304301768089
425   248.6304301768089
426   248.6304301768089
427   248.6304301768089
428   248.6304301768089
429   248.6304301768089
430   248.6304301768089
431   248.6304301768089
432   248.6304301768089
433   248.6304301768089
434   248.6304301768089
435   248.6304301768089
436   248.6304301768089
437   248.6304301768089
438   248.6304301768089
439   248.6304301768089
440   248.6304301768089
441   248.6304301768089
442   248.6304301768089
443   248.6304301768089
444   248.6304301768089
445   248.6304301768089
446   248.6304301768089
447   248.6304301768089
448   248.6304301768089
449   248.6304301768089
450   248.6304301768089
451   248.6304301768089
452   248.6304301768089
453   248.6304301768089
454   248.6304301768089
455   248.6304301768089
456   248.6304301768089
457   248.6304301768089
458   248.6304301768089
459   248.6304301768089
460   248.6304301768089
461   248.6304301768089
462   248.6304301768089
463   248.6304301768089
464   248.6304301768089
465   248.6304301768089
466   248.6304301768089
467   248.6304301768089
468   248.6304301768089
469   248.6304301768089
470   248.6304301768089
471   248.6304301768089
472   248.6304301768089
473   248.6304301768089
474   248.6304301768089
475   248.6304301768089
476   248.6304301768089
477   248.6304301768089
478   248.6304301768089
479   248.6304301768089
480   248.6304301768089
481   248.6304301768089
482   248.6304301768089
483   248.6304301768089
484   248.6304301768089
485   248.6304301768089
486   248.6304301768089
487   248.6304301768089
488   248.6304301768089
489   248.6304301768089
490   248.6304301768089
491   248.6304301768089
492   248.6304301768089
493   248.6304301768089
494   248.6304301768089
495   248.6304301768089
496   248.6304301768089
497   248.6304301768089
498   248.6304301768089
499   248.6304301768089
500   248.6304301768089
501   248.6304301768089
502   248.6304301768089
503   248.6304301768089
504   248.6304301768089
505   248.6304301768089
506   248.6304301768089
507   248.6304301768089
508   248.6304301768089
509   248.6304301768089
510   248.6304301768089
511   248.6304301768089
512   248.6304301768089
513   248.6304301768089
514   248.6304301768089
515   248.6304301768089
516   248.6304301768089
517   248.6304301768089
518   248.6304301768089
519   248.6304301768089
520   248.6304301768089
521   248.6304301768089
522   248.6304301768089
523   248.6304301768089
524   248.6304301768089
525   248.6304301768089
526   248.6304301768089
527   248.6304301768089
528   248.6304301768089
529   248.6304301768089
530   248.6304301768089
531   248.6304301768089
532   248.6304301768089
533   248.6304301768089
534   248.6304301768089
535   248.6304301768089
536   248.6304301768089
537   248.6304301768089
538   248.6304301768089
539   248.6304301768089
540   248.6304301768089
541   248.6304301768089
542   248.6304301768089
543   248.6304301768089
544   248.6304301768089
545   248.6304301768089
546   248.6304301768089
547   248.6304301768089
548   248.6304301768089
549   248.6304301768089
550   248.6304301768089
551   248.6304301768089
552   248.6304301768089
553   248.6304301768089
554   248.6304301768089
555   248.6304301768089
556   248.6304301768089
557   248.6304301768089
558   248.6304301768089
559   248.6304301768089
560   248.6304301768089
561   248.6304301768089
562   248.6304301768089
563   248.6304301768089
564   248.6304301768089
565   248.6304301768089
566   248.6304301768089
567   248.6304301768089
568   248.6304301768089
569   248.6304301768089
570   248.6304301768089
571   248.6304301768089
572   248.6304301768089
573   248.6304301768089
574   248.6304301768089
575   248.6304301768089
576   248.6304301768089
577   248.6304301768089
578   248.6304301768089
579   248.6304301768089
580   248.6304301768089
581   248.6304301768089
582   248.6304301768089
583   248.6304301768089
584   248.6304301768089
585   248.6304301768089
586   248.6304301768089
587   248.6304301768089
588   248.6304301768089
589   248.6304301768089
590   248.6304301768089
591   248.6304301768089
592   248.6304301768089
593   248.6304301768089
594   248.6304301768089
595   248.6304301768089
596   248.6304301768089
597   248.6304301768089
598   248.6304301768089
599   248.6304301768089
600   248.6304301768089
601   248.6304301768089
602   248.6304301768089
603   248.6304301768089
604   248.6304301768089
605   248.6304301768089
606   248.6304301768089
607   248.6304301768089
608   248.6304301768089
609   248.6304301768089
610   248.6304301768089
611   248.6304301768089
612   248.6304301768089
613   248.6304301768089
614   248.6304301768089
615   248.6304301768089
616   248.6304301768089
617   248.6304301768089
618   248.6304301768089
619   248.6304301768089
620   248.6304301768089
621   248.6304301768089
622   248.6304301768089
623   248.6304301768089
624   248.6304301768089
625   248.6304301768089
626   248.6304301768089
627   248.6304301768089
628   248.6304301768089
629   248.6304301768089
630   248.6304301768089
631   248.6304301768089
632   248.6304301768089
633   248.6304301768089
634   248.6304301768089
635   248.6304301768089
636   248.6304301768089
637   248.6304301768089
638   248.6304301768089
639   248.6304301768089
640   248.6304301768089
641   248.6304301768089
642   248.6304301768089
643   248.6304301768089
644   248.6304301768089
645   248.6304301768089
646   248.6304301768089
647   248.6304301768089
648   248.6304301768089
649   248.6304301768089
650   248.6304301768089
651   248.6304301768089
652   248.6304301768089
653   248.6304301768089
654   248.6304301768089
655   248.6304301768089
656   248.6304301768089
657   248.6304301768089
658   248.6304301768089
659   248.6304301768089
660   248.6304301768089
661   248.6304301768089
662   248.6304301768089
663   248.6304301768089
664   248.6304301768089
665   248.6304301768089
666   248.6304301768089
667   248.6304301768089
668   248.6304301768089
669   248.6304301768089
670   248.6304301768089
671   248.6304301768089
672   248.6304301768089
673   248.6304301768089
674   248.6304301768089
675   248.6304301768089
676   248.6304301768089
677   248.6304301768089
678   248.6304301768089
679   248.6304301768089
680   248.6304301768089
681   248.6304301768089
682   248.6304301768089
683   248.6304301768089
684   248.6304301768089
685   248.6304301768089
686   248.6304301768089
687   248.6304301768089
688   248.6304301768089
689   248.6304301768089
690   248.6304301768089
691   248.6304301768089
692   248.6304301768089
693   248.6304301768089
694   248.6304301768089
695   248.6304301768089
696   248.6304301768089
697   248.6304301768089
698   248.6304301768089
699   248.6304301768089
700   248.6304301768089
701   248.6304301768089
702   248.6304301768089
703   248.6304301768089
704   248.6304301768089
705   248.6304301768089
706   248.6304301768089
707   248.6304301768089
708   248.6304301768089
709   248.6304301768089
710   248.6304301768089
711   248.6304301768089
712   248.6304301768089
713   248.6304301768089
714   248.6304301768089
715   248.6304301768089
716   248.6304301768089
717   248.6304301768089
718   248.6304301768089
719   248.6304301768089
720   248.6304301768089
721   248.6304301768089
722   248.6304301768089
723   248.6304301768089
724   248.6304301768089
725   248.6304301768089
726   248.6304301768089
727   248.6304301768089
728   248.6304301768089
729   248.6304301768089
730   248.6304301768089
731   248.6304301768089
732   248.6304301768089
733   248.6304301768089
734   248.6304301768089
735   248.6304301768089
736   248.6304301768089
737   248.6304301768089
738   248.6304301768089
739   248.6304301768089
740   248.6304301768089
741   248.6304301768089
742   248.6304301768089
743   248.6304301768089
744   248.6304301768089
745   248.6304301768089
746   248.6304301768089
747   248.6304301768089
748   248.6304301768089
749   248.6304301768089
750   248.6304301768089
751   248.6304301768089
752   248.6304301768089
753   248.6304301768089
754   248.6304301768089
755   248.6304301768089
756   248.6304301768089
757   248.6304301768089
758   248.6304301768089
759   248.6304301768089
760   248.6304301768089
761   248.6304301768089
762   248.6304301768089
763   248.6304301768089
764   248.6304301768089
765   248.6304301768089
766   248.6304301768089
767   248.6304301768089
768   248.6304301768089
769   248.6304301768089
770   248.6304301768089
771   248.6304301768089
772   248.6304301768089
773   248.6304301768089
774   248.6304301768089
775   248.6304301768089
776   248.6304301768089
777   248.6304301768089
778   248.6304301768089
779   248.6304301768089
780   248.6304301768089
781   248.6304301768089
782   248.6304301768089
783   248.6304301768089
784   248.6304301768089
785   248.6304301768089
786   248.6304301768089
787   248.6304301768089
788   248.6304301768089
789   248.6304301768089
790   248.6304301768089
791   248.6304301768089
792   248.6304301768089
793   248.6304301768089
794   248.6304301768089
795   248.6304301768089
796   248.6304301768089
797   248.6304301768089
798   248.6304301768089
799   248.6304301768089
800   248.6304301768089
801   248.6304301768089
802   248.6304301768089
803   248.6304301768089
804   248.6304301768089
805   248.6304301768089
806   248.6304301768089
807   248.6304301768089
808   248.6304301768089
809   248.6304301768089
810   248.6304301768089
811   248.6304301768089
812   248.6304301768089
813   248.6304301768089
814   248.6304301768089
815   248.6304301768089
816   248.6304301768089
817   248.6304301768089
818   248.6304301768089
819   248.6304301768089
820   248.6304301768089
821   248.6304301768089
822   248.6304301768089
823   248.6304301768089
824   248.6304301768089
825   248.6304301768089
826   248.6304301768089
827   248.6304301768089
828   248.6304301768089
829   248.6304301768089
830   248.6304301768089
831   248.6304301768089
832   248.6304301768089
833   248.6304301768089
834   248.6304301768089
835   248.6304301768089
836   248.6304301768089
837   248.6304301768089
838   248.6304301768089
839   248.6304301768089
840   248.6304301768089
841   248.6304301768089
842   248.6304301768089
843   248.6304301768089
844   248.6304301768089
845   248.6304301768089
846   248.6304301768089
847   248.6304301768089
848   248.6304301768089
849   248.6304301768089
850   248.6304301768089
851   248.6304301768089
852   248.6304301768089
853   248.6304301768089
854   248.6304301768089
855   248.6304301768089
856   248.6304301768089
857   248.6304301768089
858   248.6304301768089
859   248.6304301768089
860   248.6304301768089
861   248.6304301768089
862   248.6304301768089
863   248.6304301768089
864   248.6304301768089
865   248.6304301768089
866   248.6304301768089
867   248.6304301768089
868   248.6304301768089
869   248.6304301768089
870   248.6304301768089
871   248.6304301768089
872   248.6304301768089
873   248.6304301768089
874   248.6304301768089
875   248.6304301768089
876   248.6304301768089
877   248.6304301768089
878   248.6304301768089
879   248.6304301768089
880   248.6304301768089
881   248.6304301768089
882   248.6304301768089
883   248.6304301768089
884   248.6304301768089
885   248.6304301768089
886   248.6304301768089
887   248.6304301768089
888   248.6304301768089
889   248.6304301768089
890   248.6304301768089
891   248.6304301768089
892   248.6304301768089
893   248.6304301768089
894   248.6304301768089
895   248.6304301768089
896   248.6304301768089
897   248.6304301768089
898   248.6304301768089
899   248.6304301768089
900   248.6304301768089
901   248.6304301768089
902   248.6304301768089
903   248.6304301768089
904   248.6304301768089
905   248.6304301768089
906   248.6304301768089
907   248.6304301768089
908   248.6304301768089
909   248.6304301768089
910   248.6304301768089
911   248.6304301768089
912   248.6304301768089
913   248.6304301768089
914   248.6304301768089
915   248.6304301768089
916   248.6304301768089
917   248.6304301768089
918   248.6304301768089
919   248.6304301768089
920   248.6304301768089
921   248.6304301768089
922   248.6304301768089
923   248.6304301768089
924   248.6304301768089
925   248.6304301768089
926   248.6304301768089
927   248.6304301768089
928   248.6304301768089
929   248.6304301768089
930   248.6304301768089
931   248.6304301768089
932   248.6304301768089
933   248.6304301768089
934   248.6304301768089
935   248.6304301768089
936   248.6304301768089
937   248.6304301768089
938   248.6304301768089
939   248.6304301768089
940   248.6304301768089
941   248.6304301768089
942   248.6304301768089
943   248.6304301768089
944   248.6304301768089
945   248.6304301768089
946   248.6304301768089
947   248.6304301768089
948   248.6304301768089
949   248.6304301768089
950   248.6304301768089
951   248.6304301768089
952   248.6304301768089
953   248.6304301768089
954   248.6304301768089
955   248.6304301768089
956   248.6304301768089
957   248.6304301768089
958   248.6304301768089
959   248.6304301768089
960   248.6304301768089
961   248.6304301768089
962   248.6304301768089
963   248.6304301768089
964   248.6304301768089
965   248.6304301768089
966   248.6304301768089
967   248.6304301768089
968   248.6304301768089
969   248.6304301768089
970   248.6304301768089
971   248.6304301768089
972   248.6304301768089
973   248.6304301768089
974   248.6304301768089
975   248.6304301768089
976   248.6304301768089
977   248.6304301768089
978   248.6304301768089
979   248.6304301768089
980   248.6304301768089
981   248.6304301768089
982   248.6304301768089
983   248.6304301768089
984   248.6304301768089
985   248.6304301768089
986   248.6304301768089
987   248.6304301768089
988   248.6304301768089
989   248.6304301768089
990   248.6304301768089
991   248.6304301768089
992   248.6304301768089
993   248.6304301768089
994   248.6304301768089
995   248.6304301768089
996   248.6304301768089
997   248.6304301768089
998   248.6304301768089
999   248.6304301768089
