1   277.5415449385446
2   277.5415449385446
3   277.5415449385446
4   277.5415449385446
5   277.5415449385446
6   277.5415449385446
7   277.5415449385446
8   277.5415449385446
9   277.5415449385446
10   277.5415449385446
11   277.5415449385446
12   277.5415449385446
13   277.5415449385446
14   277.5415449385446
15   277.5415449385446
16   277.5415449385446
17   277.5415449385446
18   277.5415449385446
19   277.5415449385446
20   277.5415449385446
21   277.5415449385446
22   277.5415449385446
23   277.5415449385446
24   277.5415449385446
25   277.5415449385446
26   277.5415449385446
27   277.5415449385446
28   277.5415449385446
29   277.5415449385446
30   277.5415449385446
31   277.5415449385446
32   277.5415449385446
33   277.5415449385446
34   277.5415449385446
35   277.5415449385446
36   277.5415449385446
37   277.5415449385446
38   277.5415449385446
39   277.5415449385446
40   277.5415449385446
41   277.5415449385446
42   277.5415449385446
43   277.5415449385446
44   277.5415449385446
45   277.5415449385446
46   277.5415449385446
47   277.5415449385446
48   277.5415449385446
49   277.5415449385446
50   277.5415449385446
51   277.5415449385446
52   277.5415449385446
53   277.5415449385446
54   277.5415449385446
55   277.5415449385446
56   277.5415449385446
57   277.5415449385446
58   277.5415449385446
59   277.5415449385446
60   277.5415449385446
61   277.5415449385446
62   277.5415449385446
63   277.5415449385446
64   277.5415449385446
65   277.5415449385446
66   277.5415449385446
67   277.5415449385446
68   277.5415449385446
69   277.5415449385446
70   277.5415449385446
71   277.5415449385446
72   277.5415449385446
73   277.5415449385446
74   277.5415449385446
75   277.5415449385446
76   277.5415449385446
77   277.5415449385446
78   277.5415449385446
79   277.5415449385446
80   277.5415449385446
81   277.5415449385446
82   277.5415449385446
83   277.5415449385446
84   277.5415449385446
85   277.5415449385446
86   277.5415449385446
87   277.5415449385446
88   277.5415449385446
89   277.5415449385446
90   277.5415449385446
91   277.5415449385446
92   277.5415449385446
93   277.5415449385446
94   277.5415449385446
95   277.5415449385446
96   277.5415449385446
97   277.5415449385446
98   277.5415449385446
99   277.5415449385446
100   277.5415449385446
101   277.5415449385446
102   277.5415449385446
103   277.5415449385446
104   277.5415449385446
105   277.5415449385446
106   277.5415449385446
107   277.5415449385446
108   277.5415449385446
109   277.5415449385446
110   277.5415449385446
111   277.5415449385446
112   277.5415449385446
113   277.5415449385446
114   277.5415449385446
115   277.5415449385446
116   277.5415449385446
117   277.5415449385446
118   277.5415449385446
119   277.5415449385446
120   277.5415449385446
121   277.5415449385446
122   277.5415449385446
123   277.5415449385446
124   277.5415449385446
125   277.5415449385446
126   277.5415449385446
127   277.5415449385446
128   277.5415449385446
129   277.5415449385446
130   277.5415449385446
131   277.5415449385446
132   277.5415449385446
133   277.5415449385446
134   277.5415449385446
135   277.5415449385446
136   277.5415449385446
137   277.5415449385446
138   277.5415449385446
139   277.5415449385446
140   277.5415449385446
141   277.5415449385446
142   277.5415449385446
143   277.5415449385446
144   277.5415449385446
145   277.5415449385446
146   277.5415449385446
147   277.5415449385446
148   277.5415449385446
149   277.5415449385446
150   277.5415449385446
151   277.5415449385446
152   277.5415449385446
153   277.5415449385446
154   277.5415449385446
155   277.5415449385446
156   277.5415449385446
157   277.5415449385446
158   277.5415449385446
159   277.5415449385446
160   277.5415449385446
161   277.5415449385446
162   277.5415449385446
163   277.5415449385446
164   277.5415449385446
165   277.5415449385446
166   277.5415449385446
167   277.5415449385446
168   277.5415449385446
169   277.5415449385446
170   277.5415449385446
171   277.5415449385446
172   277.5415449385446
173   277.5415449385446
174   277.5415449385446
175   277.5415449385446
176   277.5415449385446
177   277.5415449385446
178   277.5415449385446
179   277.5415449385446
180   277.5415449385446
181   277.5415449385446
182   277.5415449385446
183   277.5415449385446
184   277.5415449385446
185   277.5415449385446
186   277.5415449385446
187   277.5415449385446
188   277.5415449385446
189   277.5415449385446
190   277.5415449385446
191   277.5415449385446
192   277.5415449385446
193   277.5415449385446
194   277.5415449385446
195   277.5415449385446
196   277.5415449385446
197   277.5415449385446
198   277.5415449385446
199   277.5415449385446
200   277.5415449385446
201   277.5415449385446
202   277.5415449385446
203   277.5415449385446
204   277.5415449385446
205   277.5415449385446
206   277.5415449385446
207   277.5415449385446
208   277.5415449385446
209   277.5415449385446
210   277.5415449385446
211   277.5415449385446
212   277.5415449385446
213   277.5415449385446
214   277.5415449385446
215   277.5415449385446
216   277.5415449385446
217   277.5415449385446
218   277.5415449385446
219   277.5415449385446
220   277.5415449385446
221   277.5415449385446
222   277.5415449385446
223   277.5415449385446
224   277.5415449385446
225   277.5415449385446
226   277.5415449385446
227   277.5415449385446
228   277.5415449385446
229   277.5415449385446
230   277.5415449385446
231   277.5415449385446
232   277.5415449385446
233   277.5415449385446
234   277.5415449385446
235   277.5415449385446
236   277.5415449385446
237   277.5415449385446
238   277.5415449385446
239   277.5415449385446
240   277.5415449385446
241   277.5415449385446
242   277.5415449385446
243   277.5415449385446
244   277.5415449385446
245   277.5415449385446
246   277.5415449385446
247   277.5415449385446
248   277.5415449385446
249   277.5415449385446
250   277.5415449385446
251   277.5415449385446
252   277.5415449385446
253   277.5415449385446
254   277.5415449385446
255   277.5415449385446
256   277.5415449385446
257   277.5415449385446
258   277.5415449385446
259   277.5415449385446
260   277.5415449385446
261   277.5415449385446
262   277.5415449385446
263   277.5415449385446
264   277.5415449385446
265   277.5415449385446
266   277.5415449385446
267   277.5415449385446
268   277.5415449385446
269   277.5415449385446
270   277.5415449385446
271   277.5415449385446
272   277.5415449385446
273   277.5415449385446
274   277.5415449385446
275   277.5415449385446
276   277.5415449385446
277   277.5415449385446
278   277.5415449385446
279   277.5415449385446
280   277.5415449385446
281   277.5415449385446
282   277.5415449385446
283   277.5415449385446
284   277.5415449385446
285   277.5415449385446
286   277.5415449385446
287   277.5415449385446
288   277.5415449385446
289   277.5415449385446
290   277.5415449385446
291   277.5415449385446
292   277.5415449385446
293   277.5415449385446
294   277.5415449385446
295   277.5415449385446
296   277.5415449385446
297   277.5415449385446
298   277.5415449385446
299   277.5415449385446
300   277.5415449385446
301   277.5415449385446
302   277.5415449385446
303   277.5415449385446
304   277.5415449385446
305   277.5415449385446
306   277.5415449385446
307   277.5415449385446
308   277.5415449385446
309   277.5415449385446
310   277.5415449385446
311   277.5415449385446
312   277.5415449385446
313   277.5415449385446
314   277.5415449385446
315   277.5415449385446
316   277.5415449385446
317   277.5415449385446
318   277.5415449385446
319   277.5415449385446
320   277.5415449385446
321   277.5415449385446
322   277.5415449385446
323   277.5415449385446
324   277.5415449385446
325   277.5415449385446
326   277.5415449385446
327   277.5415449385446
328   277.5415449385446
329   277.5415449385446
330   277.5415449385446
331   277.5415449385446
332   277.5415449385446
333   277.5415449385446
334   277.5415449385446
335   277.5415449385446
336   277.5415449385446
337   277.5415449385446
338   277.5415449385446
339   277.5415449385446
340   277.5415449385446
341   277.5415449385446
342   277.5415449385446
343   277.5415449385446
344   277.5415449385446
345   277.5415449385446
346   277.5415449385446
347   277.5415449385446
348   277.5415449385446
349   277.5415449385446
350   277.5415449385446
351   277.5415449385446
352   277.5415449385446
353   277.5415449385446
354   277.5415449385446
355   277.5415449385446
356   277.5415449385446
357   277.5415449385446
358   277.5415449385446
359   277.5415449385446
360   277.5415449385446
361   277.5415449385446
362   277.5415449385446
363   277.5415449385446
364   277.5415449385446
365   277.5415449385446
366   277.5415449385446
367   277.5415449385446
368   277.5415449385446
369   277.5415449385446
370   277.5415449385446
371   277.5415449385446
372   277.5415449385446
373   277.5415449385446
374   277.5415449385446
375   277.5415449385446
376   277.5415449385446
377   277.5415449385446
378   277.5415449385446
379   277.5415449385446
380   277.5415449385446
381   277.5415449385446
382   277.5415449385446
383   277.5415449385446
384   277.5415449385446
385   277.5415449385446
386   277.5415449385446
387   277.5415449385446
388   277.5415449385446
389   277.5415449385446
390   277.5415449385446
391   277.5415449385446
392   277.5415449385446
393   277.5415449385446
394   277.5415449385446
395   277.5415449385446
396   277.5415449385446
397   277.5415449385446
398   277.5415449385446
399   277.5415449385446
400   277.5415449385446
401   277.5415449385446
402   277.5415449385446
403   277.5415449385446
404   277.5415449385446
405   277.5415449385446
406   277.5415449385446
407   277.5415449385446
408   277.5415449385446
409   277.5415449385446
410   277.5415449385446
411   277.5415449385446
412   277.5415449385446
413   277.5415449385446
414   277.5415449385446
415   277.5415449385446
416   277.5415449385446
417   277.5415449385446
418   277.5415449385446
419   277.5415449385446
420   277.5415449385446
421   277.5415449385446
422   277.5415449385446
423   277.5415449385446
424   277.5415449385446
425   277.5415449385446
426   277.5415449385446
427   277.5415449385446
428   277.5415449385446
429   277.5415449385446
430   277.5415449385446
431   277.5415449385446
432   277.5415449385446
433   277.5415449385446
434   277.5415449385446
435   277.5415449385446
436   277.5415449385446
437   277.5415449385446
438   277.5415449385446
439   277.5415449385446
440   277.5415449385446
441   277.5415449385446
442   277.5415449385446
443   277.5415449385446
444   277.5415449385446
445   277.5415449385446
446   277.5415449385446
447   277.5415449385446
448   277.5415449385446
449   277.5415449385446
450   277.5415449385446
451   277.5415449385446
452   277.5415449385446
453   277.5415449385446
454   277.5415449385446
455   277.5415449385446
456   277.5415449385446
457   277.5415449385446
458   277.5415449385446
459   277.5415449385446
460   277.5415449385446
461   277.5415449385446
462   277.5415449385446
463   277.5415449385446
464   277.5415449385446
465   277.5415449385446
466   277.5415449385446
467   277.5415449385446
468   277.5415449385446
469   277.5415449385446
470   277.5415449385446
471   277.5415449385446
472   277.5415449385446
473   277.5415449385446
474   277.5415449385446
475   277.5415449385446
476   277.5415449385446
477   277.5415449385446
478   277.5415449385446
479   277.5415449385446
480   277.5415449385446
481   277.5415449385446
482   277.5415449385446
483   277.5415449385446
484   277.5415449385446
485   277.5415449385446
486   277.5415449385446
487   277.5415449385446
488   277.5415449385446
489   277.5415449385446
490   277.5415449385446
491   277.5415449385446
492   277.5415449385446
493   277.5415449385446
494   277.5415449385446
495   277.5415449385446
496   277.5415449385446
497   277.5415449385446
498   277.5415449385446
499   277.5415449385446
500   277.5415449385446
501   277.5415449385446
502   277.5415449385446
503   277.5415449385446
504   277.5415449385446
505   277.5415449385446
506   277.5415449385446
507   277.5415449385446
508   277.5415449385446
509   277.5415449385446
510   277.5415449385446
511   277.5415449385446
512   277.5415449385446
513   277.5415449385446
514   277.5415449385446
515   277.5415449385446
516   277.5415449385446
517   277.5415449385446
518   277.5415449385446
519   277.5415449385446
520   277.5415449385446
521   277.5415449385446
522   277.5415449385446
523   277.5415449385446
524   277.5415449385446
525   277.5415449385446
526   277.5415449385446
527   277.5415449385446
528   277.5415449385446
529   277.5415449385446
530   277.5415449385446
531   277.5415449385446
532   277.5415449385446
533   277.5415449385446
534   277.5415449385446
535   277.5415449385446
536   277.5415449385446
537   277.5415449385446
538   277.5415449385446
539   277.5415449385446
540   277.5415449385446
541   277.5415449385446
542   277.5415449385446
543   277.5415449385446
544   277.5415449385446
545   277.5415449385446
546   277.5415449385446
547   277.5415449385446
548   277.5415449385446
549   277.5415449385446
550   277.5415449385446
551   277.5415449385446
552   277.5415449385446
553   277.5415449385446
554   277.5415449385446
555   277.5415449385446
556   277.5415449385446
557   277.5415449385446
558   277.5415449385446
559   277.5415449385446
560   277.5415449385446
561   277.5415449385446
562   277.5415449385446
563   277.5415449385446
564   277.5415449385446
565   277.5415449385446
566   277.5415449385446
567   277.5415449385446
568   277.5415449385446
569   277.5415449385446
570   277.5415449385446
571   277.5415449385446
572   277.5415449385446
573   277.5415449385446
574   277.5415449385446
575   277.5415449385446
576   277.5415449385446
577   277.5415449385446
578   277.5415449385446
579   277.5415449385446
580   277.5415449385446
581   277.5415449385446
582   277.5415449385446
583   277.5415449385446
584   277.5415449385446
585   277.5415449385446
586   277.5415449385446
587   277.5415449385446
588   277.5415449385446
589   277.5415449385446
590   277.5415449385446
591   277.5415449385446
592   277.5415449385446
593   277.5415449385446
594   277.5415449385446
595   277.5415449385446
596   277.5415449385446
597   277.5415449385446
598   277.5415449385446
599   277.5415449385446
600   277.5415449385446
601   277.5415449385446
602   277.5415449385446
603   277.5415449385446
604   277.5415449385446
605   277.5415449385446
606   277.5415449385446
607   277.5415449385446
608   277.5415449385446
609   277.5415449385446
610   277.5415449385446
611   277.5415449385446
612   277.5415449385446
613   277.5415449385446
614   277.5415449385446
615   277.5415449385446
616   277.5415449385446
617   277.5415449385446
618   277.5415449385446
619   277.5415449385446
620   277.5415449385446
621   277.5415449385446
622   277.5415449385446
623   277.5415449385446
624   277.5415449385446
625   277.5415449385446
626   277.5415449385446
627   277.5415449385446
628   277.5415449385446
629   277.5415449385446
630   277.5415449385446
631   277.5415449385446
632   277.5415449385446
633   277.5415449385446
634   277.5415449385446
635   277.5415449385446
636   277.5415449385446
637   277.5415449385446
638   277.5415449385446
639   277.5415449385446
640   277.5415449385446
641   277.5415449385446
642   277.5415449385446
643   277.5415449385446
644   277.5415449385446
645   277.5415449385446
646   277.5415449385446
647   277.5415449385446
648   277.5415449385446
649   277.5415449385446
650   277.5415449385446
651   277.5415449385446
652   277.5415449385446
653   277.5415449385446
654   277.5415449385446
655   277.5415449385446
656   277.5415449385446
657   277.5415449385446
658   277.5415449385446
659   277.5415449385446
660   277.5415449385446
661   277.5415449385446
662   277.5415449385446
663   277.5415449385446
664   277.5415449385446
665   277.5415449385446
666   277.5415449385446
667   277.5415449385446
668   277.5415449385446
669   277.5415449385446
670   277.5415449385446
671   277.5415449385446
672   277.5415449385446
673   277.5415449385446
674   277.5415449385446
675   277.5415449385446
676   277.5415449385446
677   277.5415449385446
678   277.5415449385446
679   277.5415449385446
680   277.5415449385446
681   277.5415449385446
682   277.5415449385446
683   277.5415449385446
684   277.5415449385446
685   277.5415449385446
686   277.5415449385446
687   277.5415449385446
688   277.5415449385446
689   277.5415449385446
690   277.5415449385446
691   277.5415449385446
692   277.5415449385446
693   277.5415449385446
694   277.5415449385446
695   277.5415449385446
696   277.5415449385446
697   277.5415449385446
698   277.5415449385446
699   277.5415449385446
700   277.5415449385446
701   277.5415449385446
702   277.5415449385446
703   277.5415449385446
704   277.5415449385446
705   277.5415449385446
706   277.5415449385446
707   277.5415449385446
708   277.5415449385446
709   277.5415449385446
710   277.5415449385446
711   277.5415449385446
712   277.5415449385446
713   277.5415449385446
714   277.5415449385446
715   277.5415449385446
716   277.5415449385446
717   277.5415449385446
718   277.5415449385446
719   277.5415449385446
720   277.5415449385446
721   277.5415449385446
722   277.5415449385446
723   277.5415449385446
724   277.5415449385446
725   277.5415449385446
726   277.5415449385446
727   277.5415449385446
728   277.5415449385446
729   277.5415449385446
730   277.5415449385446
731   277.5415449385446
732   277.5415449385446
733   277.5415449385446
734   277.5415449385446
735   277.5415449385446
736   277.5415449385446
737   277.5415449385446
738   277.5415449385446
739   277.5415449385446
740   277.5415449385446
741   277.5415449385446
742   277.5415449385446
743   277.5415449385446
744   277.5415449385446
745   277.5415449385446
746   277.5415449385446
747   277.5415449385446
748   277.5415449385446
749   277.5415449385446
750   277.5415449385446
751   277.5415449385446
752   277.5415449385446
753   277.5415449385446
754   277.5415449385446
755   277.5415449385446
756   277.5415449385446
757   277.5415449385446
758   277.5415449385446
759   277.5415449385446
760   277.5415449385446
761   277.5415449385446
762   277.5415449385446
763   277.5415449385446
764   277.5415449385446
765   277.5415449385446
766   277.5415449385446
767   277.5415449385446
768   277.5415449385446
769   277.5415449385446
770   277.5415449385446
771   277.5415449385446
772   277.5415449385446
773   277.5415449385446
774   277.5415449385446
775   277.5415449385446
776   277.5415449385446
777   277.5415449385446
778   277.5415449385446
779   277.5415449385446
780   277.5415449385446
781   277.5415449385446
782   277.5415449385446
783   277.5415449385446
784   277.5415449385446
785   277.5415449385446
786   277.5415449385446
787   277.5415449385446
788   277.5415449385446
789   277.5415449385446
790   277.5415449385446
791   277.5415449385446
792   277.5415449385446
793   277.5415449385446
794   277.5415449385446
795   277.5415449385446
796   277.5415449385446
797   277.5415449385446
798   277.5415449385446
799   277.5415449385446
800   277.5415449385446
801   277.5415449385446
802   277.5415449385446
803   277.5415449385446
804   277.5415449385446
805   277.5415449385446
806   277.5415449385446
807   277.5415449385446
808   277.5415449385446
809   277.5415449385446
810   277.5415449385446
811   277.5415449385446
812   277.5415449385446
813   277.5415449385446
814   277.5415449385446
815   277.5415449385446
816   277.5415449385446
817   277.5415449385446
818   277.5415449385446
819   277.5415449385446
820   277.5415449385446
821   277.5415449385446
822   277.5415449385446
823   277.5415449385446
824   277.5415449385446
825   277.5415449385446
826   277.5415449385446
827   277.5415449385446
828   277.5415449385446
829   277.5415449385446
830   277.5415449385446
831   277.5415449385446
832   277.5415449385446
833   277.5415449385446
834   277.5415449385446
835   277.5415449385446
836   277.5415449385446
837   277.5415449385446
838   277.5415449385446
839   277.5415449385446
840   277.5415449385446
841   277.5415449385446
842   277.5415449385446
843   277.5415449385446
844   277.5415449385446
845   277.5415449385446
846   277.5415449385446
847   277.5415449385446
848   277.5415449385446
849   277.5415449385446
850   277.5415449385446
851   277.5415449385446
852   277.5415449385446
853   277.5415449385446
854   277.5415449385446
855   277.5415449385446
856   277.5415449385446
857   277.5415449385446
858   277.5415449385446
859   277.5415449385446
860   277.5415449385446
861   277.5415449385446
862   277.5415449385446
863   277.5415449385446
864   277.5415449385446
865   277.5415449385446
866   277.5415449385446
867   277.5415449385446
868   277.5415449385446
869   277.5415449385446
870   277.5415449385446
871   277.5415449385446
872   277.5415449385446
873   277.5415449385446
874   277.5415449385446
875   277.5415449385446
876   277.5415449385446
877   277.5415449385446
878   277.5415449385446
879   277.5415449385446
880   277.5415449385446
881   277.5415449385446
882   277.5415449385446
883   277.5415449385446
884   277.5415449385446
885   277.5415449385446
886   277.5415449385446
887   277.5415449385446
888   277.5415449385446
889   277.5415449385446
890   277.5415449385446
891   277.5415449385446
892   277.5415449385446
893   277.5415449385446
894   277.5415449385446
895   277.5415449385446
896   277.5415449385446
897   277.5415449385446
898   277.5415449385446
899   277.5415449385446
900   277.5415449385446
901   277.5415449385446
902   277.5415449385446
903   277.5415449385446
904   277.5415449385446
905   277.5415449385446
906   277.5415449385446
907   277.5415449385446
908   277.5415449385446
909   277.5415449385446
910   277.5415449385446
911   277.5415449385446
912   277.5415449385446
913   277.5415449385446
914   277.5415449385446
915   277.5415449385446
916   277.5415449385446
917   277.5415449385446
918   277.5415449385446
919   277.5415449385446
920   277.5415449385446
921   277.5415449385446
922   277.5415449385446
923   277.5415449385446
924   277.5415449385446
925   277.5415449385446
926   277.5415449385446
927   277.5415449385446
928   277.5415449385446
929   277.5415449385446
930   277.5415449385446
931   277.5415449385446
932   277.5415449385446
933   277.5415449385446
934   277.5415449385446
935   277.5415449385446
936   277.5415449385446
937   277.5415449385446
938   277.5415449385446
939   277.5415449385446
940   277.5415449385446
941   277.5415449385446
942   277.5415449385446
943   277.5415449385446
944   277.5415449385446
945   277.5415449385446
946   277.5415449385446
947   277.5415449385446
948   277.5415449385446
949   277.5415449385446
950   277.5415449385446
951   277.5415449385446
952   277.5415449385446
953   277.5415449385446
954   277.5415449385446
955   277.5415449385446
956   277.5415449385446
957   277.5415449385446
958   277.5415449385446
959   277.5415449385446
960   277.5415449385446
961   277.5415449385446
962   277.5415449385446
963   277.5415449385446
964   277.5415449385446
965   277.5415449385446
966   277.5415449385446
967   277.5415449385446
968   277.5415449385446
969   277.5415449385446
970   277.5415449385446
971   277.5415449385446
972   277.5415449385446
973   277.5415449385446
974   277.5415449385446
975   277.5415449385446
976   277.5415449385446
977   277.5415449385446
978   277.5415449385446
979   277.5415449385446
980   277.5415449385446
981   277.5415449385446
982   277.5415449385446
983   277.5415449385446
984   277.5415449385446
985   277.5415449385446
986   277.5415449385446
987   277.5415449385446
988   277.5415449385446
989   277.5415449385446
990   277.5415449385446
991   277.5415449385446
992   277.5415449385446
993   277.5415449385446
994   277.5415449385446
995   277.5415449385446
996   277.5415449385446
997   277.5415449385446
998   277.5415449385446
999   277.5415449385446
