1   450.0518148828652
2   450.0518148828652
3   417.37197398036255
4   417.37197398036255
5   417.37197398036255
6   417.37197398036255
7   361.01894000452444
8   361.01894000452444
9   361.01894000452444
10   361.01894000452444
11   361.01894000452444
12   361.01894000452444
13   361.01894000452444
14   361.01894000452444
15   361.01894000452444
16   361.01894000452444
17   361.01894000452444
18   361.01894000452444
19   361.01894000452444
20   361.01894000452444
21   361.01894000452444
22   361.01894000452444
23   361.01894000452444
24   361.01894000452444
25   361.01894000452444
26   361.01894000452444
27   361.01894000452444
28   361.01894000452444
29   361.01894000452444
30   361.01894000452444
31   361.01894000452444
32   361.01894000452444
33   361.01894000452444
34   361.01894000452444
35   361.01894000452444
36   361.01894000452444
37   361.01894000452444
38   361.01894000452444
39   361.01894000452444
40   361.01894000452444
41   361.01894000452444
42   361.01894000452444
43   361.01894000452444
44   361.01894000452444
45   361.01894000452444
46   361.01894000452444
47   361.01894000452444
48   361.01894000452444
49   361.01894000452444
50   361.01894000452444
51   361.01894000452444
52   361.01894000452444
53   361.01894000452444
54   361.01894000452444
55   361.01894000452444
56   361.01894000452444
57   361.01894000452444
58   361.01894000452444
59   361.01894000452444
60   361.01894000452444
61   361.01894000452444
62   361.01894000452444
63   361.01894000452444
64   361.01894000452444
65   361.01894000452444
66   361.01894000452444
67   361.01894000452444
68   361.01894000452444
69   361.01894000452444
70   361.01894000452444
71   361.01894000452444
72   361.01894000452444
73   361.01894000452444
74   361.01894000452444
75   361.01894000452444
76   361.01894000452444
77   361.01894000452444
78   361.01894000452444
79   361.01894000452444
80   361.01894000452444
81   361.01894000452444
82   361.01894000452444
83   361.01894000452444
84   361.01894000452444
85   361.01894000452444
86   361.01894000452444
87   361.01894000452444
88   361.01894000452444
89   361.01894000452444
90   361.01894000452444
91   361.01894000452444
92   361.01894000452444
93   361.01894000452444
94   361.01894000452444
95   361.01894000452444
96   361.01894000452444
97   361.01894000452444
98   361.01894000452444
99   361.01894000452444
100   361.01894000452444
101   361.01894000452444
102   361.01894000452444
103   361.01894000452444
104   361.01894000452444
105   361.01894000452444
106   361.01894000452444
107   361.01894000452444
108   361.01894000452444
109   361.01894000452444
110   361.01894000452444
111   361.01894000452444
112   361.01894000452444
113   361.01894000452444
114   361.01894000452444
115   361.01894000452444
116   361.01894000452444
117   361.01894000452444
118   361.01894000452444
119   361.01894000452444
120   361.01894000452444
121   361.01894000452444
122   361.01894000452444
123   361.01894000452444
124   361.01894000452444
125   361.01894000452444
126   361.01894000452444
127   361.01894000452444
128   361.01894000452444
129   361.01894000452444
130   361.01894000452444
131   361.01894000452444
132   361.01894000452444
133   361.01894000452444
134   361.01894000452444
135   361.01894000452444
136   361.01894000452444
137   361.01894000452444
138   361.01894000452444
139   361.01894000452444
140   361.01894000452444
141   361.01894000452444
142   361.01894000452444
143   361.01894000452444
144   361.01894000452444
145   361.01894000452444
146   361.01894000452444
147   361.01894000452444
148   361.01894000452444
149   361.01894000452444
150   361.01894000452444
151   361.01894000452444
152   361.01894000452444
153   361.01894000452444
154   361.01894000452444
155   361.01894000452444
156   361.01894000452444
157   361.01894000452444
158   361.01894000452444
159   361.01894000452444
160   361.01894000452444
161   361.01894000452444
162   361.01894000452444
163   361.01894000452444
164   361.01894000452444
165   361.01894000452444
166   361.01894000452444
167   361.01894000452444
168   361.01894000452444
169   361.01894000452444
170   361.01894000452444
171   361.01894000452444
172   361.01894000452444
173   361.01894000452444
174   361.01894000452444
175   361.01894000452444
176   361.01894000452444
177   361.01894000452444
178   361.01894000452444
179   361.01894000452444
180   361.01894000452444
181   361.01894000452444
182   361.01894000452444
183   361.01894000452444
184   361.01894000452444
185   361.01894000452444
186   361.01894000452444
187   361.01894000452444
188   361.01894000452444
189   361.01894000452444
190   361.01894000452444
191   361.01894000452444
192   361.01894000452444
193   361.01894000452444
194   361.01894000452444
195   361.01894000452444
196   361.01894000452444
197   361.01894000452444
198   361.01894000452444
199   361.01894000452444
200   361.01894000452444
201   361.01894000452444
202   361.01894000452444
203   361.01894000452444
204   361.01894000452444
205   361.01894000452444
206   361.01894000452444
207   361.01894000452444
208   361.01894000452444
209   361.01894000452444
210   361.01894000452444
211   361.01894000452444
212   361.01894000452444
213   361.01894000452444
214   361.01894000452444
215   361.01894000452444
216   361.01894000452444
217   361.01894000452444
218   361.01894000452444
219   361.01894000452444
220   361.01894000452444
221   361.01894000452444
222   361.01894000452444
223   361.01894000452444
224   361.01894000452444
225   361.01894000452444
226   361.01894000452444
227   361.01894000452444
228   361.01894000452444
229   361.01894000452444
230   361.01894000452444
231   361.01894000452444
232   361.01894000452444
233   361.01894000452444
234   361.01894000452444
235   361.01894000452444
236   361.01894000452444
237   361.01894000452444
238   361.01894000452444
239   361.01894000452444
240   361.01894000452444
241   361.01894000452444
242   361.01894000452444
243   361.01894000452444
244   361.01894000452444
245   361.01894000452444
246   361.01894000452444
247   361.01894000452444
248   361.01894000452444
249   361.01894000452444
250   361.01894000452444
251   361.01894000452444
252   361.01894000452444
253   361.01894000452444
254   361.01894000452444
255   361.01894000452444
256   361.01894000452444
257   361.01894000452444
258   361.01894000452444
259   361.01894000452444
260   361.01894000452444
261   361.01894000452444
262   361.01894000452444
263   361.01894000452444
264   361.01894000452444
265   361.01894000452444
266   361.01894000452444
267   361.01894000452444
268   361.01894000452444
269   361.01894000452444
270   361.01894000452444
271   361.01894000452444
272   361.01894000452444
273   361.01894000452444
274   361.01894000452444
275   361.01894000452444
276   361.01894000452444
277   361.01894000452444
278   361.01894000452444
279   361.01894000452444
280   361.01894000452444
281   361.01894000452444
282   361.01894000452444
283   361.01894000452444
284   361.01894000452444
285   361.01894000452444
286   361.01894000452444
287   361.01894000452444
288   361.01894000452444
289   361.01894000452444
290   361.01894000452444
291   361.01894000452444
292   361.01894000452444
293   361.01894000452444
294   361.01894000452444
295   361.01894000452444
296   361.01894000452444
297   361.01894000452444
298   361.01894000452444
299   361.01894000452444
300   361.01894000452444
301   361.01894000452444
302   361.01894000452444
303   361.01894000452444
304   361.01894000452444
305   361.01894000452444
306   361.01894000452444
307   361.01894000452444
308   361.01894000452444
309   361.01894000452444
310   361.01894000452444
311   361.01894000452444
312   361.01894000452444
313   361.01894000452444
314   361.01894000452444
315   361.01894000452444
316   361.01894000452444
317   361.01894000452444
318   361.01894000452444
319   361.01894000452444
320   361.01894000452444
321   361.01894000452444
322   361.01894000452444
323   361.01894000452444
324   361.01894000452444
325   361.01894000452444
326   361.01894000452444
327   361.01894000452444
328   361.01894000452444
329   361.01894000452444
330   361.01894000452444
331   361.01894000452444
332   361.01894000452444
333   361.01894000452444
334   361.01894000452444
335   361.01894000452444
336   361.01894000452444
337   361.01894000452444
338   361.01894000452444
339   361.01894000452444
340   361.01894000452444
341   361.01894000452444
342   361.01894000452444
343   361.01894000452444
344   361.01894000452444
345   361.01894000452444
346   361.01894000452444
347   361.01894000452444
348   361.01894000452444
349   361.01894000452444
350   361.01894000452444
351   361.01894000452444
352   361.01894000452444
353   361.01894000452444
354   361.01894000452444
355   361.01894000452444
356   361.01894000452444
357   361.01894000452444
358   361.01894000452444
359   361.01894000452444
360   361.01894000452444
361   361.01894000452444
362   361.01894000452444
363   361.01894000452444
364   361.01894000452444
365   361.01894000452444
366   361.01894000452444
367   361.01894000452444
368   361.01894000452444
369   361.01894000452444
370   361.01894000452444
371   361.01894000452444
372   361.01894000452444
373   361.01894000452444
374   361.01894000452444
375   361.01894000452444
376   361.01894000452444
377   361.01894000452444
378   361.01894000452444
379   361.01894000452444
380   361.01894000452444
381   361.01894000452444
382   361.01894000452444
383   361.01894000452444
384   361.01894000452444
385   361.01894000452444
386   361.01894000452444
387   361.01894000452444
388   361.01894000452444
389   361.01894000452444
390   361.01894000452444
391   361.01894000452444
392   361.01894000452444
393   361.01894000452444
394   361.01894000452444
395   361.01894000452444
396   361.01894000452444
397   361.01894000452444
398   361.01894000452444
399   361.01894000452444
400   361.01894000452444
401   361.01894000452444
402   361.01894000452444
403   361.01894000452444
404   361.01894000452444
405   361.01894000452444
406   361.01894000452444
407   361.01894000452444
408   361.01894000452444
409   361.01894000452444
410   361.01894000452444
411   361.01894000452444
412   361.01894000452444
413   361.01894000452444
414   361.01894000452444
415   361.01894000452444
416   361.01894000452444
417   361.01894000452444
418   361.01894000452444
419   361.01894000452444
420   361.01894000452444
421   361.01894000452444
422   361.01894000452444
423   361.01894000452444
424   361.01894000452444
425   361.01894000452444
426   361.01894000452444
427   361.01894000452444
428   361.01894000452444
429   361.01894000452444
430   361.01894000452444
431   361.01894000452444
432   361.01894000452444
433   361.01894000452444
434   361.01894000452444
435   361.01894000452444
436   361.01894000452444
437   361.01894000452444
438   361.01894000452444
439   361.01894000452444
440   361.01894000452444
441   361.01894000452444
442   361.01894000452444
443   361.01894000452444
444   361.01894000452444
445   361.01894000452444
446   361.01894000452444
447   361.01894000452444
448   361.01894000452444
449   361.01894000452444
450   361.01894000452444
451   361.01894000452444
452   361.01894000452444
453   361.01894000452444
454   361.01894000452444
455   361.01894000452444
456   361.01894000452444
457   361.01894000452444
458   361.01894000452444
459   361.01894000452444
460   361.01894000452444
461   361.01894000452444
462   361.01894000452444
463   361.01894000452444
464   361.01894000452444
465   361.01894000452444
466   361.01894000452444
467   361.01894000452444
468   361.01894000452444
469   361.01894000452444
470   361.01894000452444
471   361.01894000452444
472   361.01894000452444
473   361.01894000452444
474   361.01894000452444
475   361.01894000452444
476   361.01894000452444
477   361.01894000452444
478   361.01894000452444
479   361.01894000452444
480   361.01894000452444
481   361.01894000452444
482   361.01894000452444
483   361.01894000452444
484   361.01894000452444
485   361.01894000452444
486   361.01894000452444
487   361.01894000452444
488   361.01894000452444
489   361.01894000452444
490   361.01894000452444
491   361.01894000452444
492   361.01894000452444
493   361.01894000452444
494   361.01894000452444
495   361.01894000452444
496   361.01894000452444
497   361.01894000452444
498   361.01894000452444
499   361.01894000452444
500   361.01894000452444
501   361.01894000452444
502   361.01894000452444
503   361.01894000452444
504   361.01894000452444
505   361.01894000452444
506   361.01894000452444
507   361.01894000452444
508   361.01894000452444
509   361.01894000452444
510   361.01894000452444
511   361.01894000452444
512   361.01894000452444
513   361.01894000452444
514   361.01894000452444
515   361.01894000452444
516   361.01894000452444
517   361.01894000452444
518   361.01894000452444
519   361.01894000452444
520   361.01894000452444
521   361.01894000452444
522   361.01894000452444
523   361.01894000452444
524   361.01894000452444
525   361.01894000452444
526   361.01894000452444
527   361.01894000452444
528   361.01894000452444
529   361.01894000452444
530   361.01894000452444
531   361.01894000452444
532   361.01894000452444
533   361.01894000452444
534   361.01894000452444
535   361.01894000452444
536   361.01894000452444
537   361.01894000452444
538   361.01894000452444
539   361.01894000452444
540   361.01894000452444
541   361.01894000452444
542   361.01894000452444
543   361.01894000452444
544   361.01894000452444
545   361.01894000452444
546   361.01894000452444
547   361.01894000452444
548   361.01894000452444
549   361.01894000452444
550   361.01894000452444
551   361.01894000452444
552   361.01894000452444
553   361.01894000452444
554   361.01894000452444
555   361.01894000452444
556   361.01894000452444
557   361.01894000452444
558   361.01894000452444
559   361.01894000452444
560   361.01894000452444
561   361.01894000452444
562   361.01894000452444
563   361.01894000452444
564   361.01894000452444
565   361.01894000452444
566   361.01894000452444
567   361.01894000452444
568   361.01894000452444
569   361.01894000452444
570   361.01894000452444
571   361.01894000452444
572   361.01894000452444
573   361.01894000452444
574   361.01894000452444
575   361.01894000452444
576   361.01894000452444
577   361.01894000452444
578   361.01894000452444
579   361.01894000452444
580   361.01894000452444
581   361.01894000452444
582   361.01894000452444
583   361.01894000452444
584   361.01894000452444
585   361.01894000452444
586   361.01894000452444
587   361.01894000452444
588   361.01894000452444
589   361.01894000452444
590   361.01894000452444
591   361.01894000452444
592   361.01894000452444
593   361.01894000452444
594   361.01894000452444
595   361.01894000452444
596   361.01894000452444
597   361.01894000452444
598   361.01894000452444
599   361.01894000452444
600   361.01894000452444
601   361.01894000452444
602   361.01894000452444
603   361.01894000452444
604   361.01894000452444
605   361.01894000452444
606   361.01894000452444
607   361.01894000452444
608   361.01894000452444
609   361.01894000452444
610   361.01894000452444
611   361.01894000452444
612   361.01894000452444
613   361.01894000452444
614   361.01894000452444
615   361.01894000452444
616   361.01894000452444
617   361.01894000452444
618   361.01894000452444
619   361.01894000452444
620   361.01894000452444
621   361.01894000452444
622   361.01894000452444
623   361.01894000452444
624   361.01894000452444
625   361.01894000452444
626   361.01894000452444
627   361.01894000452444
628   361.01894000452444
629   361.01894000452444
630   361.01894000452444
631   361.01894000452444
632   361.01894000452444
633   361.01894000452444
634   361.01894000452444
635   361.01894000452444
636   361.01894000452444
637   361.01894000452444
638   361.01894000452444
639   361.01894000452444
640   361.01894000452444
641   361.01894000452444
642   361.01894000452444
643   361.01894000452444
644   361.01894000452444
645   361.01894000452444
646   361.01894000452444
647   361.01894000452444
648   361.01894000452444
649   361.01894000452444
650   361.01894000452444
651   361.01894000452444
652   361.01894000452444
653   361.01894000452444
654   361.01894000452444
655   361.01894000452444
656   361.01894000452444
657   361.01894000452444
658   361.01894000452444
659   361.01894000452444
660   361.01894000452444
661   361.01894000452444
662   361.01894000452444
663   361.01894000452444
664   361.01894000452444
665   361.01894000452444
666   361.01894000452444
667   361.01894000452444
668   361.01894000452444
669   361.01894000452444
670   361.01894000452444
671   361.01894000452444
672   361.01894000452444
673   361.01894000452444
674   361.01894000452444
675   361.01894000452444
676   361.01894000452444
677   361.01894000452444
678   361.01894000452444
679   361.01894000452444
680   361.01894000452444
681   361.01894000452444
682   361.01894000452444
683   361.01894000452444
684   361.01894000452444
685   361.01894000452444
686   361.01894000452444
687   361.01894000452444
688   361.01894000452444
689   361.01894000452444
690   361.01894000452444
691   361.01894000452444
692   361.01894000452444
693   361.01894000452444
694   361.01894000452444
695   361.01894000452444
696   361.01894000452444
697   361.01894000452444
698   361.01894000452444
699   361.01894000452444
700   361.01894000452444
701   361.01894000452444
702   361.01894000452444
703   361.01894000452444
704   361.01894000452444
705   361.01894000452444
706   361.01894000452444
707   361.01894000452444
708   361.01894000452444
709   361.01894000452444
710   361.01894000452444
711   361.01894000452444
712   361.01894000452444
713   361.01894000452444
714   361.01894000452444
715   361.01894000452444
716   361.01894000452444
717   361.01894000452444
718   361.01894000452444
719   361.01894000452444
720   361.01894000452444
721   361.01894000452444
722   361.01894000452444
723   361.01894000452444
724   361.01894000452444
725   361.01894000452444
726   361.01894000452444
727   361.01894000452444
728   361.01894000452444
729   361.01894000452444
730   361.01894000452444
731   361.01894000452444
732   361.01894000452444
733   361.01894000452444
734   361.01894000452444
735   361.01894000452444
736   361.01894000452444
737   361.01894000452444
738   361.01894000452444
739   361.01894000452444
740   361.01894000452444
741   361.01894000452444
742   361.01894000452444
743   361.01894000452444
744   361.01894000452444
745   361.01894000452444
746   361.01894000452444
747   361.01894000452444
748   361.01894000452444
749   361.01894000452444
750   361.01894000452444
751   361.01894000452444
752   361.01894000452444
753   361.01894000452444
754   361.01894000452444
755   361.01894000452444
756   361.01894000452444
757   361.01894000452444
758   361.01894000452444
759   361.01894000452444
760   361.01894000452444
761   361.01894000452444
762   361.01894000452444
763   361.01894000452444
764   361.01894000452444
765   361.01894000452444
766   361.01894000452444
767   361.01894000452444
768   361.01894000452444
769   361.01894000452444
770   361.01894000452444
771   361.01894000452444
772   361.01894000452444
773   361.01894000452444
774   361.01894000452444
775   361.01894000452444
776   361.01894000452444
777   361.01894000452444
778   361.01894000452444
779   361.01894000452444
780   361.01894000452444
781   361.01894000452444
782   361.01894000452444
783   361.01894000452444
784   361.01894000452444
785   361.01894000452444
786   361.01894000452444
787   361.01894000452444
788   361.01894000452444
789   361.01894000452444
790   361.01894000452444
791   361.01894000452444
792   361.01894000452444
793   361.01894000452444
794   361.01894000452444
795   361.01894000452444
796   361.01894000452444
797   361.01894000452444
798   361.01894000452444
799   361.01894000452444
800   361.01894000452444
801   361.01894000452444
802   361.01894000452444
803   361.01894000452444
804   361.01894000452444
805   361.01894000452444
806   361.01894000452444
807   361.01894000452444
808   361.01894000452444
809   361.01894000452444
810   361.01894000452444
811   361.01894000452444
812   361.01894000452444
813   361.01894000452444
814   361.01894000452444
815   361.01894000452444
816   361.01894000452444
817   361.01894000452444
818   361.01894000452444
819   361.01894000452444
820   361.01894000452444
821   361.01894000452444
822   361.01894000452444
823   361.01894000452444
824   361.01894000452444
825   361.01894000452444
826   361.01894000452444
827   361.01894000452444
828   361.01894000452444
829   361.01894000452444
830   361.01894000452444
831   361.01894000452444
832   361.01894000452444
833   361.01894000452444
834   361.01894000452444
835   361.01894000452444
836   361.01894000452444
837   361.01894000452444
838   361.01894000452444
839   361.01894000452444
840   361.01894000452444
841   361.01894000452444
842   361.01894000452444
843   361.01894000452444
844   361.01894000452444
845   361.01894000452444
846   361.01894000452444
847   361.01894000452444
848   361.01894000452444
849   361.01894000452444
850   361.01894000452444
851   361.01894000452444
852   361.01894000452444
853   361.01894000452444
854   361.01894000452444
855   361.01894000452444
856   361.01894000452444
857   361.01894000452444
858   361.01894000452444
859   361.01894000452444
860   361.01894000452444
861   361.01894000452444
862   361.01894000452444
863   361.01894000452444
864   361.01894000452444
865   361.01894000452444
866   361.01894000452444
867   361.01894000452444
868   361.01894000452444
869   361.01894000452444
870   361.01894000452444
871   361.01894000452444
872   361.01894000452444
873   361.01894000452444
874   361.01894000452444
875   361.01894000452444
876   361.01894000452444
877   361.01894000452444
878   361.01894000452444
879   361.01894000452444
880   361.01894000452444
881   361.01894000452444
882   361.01894000452444
883   361.01894000452444
884   361.01894000452444
885   361.01894000452444
886   361.01894000452444
887   361.01894000452444
888   361.01894000452444
889   361.01894000452444
890   361.01894000452444
891   361.01894000452444
892   361.01894000452444
893   361.01894000452444
894   361.01894000452444
895   361.01894000452444
896   361.01894000452444
897   361.01894000452444
898   361.01894000452444
899   361.01894000452444
900   361.01894000452444
901   361.01894000452444
902   361.01894000452444
903   361.01894000452444
904   361.01894000452444
905   361.01894000452444
906   361.01894000452444
907   361.01894000452444
908   361.01894000452444
909   361.01894000452444
910   361.01894000452444
911   361.01894000452444
912   361.01894000452444
913   361.01894000452444
914   361.01894000452444
915   361.01894000452444
916   361.01894000452444
917   361.01894000452444
918   361.01894000452444
919   361.01894000452444
920   361.01894000452444
921   361.01894000452444
922   361.01894000452444
923   361.01894000452444
924   361.01894000452444
925   361.01894000452444
926   361.01894000452444
927   361.01894000452444
928   361.01894000452444
929   361.01894000452444
930   361.01894000452444
931   361.01894000452444
932   361.01894000452444
933   361.01894000452444
934   361.01894000452444
935   361.01894000452444
936   361.01894000452444
937   361.01894000452444
938   361.01894000452444
939   361.01894000452444
940   361.01894000452444
941   361.01894000452444
942   361.01894000452444
943   361.01894000452444
944   361.01894000452444
945   361.01894000452444
946   361.01894000452444
947   361.01894000452444
948   361.01894000452444
949   361.01894000452444
950   361.01894000452444
951   361.01894000452444
952   361.01894000452444
953   361.01894000452444
954   361.01894000452444
955   361.01894000452444
956   361.01894000452444
957   361.01894000452444
958   361.01894000452444
959   361.01894000452444
960   361.01894000452444
961   361.01894000452444
962   361.01894000452444
963   361.01894000452444
964   361.01894000452444
965   361.01894000452444
966   361.01894000452444
967   361.01894000452444
968   361.01894000452444
969   361.01894000452444
970   361.01894000452444
971   361.01894000452444
972   361.01894000452444
973   361.01894000452444
974   361.01894000452444
975   361.01894000452444
976   361.01894000452444
977   361.01894000452444
978   361.01894000452444
979   361.01894000452444
980   361.01894000452444
981   361.01894000452444
982   361.01894000452444
983   361.01894000452444
984   361.01894000452444
985   361.01894000452444
986   361.01894000452444
987   361.01894000452444
988   361.01894000452444
989   361.01894000452444
990   361.01894000452444
991   361.01894000452444
992   361.01894000452444
993   361.01894000452444
994   361.01894000452444
995   361.01894000452444
996   361.01894000452444
997   361.01894000452444
998   361.01894000452444
999   361.01894000452444
