1   664.9355375107268
2   664.9355375107268
3   493.78971216390704
4   493.78971216390704
5   493.78971216390704
6   493.78971216390704
7   493.78971216390704
8   493.78971216390704
9   493.78971216390704
10   493.78971216390704
11   493.78971216390704
12   493.78971216390704
13   493.78971216390704
14   493.78971216390704
15   493.78971216390704
16   493.78971216390704
17   493.78971216390704
18   493.78971216390704
19   493.78971216390704
20   493.78971216390704
21   493.78971216390704
22   493.78971216390704
23   493.78971216390704
24   493.78971216390704
25   493.78971216390704
26   493.78971216390704
27   493.78971216390704
28   493.78971216390704
29   493.78971216390704
30   493.78971216390704
31   493.78971216390704
32   493.78971216390704
33   493.78971216390704
34   493.78971216390704
35   493.78971216390704
36   493.78971216390704
37   493.78971216390704
38   493.78971216390704
39   493.78971216390704
40   493.78971216390704
41   493.78971216390704
42   493.78971216390704
43   493.78971216390704
44   493.78971216390704
45   493.78971216390704
46   493.78971216390704
47   493.78971216390704
48   493.78971216390704
49   493.78971216390704
50   493.78971216390704
51   493.78971216390704
52   493.78971216390704
53   493.78971216390704
54   493.78971216390704
55   493.78971216390704
56   493.78971216390704
57   493.78971216390704
58   493.78971216390704
59   493.78971216390704
60   493.78971216390704
61   493.78971216390704
62   493.78971216390704
63   493.78971216390704
64   493.78971216390704
65   493.78971216390704
66   493.78971216390704
67   493.78971216390704
68   493.78971216390704
69   493.78971216390704
70   493.78971216390704
71   493.78971216390704
72   493.78971216390704
73   493.78971216390704
74   493.78971216390704
75   493.78971216390704
76   493.78971216390704
77   493.78971216390704
78   493.78971216390704
79   493.78971216390704
80   493.78971216390704
81   493.78971216390704
82   493.78971216390704
83   493.78971216390704
84   493.78971216390704
85   493.78971216390704
86   493.78971216390704
87   493.78971216390704
88   493.78971216390704
89   493.78971216390704
90   493.78971216390704
91   493.78971216390704
92   493.78971216390704
93   493.78971216390704
94   493.78971216390704
95   493.78971216390704
96   493.78971216390704
97   493.78971216390704
98   493.78971216390704
99   493.78971216390704
100   493.78971216390704
101   493.78971216390704
102   493.78971216390704
103   493.78971216390704
104   493.78971216390704
105   493.78971216390704
106   493.78971216390704
107   493.78971216390704
108   493.78971216390704
109   493.78971216390704
110   493.78971216390704
111   493.78971216390704
112   493.78971216390704
113   493.78971216390704
114   493.78971216390704
115   493.78971216390704
116   493.78971216390704
117   493.78971216390704
118   493.78971216390704
119   493.78971216390704
120   493.78971216390704
121   493.78971216390704
122   493.78971216390704
123   493.78971216390704
124   493.78971216390704
125   493.78971216390704
126   493.78971216390704
127   493.78971216390704
128   493.78971216390704
129   493.78971216390704
130   493.78971216390704
131   493.78971216390704
132   493.78971216390704
133   493.78971216390704
134   493.78971216390704
135   493.78971216390704
136   493.78971216390704
137   493.78971216390704
138   493.78971216390704
139   493.78971216390704
140   493.78971216390704
141   493.78971216390704
142   493.78971216390704
143   493.78971216390704
144   493.78971216390704
145   493.78971216390704
146   493.78971216390704
147   493.78971216390704
148   493.78971216390704
149   493.78971216390704
150   493.78971216390704
151   493.78971216390704
152   493.78971216390704
153   493.78971216390704
154   493.78971216390704
155   493.78971216390704
156   493.78971216390704
157   493.78971216390704
158   493.78971216390704
159   493.78971216390704
160   493.78971216390704
161   493.78971216390704
162   493.78971216390704
163   493.78971216390704
164   493.78971216390704
165   493.78971216390704
166   493.78971216390704
167   493.78971216390704
168   493.78971216390704
169   493.78971216390704
170   493.78971216390704
171   493.78971216390704
172   493.78971216390704
173   493.78971216390704
174   493.78971216390704
175   493.78971216390704
176   493.78971216390704
177   493.78971216390704
178   493.78971216390704
179   493.78971216390704
180   493.78971216390704
181   493.78971216390704
182   493.78971216390704
183   493.78971216390704
184   493.78971216390704
185   493.78971216390704
186   493.78971216390704
187   493.78971216390704
188   493.78971216390704
189   493.78971216390704
190   493.78971216390704
191   493.78971216390704
192   493.78971216390704
193   493.78971216390704
194   493.78971216390704
195   493.78971216390704
196   493.78971216390704
197   493.78971216390704
198   493.78971216390704
199   493.78971216390704
200   493.78971216390704
201   493.78971216390704
202   493.78971216390704
203   493.78971216390704
204   493.78971216390704
205   493.78971216390704
206   493.78971216390704
207   493.78971216390704
208   493.78971216390704
209   493.78971216390704
210   493.78971216390704
211   493.78971216390704
212   493.78971216390704
213   493.78971216390704
214   493.78971216390704
215   493.78971216390704
216   493.78971216390704
217   493.78971216390704
218   493.78971216390704
219   493.78971216390704
220   493.78971216390704
221   493.78971216390704
222   493.78971216390704
223   493.78971216390704
224   493.78971216390704
225   493.78971216390704
226   493.78971216390704
227   493.78971216390704
228   493.78971216390704
229   493.78971216390704
230   493.78971216390704
231   493.78971216390704
232   493.78971216390704
233   493.78971216390704
234   493.78971216390704
235   493.78971216390704
236   493.78971216390704
237   493.78971216390704
238   493.78971216390704
239   493.78971216390704
240   493.78971216390704
241   493.78971216390704
242   493.78971216390704
243   493.78971216390704
244   493.78971216390704
245   493.78971216390704
246   493.78971216390704
247   493.78971216390704
248   493.78971216390704
249   493.78971216390704
250   493.78971216390704
251   493.78971216390704
252   493.78971216390704
253   493.78971216390704
254   493.78971216390704
255   493.78971216390704
256   493.78971216390704
257   493.78971216390704
258   493.78971216390704
259   493.78971216390704
260   493.78971216390704
261   493.78971216390704
262   493.78971216390704
263   493.78971216390704
264   493.78971216390704
265   493.78971216390704
266   493.78971216390704
267   493.78971216390704
268   493.78971216390704
269   493.78971216390704
270   493.78971216390704
271   493.78971216390704
272   493.78971216390704
273   493.78971216390704
274   493.78971216390704
275   493.78971216390704
276   493.78971216390704
277   493.78971216390704
278   493.78971216390704
279   493.78971216390704
280   493.78971216390704
281   493.78971216390704
282   493.78971216390704
283   493.78971216390704
284   493.78971216390704
285   493.78971216390704
286   493.78971216390704
287   493.78971216390704
288   493.78971216390704
289   493.78971216390704
290   493.78971216390704
291   493.78971216390704
292   493.78971216390704
293   493.78971216390704
294   493.78971216390704
295   493.78971216390704
296   493.78971216390704
297   493.78971216390704
298   493.78971216390704
299   493.78971216390704
300   493.78971216390704
301   493.78971216390704
302   493.78971216390704
303   493.78971216390704
304   493.78971216390704
305   493.78971216390704
306   493.78971216390704
307   493.78971216390704
308   493.78971216390704
309   493.78971216390704
310   493.78971216390704
311   493.78971216390704
312   493.78971216390704
313   493.78971216390704
314   493.78971216390704
315   493.78971216390704
316   493.78971216390704
317   493.78971216390704
318   493.78971216390704
319   493.78971216390704
320   493.78971216390704
321   493.78971216390704
322   493.78971216390704
323   493.78971216390704
324   493.78971216390704
325   493.78971216390704
326   493.78971216390704
327   493.78971216390704
328   493.78971216390704
329   493.78971216390704
330   493.78971216390704
331   493.78971216390704
332   493.78971216390704
333   493.78971216390704
334   493.78971216390704
335   493.78971216390704
336   493.78971216390704
337   493.78971216390704
338   493.78971216390704
339   493.78971216390704
340   493.78971216390704
341   493.78971216390704
342   493.78971216390704
343   493.78971216390704
344   493.78971216390704
345   493.78971216390704
346   493.78971216390704
347   493.78971216390704
348   493.78971216390704
349   493.78971216390704
350   493.78971216390704
351   493.78971216390704
352   493.78971216390704
353   493.78971216390704
354   493.78971216390704
355   493.78971216390704
356   493.78971216390704
357   493.78971216390704
358   493.78971216390704
359   493.78971216390704
360   493.78971216390704
361   493.78971216390704
362   493.78971216390704
363   493.78971216390704
364   493.78971216390704
365   493.78971216390704
366   493.78971216390704
367   493.78971216390704
368   493.78971216390704
369   493.78971216390704
370   493.78971216390704
371   493.78971216390704
372   493.78971216390704
373   493.78971216390704
374   493.78971216390704
375   493.78971216390704
376   493.78971216390704
377   493.78971216390704
378   493.78971216390704
379   493.78971216390704
380   493.78971216390704
381   493.78971216390704
382   493.78971216390704
383   493.78971216390704
384   493.78971216390704
385   493.78971216390704
386   493.78971216390704
387   493.78971216390704
388   493.78971216390704
389   493.78971216390704
390   493.78971216390704
391   493.78971216390704
392   493.78971216390704
393   493.78971216390704
394   493.78971216390704
395   493.78971216390704
396   493.78971216390704
397   493.78971216390704
398   493.78971216390704
399   493.78971216390704
400   493.78971216390704
401   493.78971216390704
402   493.78971216390704
403   493.78971216390704
404   493.78971216390704
405   493.78971216390704
406   493.78971216390704
407   493.78971216390704
408   493.78971216390704
409   493.78971216390704
410   493.78971216390704
411   493.78971216390704
412   493.78971216390704
413   493.78971216390704
414   493.78971216390704
415   493.78971216390704
416   493.78971216390704
417   493.78971216390704
418   493.78971216390704
419   493.78971216390704
420   493.78971216390704
421   493.78971216390704
422   493.78971216390704
423   493.78971216390704
424   493.78971216390704
425   493.78971216390704
426   493.78971216390704
427   493.78971216390704
428   493.78971216390704
429   493.78971216390704
430   493.78971216390704
431   493.78971216390704
432   493.78971216390704
433   493.78971216390704
434   493.78971216390704
435   493.78971216390704
436   493.78971216390704
437   493.78971216390704
438   493.78971216390704
439   493.78971216390704
440   493.78971216390704
441   493.78971216390704
442   493.78971216390704
443   493.78971216390704
444   493.78971216390704
445   493.78971216390704
446   493.78971216390704
447   493.78971216390704
448   493.78971216390704
449   493.78971216390704
450   493.78971216390704
451   493.78971216390704
452   493.78971216390704
453   493.78971216390704
454   493.78971216390704
455   493.78971216390704
456   493.78971216390704
457   493.78971216390704
458   493.78971216390704
459   493.78971216390704
460   493.78971216390704
461   493.78971216390704
462   493.78971216390704
463   493.78971216390704
464   493.78971216390704
465   493.78971216390704
466   493.78971216390704
467   493.78971216390704
468   493.78971216390704
469   493.78971216390704
470   493.78971216390704
471   493.78971216390704
472   493.78971216390704
473   493.78971216390704
474   493.78971216390704
475   493.78971216390704
476   493.78971216390704
477   493.78971216390704
478   493.78971216390704
479   493.78971216390704
480   493.78971216390704
481   493.78971216390704
482   493.78971216390704
483   493.78971216390704
484   493.78971216390704
485   493.78971216390704
486   493.78971216390704
487   493.78971216390704
488   493.78971216390704
489   493.78971216390704
490   493.78971216390704
491   493.78971216390704
492   493.78971216390704
493   493.78971216390704
494   493.78971216390704
495   493.78971216390704
496   493.78971216390704
497   493.78971216390704
498   493.78971216390704
499   493.78971216390704
500   493.78971216390704
501   493.78971216390704
502   493.78971216390704
503   493.78971216390704
504   493.78971216390704
505   493.78971216390704
506   493.78971216390704
507   493.78971216390704
508   493.78971216390704
509   493.78971216390704
510   493.78971216390704
511   493.78971216390704
512   493.78971216390704
513   493.78971216390704
514   493.78971216390704
515   493.78971216390704
516   493.78971216390704
517   493.78971216390704
518   493.78971216390704
519   493.78971216390704
520   493.78971216390704
521   493.78971216390704
522   493.78971216390704
523   493.78971216390704
524   493.78971216390704
525   493.78971216390704
526   493.78971216390704
527   493.78971216390704
528   493.78971216390704
529   493.78971216390704
530   493.78971216390704
531   493.78971216390704
532   493.78971216390704
533   493.78971216390704
534   493.78971216390704
535   493.78971216390704
536   493.78971216390704
537   493.78971216390704
538   493.78971216390704
539   493.78971216390704
540   493.78971216390704
541   493.78971216390704
542   493.78971216390704
543   493.78971216390704
544   493.78971216390704
545   493.78971216390704
546   493.78971216390704
547   493.78971216390704
548   493.78971216390704
549   493.78971216390704
550   493.78971216390704
551   493.78971216390704
552   493.78971216390704
553   493.78971216390704
554   493.78971216390704
555   493.78971216390704
556   493.78971216390704
557   493.78971216390704
558   493.78971216390704
559   493.78971216390704
560   493.78971216390704
561   493.78971216390704
562   493.78971216390704
563   493.78971216390704
564   493.78971216390704
565   493.78971216390704
566   493.78971216390704
567   493.78971216390704
568   493.78971216390704
569   493.78971216390704
570   493.78971216390704
571   493.78971216390704
572   493.78971216390704
573   493.78971216390704
574   493.78971216390704
575   493.78971216390704
576   493.78971216390704
577   493.78971216390704
578   493.78971216390704
579   493.78971216390704
580   493.78971216390704
581   493.78971216390704
582   493.78971216390704
583   493.78971216390704
584   493.78971216390704
585   493.78971216390704
586   493.78971216390704
587   493.78971216390704
588   493.78971216390704
589   493.78971216390704
590   493.78971216390704
591   493.78971216390704
592   493.78971216390704
593   493.78971216390704
594   493.78971216390704
595   493.78971216390704
596   493.78971216390704
597   493.78971216390704
598   493.78971216390704
599   493.78971216390704
600   493.78971216390704
601   493.78971216390704
602   493.78971216390704
603   493.78971216390704
604   493.78971216390704
605   493.78971216390704
606   493.78971216390704
607   493.78971216390704
608   493.78971216390704
609   493.78971216390704
610   493.78971216390704
611   493.78971216390704
612   493.78971216390704
613   493.78971216390704
614   493.78971216390704
615   493.78971216390704
616   493.78971216390704
617   493.78971216390704
618   493.78971216390704
619   493.78971216390704
620   493.78971216390704
621   493.78971216390704
622   493.78971216390704
623   493.78971216390704
624   493.78971216390704
625   493.78971216390704
626   493.78971216390704
627   493.78971216390704
628   493.78971216390704
629   493.78971216390704
630   493.78971216390704
631   493.78971216390704
632   493.78971216390704
633   493.78971216390704
634   493.78971216390704
635   493.78971216390704
636   493.78971216390704
637   493.78971216390704
638   493.78971216390704
639   493.78971216390704
640   493.78971216390704
641   493.78971216390704
642   493.78971216390704
643   493.78971216390704
644   493.78971216390704
645   493.78971216390704
646   493.78971216390704
647   493.78971216390704
648   493.78971216390704
649   493.78971216390704
650   493.78971216390704
651   493.78971216390704
652   493.78971216390704
653   493.78971216390704
654   493.78971216390704
655   493.78971216390704
656   493.78971216390704
657   493.78971216390704
658   493.78971216390704
659   493.78971216390704
660   493.78971216390704
661   493.78971216390704
662   493.78971216390704
663   493.78971216390704
664   493.78971216390704
665   493.78971216390704
666   493.78971216390704
667   493.78971216390704
668   493.78971216390704
669   493.78971216390704
670   493.78971216390704
671   493.78971216390704
672   493.78971216390704
673   493.78971216390704
674   493.78971216390704
675   493.78971216390704
676   493.78971216390704
677   493.78971216390704
678   493.78971216390704
679   493.78971216390704
680   493.78971216390704
681   493.78971216390704
682   493.78971216390704
683   493.78971216390704
684   493.78971216390704
685   493.78971216390704
686   493.78971216390704
687   493.78971216390704
688   493.78971216390704
689   493.78971216390704
690   493.78971216390704
691   493.78971216390704
692   493.78971216390704
693   493.78971216390704
694   493.78971216390704
695   493.78971216390704
696   493.78971216390704
697   493.78971216390704
698   493.78971216390704
699   493.78971216390704
700   493.78971216390704
701   493.78971216390704
702   493.78971216390704
703   493.78971216390704
704   493.78971216390704
705   493.78971216390704
706   493.78971216390704
707   493.78971216390704
708   493.78971216390704
709   493.78971216390704
710   493.78971216390704
711   493.78971216390704
712   493.78971216390704
713   493.78971216390704
714   493.78971216390704
715   493.78971216390704
716   493.78971216390704
717   493.78971216390704
718   493.78971216390704
719   493.78971216390704
720   493.78971216390704
721   493.78971216390704
722   493.78971216390704
723   493.78971216390704
724   493.78971216390704
725   493.78971216390704
726   493.78971216390704
727   493.78971216390704
728   493.78971216390704
729   493.78971216390704
730   493.78971216390704
731   493.78971216390704
732   493.78971216390704
733   493.78971216390704
734   493.78971216390704
735   493.78971216390704
736   493.78971216390704
737   493.78971216390704
738   493.78971216390704
739   493.78971216390704
740   493.78971216390704
741   493.78971216390704
742   493.78971216390704
743   493.78971216390704
744   493.78971216390704
745   493.78971216390704
746   493.78971216390704
747   493.78971216390704
748   493.78971216390704
749   493.78971216390704
750   493.78971216390704
751   493.78971216390704
752   493.78971216390704
753   493.78971216390704
754   493.78971216390704
755   493.78971216390704
756   493.78971216390704
757   493.78971216390704
758   493.78971216390704
759   493.78971216390704
760   493.78971216390704
761   493.78971216390704
762   493.78971216390704
763   493.78971216390704
764   493.78971216390704
765   493.78971216390704
766   493.78971216390704
767   493.78971216390704
768   493.78971216390704
769   493.78971216390704
770   493.78971216390704
771   493.78971216390704
772   493.78971216390704
773   493.78971216390704
774   493.78971216390704
775   493.78971216390704
776   493.78971216390704
777   493.78971216390704
778   493.78971216390704
779   493.78971216390704
780   493.78971216390704
781   493.78971216390704
782   493.78971216390704
783   493.78971216390704
784   493.78971216390704
785   493.78971216390704
786   493.78971216390704
787   493.78971216390704
788   493.78971216390704
789   493.78971216390704
790   493.78971216390704
791   493.78971216390704
792   493.78971216390704
793   493.78971216390704
794   493.78971216390704
795   493.78971216390704
796   493.78971216390704
797   493.78971216390704
798   493.78971216390704
799   493.78971216390704
800   493.78971216390704
801   493.78971216390704
802   493.78971216390704
803   493.78971216390704
804   493.78971216390704
805   493.78971216390704
806   493.78971216390704
807   493.78971216390704
808   493.78971216390704
809   493.78971216390704
810   493.78971216390704
811   493.78971216390704
812   493.78971216390704
813   493.78971216390704
814   493.78971216390704
815   493.78971216390704
816   493.78971216390704
817   493.78971216390704
818   493.78971216390704
819   493.78971216390704
820   493.78971216390704
821   493.78971216390704
822   493.78971216390704
823   493.78971216390704
824   493.78971216390704
825   493.78971216390704
826   493.78971216390704
827   493.78971216390704
828   493.78971216390704
829   493.78971216390704
830   493.78971216390704
831   493.78971216390704
832   493.78971216390704
833   493.78971216390704
834   493.78971216390704
835   493.78971216390704
836   493.78971216390704
837   493.78971216390704
838   493.78971216390704
839   493.78971216390704
840   493.78971216390704
841   493.78971216390704
842   493.78971216390704
843   493.78971216390704
844   493.78971216390704
845   493.78971216390704
846   493.78971216390704
847   493.78971216390704
848   493.78971216390704
849   493.78971216390704
850   493.78971216390704
851   493.78971216390704
852   493.78971216390704
853   493.78971216390704
854   493.78971216390704
855   493.78971216390704
856   493.78971216390704
857   493.78971216390704
858   493.78971216390704
859   493.78971216390704
860   493.78971216390704
861   493.78971216390704
862   493.78971216390704
863   493.78971216390704
864   493.78971216390704
865   493.78971216390704
866   493.78971216390704
867   493.78971216390704
868   493.78971216390704
869   493.78971216390704
870   493.78971216390704
871   493.78971216390704
872   493.78971216390704
873   493.78971216390704
874   493.78971216390704
875   493.78971216390704
876   493.78971216390704
877   493.78971216390704
878   493.78971216390704
879   493.78971216390704
880   493.78971216390704
881   493.78971216390704
882   493.78971216390704
883   493.78971216390704
884   493.78971216390704
885   493.78971216390704
886   493.78971216390704
887   493.78971216390704
888   493.78971216390704
889   493.78971216390704
890   493.78971216390704
891   493.78971216390704
892   493.78971216390704
893   493.78971216390704
894   493.78971216390704
895   493.78971216390704
896   493.78971216390704
897   493.78971216390704
898   493.78971216390704
899   493.78971216390704
900   493.78971216390704
901   493.78971216390704
902   493.78971216390704
903   493.78971216390704
904   493.78971216390704
905   493.78971216390704
906   493.78971216390704
907   493.78971216390704
908   493.78971216390704
909   493.78971216390704
910   493.78971216390704
911   493.78971216390704
912   493.78971216390704
913   493.78971216390704
914   493.78971216390704
915   493.78971216390704
916   493.78971216390704
917   493.78971216390704
918   493.78971216390704
919   493.78971216390704
920   493.78971216390704
921   493.78971216390704
922   493.78971216390704
923   493.78971216390704
924   493.78971216390704
925   493.78971216390704
926   493.78971216390704
927   493.78971216390704
928   493.78971216390704
929   493.78971216390704
930   493.78971216390704
931   493.78971216390704
932   493.78971216390704
933   493.78971216390704
934   493.78971216390704
935   493.78971216390704
936   493.78971216390704
937   493.78971216390704
938   493.78971216390704
939   493.78971216390704
940   493.78971216390704
941   493.78971216390704
942   493.78971216390704
943   493.78971216390704
944   493.78971216390704
945   493.78971216390704
946   493.78971216390704
947   493.78971216390704
948   493.78971216390704
949   493.78971216390704
950   493.78971216390704
951   493.78971216390704
952   493.78971216390704
953   493.78971216390704
954   493.78971216390704
955   493.78971216390704
956   493.78971216390704
957   493.78971216390704
958   493.78971216390704
959   493.78971216390704
960   493.78971216390704
961   493.78971216390704
962   493.78971216390704
963   493.78971216390704
964   493.78971216390704
965   493.78971216390704
966   493.78971216390704
967   493.78971216390704
968   493.78971216390704
969   493.78971216390704
970   493.78971216390704
971   493.78971216390704
972   493.78971216390704
973   493.78971216390704
974   493.78971216390704
975   493.78971216390704
976   493.78971216390704
977   493.78971216390704
978   493.78971216390704
979   493.78971216390704
980   493.78971216390704
981   493.78971216390704
982   493.78971216390704
983   493.78971216390704
984   493.78971216390704
985   493.78971216390704
986   493.78971216390704
987   493.78971216390704
988   493.78971216390704
989   493.78971216390704
990   493.78971216390704
991   493.78971216390704
992   493.78971216390704
993   493.78971216390704
994   493.78971216390704
995   493.78971216390704
996   493.78971216390704
997   493.78971216390704
998   493.78971216390704
999   493.78971216390704
