1   2.5892579921498884
2   2.5892579921498884
3   2.5892579921498884
4   2.3647938579698025
5   2.3647938579698025
6   2.3647938579698025
7   2.3647938579698025
8   2.3647938579698025
9   2.3647938579698025
10   2.3647938579698025
11   2.3647938579698025
12   2.3647938579698025
13   2.3647938579698025
14   2.3647938579698025
15   2.3647938579698025
16   2.3647938579698025
17   2.3647938579698025
18   2.3647938579698025
19   2.3647938579698025
20   2.3647938579698025
21   2.3647938579698025
22   2.3647938579698025
23   2.3647938579698025
24   2.3647938579698025
25   2.3647938579698025
26   2.3647938579698025
27   2.3647938579698025
28   2.3647938579698025
29   2.3647938579698025
30   2.3647938579698025
31   2.3647938579698025
32   2.3647938579698025
33   2.3647938579698025
34   2.3647938579698025
35   2.3647938579698025
36   2.3647938579698025
37   2.3647938579698025
38   2.3647938579698025
39   2.3647938579698025
40   2.3647938579698025
41   2.3647938579698025
42   2.3647938579698025
43   2.3647938579698025
44   2.3647938579698025
45   2.3647938579698025
46   2.3647938579698025
47   2.3647938579698025
48   2.3647938579698025
49   2.3647938579698025
50   2.3647938579698025
51   2.3647938579698025
52   2.3647938579698025
53   2.3647938579698025
54   2.3647938579698025
55   2.3647938579698025
56   2.3647938579698025
57   2.3647938579698025
58   2.3647938579698025
59   2.3647938579698025
60   2.3647938579698025
61   2.3647938579698025
62   2.3647938579698025
63   2.3647938579698025
64   2.3647938579698025
65   2.3647938579698025
66   2.3647938579698025
67   2.3647938579698025
68   2.3647938579698025
69   2.3647938579698025
70   2.3647938579698025
71   2.3647938579698025
72   2.3647938579698025
73   2.3647938579698025
74   2.3647938579698025
75   2.3647938579698025
76   2.3647938579698025
77   2.3647938579698025
78   2.3647938579698025
79   2.3647938579698025
80   2.3647938579698025
81   2.3647938579698025
82   2.3647938579698025
83   2.3647938579698025
84   2.3647938579698025
85   2.3647938579698025
86   2.3647938579698025
87   2.3647938579698025
88   2.3647938579698025
89   2.3647938579698025
90   2.3647938579698025
91   2.3647938579698025
92   2.3647938579698025
93   2.3647938579698025
94   2.3647938579698025
95   2.3647938579698025
96   2.3647938579698025
97   2.3647938579698025
98   2.3647938579698025
99   2.3647938579698025
100   2.3647938579698025
101   2.3647938579698025
102   2.3647938579698025
103   2.3647938579698025
104   2.3647938579698025
105   2.3647938579698025
106   2.3647938579698025
107   2.3647938579698025
108   2.3647938579698025
109   2.3647938579698025
110   2.3647938579698025
111   2.3647938579698025
112   2.3647938579698025
113   2.3647938579698025
114   2.3647938579698025
115   2.3647938579698025
116   2.3647938579698025
117   2.3647938579698025
118   2.3647938579698025
119   2.3647938579698025
120   1.1866375405468577
121   1.1866375405468577
122   1.1866375405468577
123   1.1866375405468577
124   1.1866375405468577
125   1.1866375405468577
126   1.1866375405468577
127   1.1866375405468577
128   0.40746467499117733
129   0.40746467499117733
130   0.40746467499117733
131   0.40746467499117733
132   0.40746467499117733
133   0.40746467499117733
134   0.40746467499117733
135   0.40746467499117733
136   0.40746467499117733
137   0.40746467499117733
138   0.40746467499117733
139   0.40746467499117733
140   0.40746467499117733
141   0.40746467499117733
142   0.40746467499117733
143   0.40746467499117733
144   0.40746467499117733
145   0.40746467499117733
146   0.40746467499117733
147   0.40746467499117733
148   0.40746467499117733
149   0.40746467499117733
150   0.40746467499117733
151   0.40746467499117733
152   0.40746467499117733
153   0.40746467499117733
154   0.07916345719021016
155   0.07916345719021016
156   0.07916345719021016
157   0.07916345719021016
158   0.07916345719021016
159   0.07916345719021016
160   0.07916345719021016
161   0.07916345719021016
162   0.07916345719021016
163   0.07916345719021016
164   0.07916345719021016
165   0.07916345719021016
166   0.07916345719021016
167   0.07916345719021016
168   0.07916345719021016
169   0.07916345719021016
170   0.07916345719021016
171   0.07916345719021016
172   0.07916345719021016
173   0.07916345719021016
174   0.07916345719021016
175   0.07916345719021016
176   0.07916345719021016
177   0.07916345719021016
178   0.07916345719021016
179   0.07916345719021016
180   0.07916345719021016
181   0.07916345719021016
182   0.07916345719021016
183   0.07916345719021016
184   0.07916345719021016
185   0.07916345719021016
186   0.07916345719021016
187   0.07916345719021016
188   0.07916345719021016
189   0.07916345719021016
190   0.07916345719021016
191   0.07916345719021016
192   0.07916345719021016
193   0.07916345719021016
194   0.07916345719021016
195   0.07916345719021016
196   0.07916345719021016
197   0.07916345719021016
198   0.07916345719021016
199   0.07916345719021016
200   0.07916345719021016
201   0.07916345719021016
202   0.07916345719021016
203   0.07916345719021016
204   0.07916345719021016
205   0.07916345719021016
206   0.07916345719021016
207   0.07916345719021016
208   0.07916345719021016
209   0.07916345719021016
210   0.07916345719021016
211   0.07916345719021016
212   0.07916345719021016
213   0.07916345719021016
214   0.07916345719021016
215   0.07916345719021016
216   0.07916345719021016
217   0.07916345719021016
218   0.07916345719021016
219   0.07916345719021016
220   0.07916345719021016
221   0.07916345719021016
222   0.07916345719021016
223   0.07916345719021016
224   0.07916345719021016
225   0.07916345719021016
226   0.07916345719021016
227   0.07916345719021016
228   0.07916345719021016
229   0.07916345719021016
230   0.07916345719021016
231   0.07916345719021016
232   0.07916345719021016
233   0.07916345719021016
234   0.07916345719021016
235   0.07089262188910334
236   0.07089262188910334
237   0.07089262188910334
238   0.07089262188910334
239   0.07089262188910334
240   0.07089262188910334
241   0.07089262188910334
242   0.07089262188910334
243   0.07089262188910334
244   0.07089262188910334
245   0.07089262188910334
246   0.07089262188910334
247   0.07089262188910334
248   0.07089262188910334
249   0.07089262188910334
250   0.07089262188910334
251   0.07089262188910334
252   0.07089262188910334
253   0.07089262188910334
254   0.07089262188910334
255   0.07089262188910334
256   0.03845105585949597
257   0.03845105585949597
258   0.03845105585949597
259   0.03845105585949597
260   0.03845105585949597
261   0.03845105585949597
262   0.03845105585949597
263   0.03845105585949597
264   0.03845105585949597
265   0.03845105585949597
266   0.03845105585949597
267   0.03845105585949597
268   0.03845105585949597
269   0.03845105585949597
270   0.03845105585949597
271   0.03845105585949597
272   0.03845105585949597
273   0.03845105585949597
274   0.03845105585949597
275   0.03845105585949597
276   0.0323130397612812
277   0.0323130397612812
278   0.0323130397612812
279   0.0323130397612812
280   0.0323130397612812
281   0.0323130397612812
282   0.029378643358214197
283   0.014919172630262063
284   0.014919172630262063
285   0.014919172630262063
286   0.014919172630262063
287   0.014919172630262063
288   0.014919172630262063
289   0.014919172630262063
290   0.014919172630262063
291   0.014919172630262063
292   0.014919172630262063
293   0.014919172630262063
294   0.014919172630262063
295   0.014919172630262063
296   0.014919172630262063
297   0.014919172630262063
298   0.014919172630262063
299   0.014919172630262063
300   0.014919172630262063
301   0.014919172630262063
302   0.014919172630262063
303   0.014919172630262063
304   0.014919172630262063
305   0.014919172630262063
306   0.014919172630262063
307   0.014919172630262063
308   0.013641394424170656
309   0.013641394424170656
310   0.013641394424170656
311   0.008737576561065363
312   0.008737576561065363
313   0.005452678696886389
314   0.005452678696886389
315   0.005452678696886389
316   0.005452678696886389
317   0.005452678696886389
318   0.005452678696886389
319   0.005452678696886389
320   0.005452678696886389
321   0.005452678696886389
322   0.005452678696886389
323   0.005452678696886389
324   0.005452678696886389
325   0.005452678696886389
326   0.005452678696886389
327   0.005452678696886389
328   0.005452678696886389
329   0.005452678696886389
330   0.005452678696886389
331   0.0029091910442398646
332   0.0029091910442398646
333   0.0029091910442398646
334   0.0029091910442398646
335   0.002379544831707121
336   0.002379544831707121
337   0.002379544831707121
338   0.002379544831707121
339   0.002379544831707121
340   0.002379544831707121
341   0.002379544831707121
342   0.002379544831707121
343   0.002379544831707121
344   0.002379544831707121
345   0.002379544831707121
346   0.002379544831707121
347   0.002379544831707121
348   0.002379544831707121
349   0.002379544831707121
350   0.002379544831707121
351   0.002379544831707121
352   0.002379544831707121
353   0.002379544831707121
354   0.002379544831707121
355   0.002379544831707121
356   0.002379544831707121
357   0.002379544831707121
358   0.002379544831707121
359   0.002379544831707121
360   0.002379544831707121
361   0.002379544831707121
362   0.002379544831707121
363   0.002379544831707121
364   0.002379544831707121
365   0.002379544831707121
366   0.002379544831707121
367   0.002379544831707121
368   0.002379544831707121
369   0.002379544831707121
370   0.002379544831707121
371   2.108642919790822E-4
372   2.108642919790822E-4
373   2.108642919790822E-4
374   2.108642919790822E-4
375   2.108642919790822E-4
376   2.108642919790822E-4
377   2.108642919790822E-4
378   2.108642919790822E-4
379   2.108642919790822E-4
380   2.108642919790822E-4
381   2.108642919790822E-4
382   2.108642919790822E-4
383   2.108642919790822E-4
384   2.108642919790822E-4
385   2.108642919790822E-4
386   2.108642919790822E-4
387   2.108642919790822E-4
388   2.108642919790822E-4
389   2.108642919790822E-4
390   2.108642919790822E-4
391   2.108642919790822E-4
392   2.108642919790822E-4
393   2.108642919790822E-4
394   2.108642919790822E-4
395   2.108642919790822E-4
396   2.108642919790822E-4
397   2.108642919790822E-4
398   2.108642919790822E-4
399   2.108642919790822E-4
400   2.108642919790822E-4
401   2.108642919790822E-4
402   2.108642919790822E-4
403   2.108642919790822E-4
404   2.108642919790822E-4
405   2.108642919790822E-4
406   2.108642919790822E-4
407   2.108642919790822E-4
408   2.108642919790822E-4
409   2.108642919790822E-4
410   2.108642919790822E-4
411   2.108642919790822E-4
412   2.108642919790822E-4
413   2.108642919790822E-4
414   2.108642919790822E-4
415   2.108642919790822E-4
416   2.108642919790822E-4
417   2.108642919790822E-4
418   2.108642919790822E-4
419   2.108642919790822E-4
420   2.108642919790822E-4
421   2.108642919790822E-4
422   2.108642919790822E-4
423   2.108642919790822E-4
424   2.108642919790822E-4
425   2.108642919790822E-4
426   2.108642919790822E-4
427   2.108642919790822E-4
428   2.108642919790822E-4
429   2.108642919790822E-4
430   2.108642919790822E-4
431   2.108642919790822E-4
432   2.108642919790822E-4
433   2.108642919790822E-4
434   2.108642919790822E-4
435   2.108642919790822E-4
436   2.108642919790822E-4
437   2.108642919790822E-4
438   2.108642919790822E-4
439   2.108642919790822E-4
440   2.108642919790822E-4
441   2.108642919790822E-4
442   2.108642919790822E-4
443   2.108642919790822E-4
444   2.108642919790822E-4
445   2.108642919790822E-4
446   2.108642919790822E-4
447   2.108642919790822E-4
448   2.108642919790822E-4
449   2.108642919790822E-4
450   2.108642919790822E-4
451   2.108642919790822E-4
452   2.108642919790822E-4
453   2.108642919790822E-4
454   2.108642919790822E-4
455   2.108642919790822E-4
456   2.108642919790822E-4
457   2.108642919790822E-4
458   2.108642919790822E-4
459   2.108642919790822E-4
460   2.108642919790822E-4
461   2.108642919790822E-4
462   2.108642919790822E-4
463   2.108642919790822E-4
464   2.108642919790822E-4
465   2.108642919790822E-4
466   2.108642919790822E-4
467   2.108642919790822E-4
468   2.108642919790822E-4
469   2.108642919790822E-4
470   2.108642919790822E-4
471   2.108642919790822E-4
472   2.108642919790822E-4
473   2.108642919790822E-4
474   2.108642919790822E-4
475   2.108642919790822E-4
476   2.108642919790822E-4
477   2.108642919790822E-4
478   2.108642919790822E-4
479   2.108642919790822E-4
480   2.108642919790822E-4
481   2.108642919790822E-4
482   2.108642919790822E-4
483   2.108642919790822E-4
484   2.108642919790822E-4
485   2.108642919790822E-4
486   2.108642919790822E-4
487   2.108642919790822E-4
488   2.108642919790822E-4
489   2.108642919790822E-4
490   2.108642919790822E-4
491   2.108642919790822E-4
492   2.108642919790822E-4
493   2.108642919790822E-4
494   2.108642919790822E-4
495   2.108642919790822E-4
496   2.108642919790822E-4
497   2.108642919790822E-4
498   2.108642919790822E-4
499   2.108642919790822E-4
500   2.108642919790822E-4
501   2.108642919790822E-4
502   2.108642919790822E-4
503   2.108642919790822E-4
504   2.108642919790822E-4
505   2.108642919790822E-4
506   2.108642919790822E-4
507   2.108642919790822E-4
508   2.108642919790822E-4
509   2.108642919790822E-4
510   2.108642919790822E-4
511   2.108642919790822E-4
512   2.108642919790822E-4
513   2.108642919790822E-4
514   2.108642919790822E-4
515   2.108642919790822E-4
516   2.108642919790822E-4
517   2.108642919790822E-4
518   2.108642919790822E-4
519   2.108642919790822E-4
520   2.108642919790822E-4
521   2.108642919790822E-4
522   2.108642919790822E-4
523   2.108642919790822E-4
524   2.108642919790822E-4
525   2.108642919790822E-4
526   2.108642919790822E-4
527   2.108642919790822E-4
528   2.108642919790822E-4
529   2.108642919790822E-4
530   2.108642919790822E-4
531   2.108642919790822E-4
532   2.108642919790822E-4
533   2.108642919790822E-4
534   2.108642919790822E-4
535   2.108642919790822E-4
536   2.108642919790822E-4
537   2.108642919790822E-4
538   2.108642919790822E-4
539   2.108642919790822E-4
540   2.108642919790822E-4
541   2.108642919790822E-4
542   2.108642919790822E-4
543   2.108642919790822E-4
544   2.108642919790822E-4
545   2.108642919790822E-4
546   2.108642919790822E-4
547   2.108642919790822E-4
548   2.108642919790822E-4
549   2.108642919790822E-4
550   2.108642919790822E-4
551   2.108642919790822E-4
552   2.108642919790822E-4
553   2.108642919790822E-4
554   2.108642919790822E-4
555   2.108642919790822E-4
556   2.108642919790822E-4
557   2.108642919790822E-4
558   2.108642919790822E-4
559   2.108642919790822E-4
560   2.108642919790822E-4
561   2.108642919790822E-4
562   2.108642919790822E-4
563   2.108642919790822E-4
564   2.108642919790822E-4
565   2.108642919790822E-4
566   2.108642919790822E-4
567   2.108642919790822E-4
568   2.108642919790822E-4
569   2.108642919790822E-4
570   2.108642919790822E-4
571   2.108642919790822E-4
572   2.108642919790822E-4
573   2.108642919790822E-4
574   2.108642919790822E-4
575   2.108642919790822E-4
576   2.108642919790822E-4
577   2.108642919790822E-4
578   2.108642919790822E-4
579   2.108642919790822E-4
580   2.108642919790822E-4
581   2.108642919790822E-4
582   2.108642919790822E-4
583   2.108642919790822E-4
584   2.108642919790822E-4
585   2.108642919790822E-4
586   2.108642919790822E-4
587   2.108642919790822E-4
588   2.108642919790822E-4
589   2.108642919790822E-4
590   2.108642919790822E-4
591   2.108642919790822E-4
592   2.108642919790822E-4
593   2.108642919790822E-4
594   2.108642919790822E-4
595   2.108642919790822E-4
596   2.108642919790822E-4
597   2.108642919790822E-4
598   2.108642919790822E-4
599   2.108642919790822E-4
600   2.108642919790822E-4
601   2.108642919790822E-4
602   2.108642919790822E-4
603   2.108642919790822E-4
604   2.108642919790822E-4
605   2.108642919790822E-4
606   2.108642919790822E-4
607   2.108642919790822E-4
608   2.108642919790822E-4
609   2.108642919790822E-4
610   2.108642919790822E-4
611   2.108642919790822E-4
612   2.108642919790822E-4
613   2.108642919790822E-4
614   2.108642919790822E-4
615   2.108642919790822E-4
616   2.108642919790822E-4
617   2.108642919790822E-4
618   2.108642919790822E-4
619   2.108642919790822E-4
620   2.108642919790822E-4
621   2.108642919790822E-4
622   2.108642919790822E-4
623   2.108642919790822E-4
624   2.108642919790822E-4
625   2.108642919790822E-4
626   2.108642919790822E-4
627   2.108642919790822E-4
628   2.108642919790822E-4
629   2.108642919790822E-4
630   2.108642919790822E-4
631   2.108642919790822E-4
632   2.108642919790822E-4
633   2.108642919790822E-4
634   2.108642919790822E-4
635   2.108642919790822E-4
636   2.108642919790822E-4
637   2.108642919790822E-4
638   2.108642919790822E-4
639   2.108642919790822E-4
640   2.108642919790822E-4
641   2.108642919790822E-4
642   2.108642919790822E-4
643   2.108642919790822E-4
644   2.108642919790822E-4
645   2.108642919790822E-4
646   2.108642919790822E-4
647   2.108642919790822E-4
648   2.108642919790822E-4
649   2.108642919790822E-4
650   2.108642919790822E-4
651   2.108642919790822E-4
652   2.108642919790822E-4
653   1.5631812822960894E-4
654   1.5631812822960894E-4
655   1.5631812822960894E-4
656   1.5631812822960894E-4
657   1.5631812822960894E-4
658   1.5631812822960894E-4
659   1.5631812822960894E-4
660   1.5631812822960894E-4
661   1.5631812822960894E-4
662   1.5631812822960894E-4
663   1.5631812822960894E-4
664   1.5631812822960894E-4
665   1.5631812822960894E-4
666   1.5631812822960894E-4
667   1.5631812822960894E-4
668   1.5631812822960894E-4
669   1.5631812822960894E-4
670   1.5631812822960894E-4
671   1.5631812822960894E-4
672   1.5631812822960894E-4
673   1.5631812822960894E-4
674   1.5631812822960894E-4
675   1.5631812822960894E-4
676   1.5631812822960894E-4
677   1.5631812822960894E-4
678   1.5631812822960894E-4
679   1.5631812822960894E-4
680   1.5631812822960894E-4
681   1.5631812822960894E-4
682   1.5631812822960894E-4
683   1.5631812822960894E-4
684   1.5631812822960894E-4
685   1.5631812822960894E-4
686   1.5631812822960894E-4
687   1.5631812822960894E-4
688   1.5631812822960894E-4
689   1.5631812822960894E-4
690   1.5631812822960894E-4
691   1.5631812822960894E-4
692   1.5631812822960894E-4
693   1.5631812822960894E-4
694   1.5631812822960894E-4
695   1.5631812822960894E-4
696   1.5631812822960894E-4
697   1.5631812822960894E-4
698   1.5631812822960894E-4
699   1.5631812822960894E-4
700   1.5631812822960894E-4
701   1.5631812822960894E-4
702   1.5631812822960894E-4
703   1.5631812822960894E-4
704   1.5631812822960894E-4
705   1.5631812822960894E-4
706   1.5631812822960894E-4
707   1.5631812822960894E-4
708   1.5631812822960894E-4
709   1.5631812822960894E-4
710   1.5631812822960894E-4
711   1.5631812822960894E-4
712   1.5631812822960894E-4
713   1.5631812822960894E-4
714   1.5631812822960894E-4
715   1.5631812822960894E-4
716   1.5631812822960894E-4
717   1.5631812822960894E-4
718   1.5631812822960894E-4
719   1.5631812822960894E-4
720   1.5631812822960894E-4
721   1.5631812822960894E-4
722   1.5631812822960894E-4
723   1.5631812822960894E-4
724   1.5631812822960894E-4
725   1.5631812822960894E-4
726   8.028108205474763E-5
727   8.028108205474763E-5
728   8.028108205474763E-5
729   8.028108205474763E-5
730   8.028108205474763E-5
731   8.028108205474763E-5
732   8.028108205474763E-5
733   8.028108205474763E-5
734   8.028108205474763E-5
735   8.028108205474763E-5
736   8.028108205474763E-5
737   8.028108205474763E-5
738   8.028108205474763E-5
739   8.028108205474763E-5
740   8.028108205474763E-5
741   8.028108205474763E-5
742   8.028108205474763E-5
743   8.028108205474763E-5
744   8.028108205474763E-5
745   8.028108205474763E-5
746   8.028108205474763E-5
747   8.028108205474763E-5
748   8.028108205474763E-5
749   8.028108205474763E-5
750   8.028108205474763E-5
751   8.028108205474763E-5
752   8.028108205474763E-5
753   8.028108205474763E-5
754   8.028108205474763E-5
755   8.028108205474763E-5
756   8.028108205474763E-5
757   8.028108205474763E-5
758   8.028108205474763E-5
759   8.028108205474763E-5
760   8.028108205474763E-5
761   8.028108205474763E-5
762   8.028108205474763E-5
763   8.028108205474763E-5
764   8.028108205474763E-5
765   8.028108205474763E-5
766   8.028108205474763E-5
767   8.028108205474763E-5
768   8.028108205474763E-5
769   8.028108205474763E-5
770   8.028108205474763E-5
771   8.028108205474763E-5
772   8.028108205474763E-5
773   8.028108205474763E-5
774   8.028108205474763E-5
775   8.028108205474763E-5
776   8.028108205474763E-5
777   8.028108205474763E-5
778   8.028108205474763E-5
779   8.028108205474763E-5
780   8.028108205474763E-5
781   8.028108205474763E-5
782   8.028108205474763E-5
783   8.028108205474763E-5
784   8.028108205474763E-5
785   8.028108205474763E-5
786   8.028108205474763E-5
787   8.028108205474763E-5
788   8.028108205474763E-5
789   8.028108205474763E-5
790   8.028108205474763E-5
791   8.028108205474763E-5
792   8.028108205474763E-5
793   8.028108205474763E-5
794   8.028108205474763E-5
795   8.028108205474763E-5
796   8.028108205474763E-5
797   8.028108205474763E-5
798   8.028108205474763E-5
799   8.028108205474763E-5
800   8.028108205474763E-5
801   8.028108205474763E-5
802   8.028108205474763E-5
803   8.028108205474763E-5
804   8.028108205474763E-5
805   8.028108205474763E-5
806   8.028108205474763E-5
807   8.028108205474763E-5
808   8.028108205474763E-5
809   8.028108205474763E-5
810   8.028108205474763E-5
811   8.028108205474763E-5
812   8.028108205474763E-5
813   8.028108205474763E-5
814   8.028108205474763E-5
815   8.028108205474763E-5
816   8.028108205474763E-5
817   8.028108205474763E-5
818   8.028108205474763E-5
819   8.028108205474763E-5
820   8.028108205474763E-5
821   8.028108205474763E-5
822   8.028108205474763E-5
823   8.028108205474763E-5
824   8.028108205474763E-5
825   8.028108205474763E-5
826   8.028108205474763E-5
827   8.028108205474763E-5
828   8.028108205474763E-5
829   8.028108205474763E-5
830   8.028108205474763E-5
831   8.028108205474763E-5
832   8.028108205474763E-5
833   8.028108205474763E-5
834   8.028108205474763E-5
835   8.028108205474763E-5
836   8.028108205474763E-5
837   8.028108205474763E-5
838   8.028108205474763E-5
839   8.028108205474763E-5
840   8.028108205474763E-5
841   8.028108205474763E-5
842   8.028108205474763E-5
843   8.028108205474763E-5
844   8.028108205474763E-5
845   8.028108205474763E-5
846   8.028108205474763E-5
847   8.028108205474763E-5
848   8.028108205474763E-5
849   8.028108205474763E-5
850   8.028108205474763E-5
851   8.028108205474763E-5
852   8.028108205474763E-5
853   8.028108205474763E-5
854   8.028108205474763E-5
855   8.028108205474763E-5
856   8.028108205474763E-5
857   8.028108205474763E-5
858   8.028108205474763E-5
859   8.028108205474763E-5
860   8.028108205474763E-5
861   8.028108205474763E-5
862   8.028108205474763E-5
863   8.028108205474763E-5
864   8.028108205474763E-5
865   8.028108205474763E-5
866   8.028108205474763E-5
867   8.028108205474763E-5
868   8.028108205474763E-5
869   8.028108205474763E-5
870   8.028108205474763E-5
871   8.028108205474763E-5
872   8.028108205474763E-5
873   8.028108205474763E-5
874   8.028108205474763E-5
875   8.028108205474763E-5
876   8.028108205474763E-5
877   8.028108205474763E-5
878   8.028108205474763E-5
879   8.028108205474763E-5
880   8.028108205474763E-5
881   8.028108205474763E-5
882   8.028108205474763E-5
883   8.028108205474763E-5
884   8.028108205474763E-5
885   8.028108205474763E-5
886   8.028108205474763E-5
887   8.028108205474763E-5
888   8.028108205474763E-5
889   8.028108205474763E-5
890   8.028108205474763E-5
891   8.028108205474763E-5
892   8.028108205474763E-5
893   8.028108205474763E-5
894   8.028108205474763E-5
895   8.028108205474763E-5
896   8.028108205474763E-5
897   8.028108205474763E-5
898   8.028108205474763E-5
899   8.028108205474763E-5
900   8.028108205474763E-5
901   8.028108205474763E-5
902   8.028108205474763E-5
903   8.028108205474763E-5
904   8.028108205474763E-5
905   8.028108205474763E-5
906   8.028108205474763E-5
907   8.028108205474763E-5
908   8.028108205474763E-5
909   8.028108205474763E-5
910   8.028108205474763E-5
911   8.028108205474763E-5
912   8.028108205474763E-5
913   8.028108205474763E-5
914   8.028108205474763E-5
915   8.028108205474763E-5
916   8.028108205474763E-5
917   8.028108205474763E-5
918   8.028108205474763E-5
919   8.028108205474763E-5
920   8.028108205474763E-5
921   8.028108205474763E-5
922   8.028108205474763E-5
923   8.028108205474763E-5
924   8.028108205474763E-5
925   8.028108205474763E-5
926   8.028108205474763E-5
927   8.028108205474763E-5
928   8.028108205474763E-5
929   8.028108205474763E-5
930   8.028108205474763E-5
931   8.028108205474763E-5
932   8.028108205474763E-5
933   8.028108205474763E-5
934   8.028108205474763E-5
935   8.028108205474763E-5
936   8.028108205474763E-5
937   8.028108205474763E-5
938   8.028108205474763E-5
939   8.028108205474763E-5
940   8.028108205474763E-5
941   8.028108205474763E-5
942   8.028108205474763E-5
943   8.028108205474763E-5
944   8.028108205474763E-5
945   8.028108205474763E-5
946   8.028108205474763E-5
947   8.028108205474763E-5
948   8.028108205474763E-5
949   8.028108205474763E-5
950   8.028108205474763E-5
951   8.028108205474763E-5
952   8.028108205474763E-5
953   8.028108205474763E-5
954   8.028108205474763E-5
955   8.028108205474763E-5
956   8.028108205474763E-5
957   8.028108205474763E-5
958   8.028108205474763E-5
959   8.028108205474763E-5
960   8.028108205474763E-5
961   8.028108205474763E-5
962   8.028108205474763E-5
963   8.028108205474763E-5
964   8.028108205474763E-5
965   8.028108205474763E-5
966   8.028108205474763E-5
967   8.028108205474763E-5
968   8.028108205474763E-5
969   8.028108205474763E-5
970   8.028108205474763E-5
971   8.028108205474763E-5
972   8.028108205474763E-5
973   8.028108205474763E-5
974   8.028108205474763E-5
975   8.028108205474763E-5
976   8.028108205474763E-5
977   8.028108205474763E-5
978   8.028108205474763E-5
979   8.028108205474763E-5
980   8.028108205474763E-5
981   8.028108205474763E-5
982   8.028108205474763E-5
983   8.028108205474763E-5
984   8.028108205474763E-5
985   8.028108205474763E-5
986   8.028108205474763E-5
987   8.028108205474763E-5
988   8.028108205474763E-5
989   8.028108205474763E-5
990   8.028108205474763E-5
991   8.028108205474763E-5
992   8.028108205474763E-5
993   8.028108205474763E-5
994   8.028108205474763E-5
995   8.028108205474763E-5
996   8.028108205474763E-5
997   8.028108205474763E-5
998   8.028108205474763E-5
999   8.028108205474763E-5
