1   349.4672209848797
2   349.4672209848797
3   349.4672209848797
4   349.4672209848797
5   349.4672209848797
6   349.4672209848797
7   349.4672209848797
8   322.02932653139396
9   322.02932653139396
10   322.02932653139396
11   322.02932653139396
12   322.02932653139396
13   322.02932653139396
14   322.02932653139396
15   322.02932653139396
16   322.02932653139396
17   322.02932653139396
18   322.02932653139396
19   322.02932653139396
20   322.02932653139396
21   322.02932653139396
22   322.02932653139396
23   322.02932653139396
24   322.02932653139396
25   322.02932653139396
26   322.02932653139396
27   322.02932653139396
28   322.02932653139396
29   322.02932653139396
30   322.02932653139396
31   322.02932653139396
32   322.02932653139396
33   322.02932653139396
34   322.02932653139396
35   322.02932653139396
36   322.02932653139396
37   322.02932653139396
38   322.02932653139396
39   322.02932653139396
40   322.02932653139396
41   322.02932653139396
42   322.02932653139396
43   322.02932653139396
44   322.02932653139396
45   322.02932653139396
46   322.02932653139396
47   322.02932653139396
48   322.02932653139396
49   322.02932653139396
50   322.02932653139396
51   322.02932653139396
52   322.02932653139396
53   322.02932653139396
54   322.02932653139396
55   322.02932653139396
56   322.02932653139396
57   322.02932653139396
58   322.02932653139396
59   322.02932653139396
60   322.02932653139396
61   322.02932653139396
62   322.02932653139396
63   322.02932653139396
64   322.02932653139396
65   322.02932653139396
66   322.02932653139396
67   322.02932653139396
68   322.02932653139396
69   322.02932653139396
70   322.02932653139396
71   322.02932653139396
72   322.02932653139396
73   322.02932653139396
74   322.02932653139396
75   322.02932653139396
76   322.02932653139396
77   322.02932653139396
78   322.02932653139396
79   322.02932653139396
80   322.02932653139396
81   322.02932653139396
82   322.02932653139396
83   322.02932653139396
84   322.02932653139396
85   322.02932653139396
86   322.02932653139396
87   322.02932653139396
88   322.02932653139396
89   322.02932653139396
90   322.02932653139396
91   322.02932653139396
92   322.02932653139396
93   322.02932653139396
94   322.02932653139396
95   322.02932653139396
96   322.02932653139396
97   322.02932653139396
98   322.02932653139396
99   322.02932653139396
100   322.02932653139396
101   322.02932653139396
102   322.02932653139396
103   322.02932653139396
104   322.02932653139396
105   322.02932653139396
106   322.02932653139396
107   322.02932653139396
108   322.02932653139396
109   322.02932653139396
110   322.02932653139396
111   322.02932653139396
112   322.02932653139396
113   322.02932653139396
114   322.02932653139396
115   322.02932653139396
116   322.02932653139396
117   322.02932653139396
118   322.02932653139396
119   322.02932653139396
120   322.02932653139396
121   322.02932653139396
122   322.02932653139396
123   322.02932653139396
124   322.02932653139396
125   322.02932653139396
126   322.02932653139396
127   322.02932653139396
128   322.02932653139396
129   322.02932653139396
130   322.02932653139396
131   322.02932653139396
132   322.02932653139396
133   322.02932653139396
134   322.02932653139396
135   322.02932653139396
136   322.02932653139396
137   322.02932653139396
138   322.02932653139396
139   322.02932653139396
140   322.02932653139396
141   322.02932653139396
142   322.02932653139396
143   322.02932653139396
144   322.02932653139396
145   322.02932653139396
146   322.02932653139396
147   322.02932653139396
148   322.02932653139396
149   322.02932653139396
150   322.02932653139396
151   322.02932653139396
152   322.02932653139396
153   322.02932653139396
154   322.02932653139396
155   322.02932653139396
156   322.02932653139396
157   322.02932653139396
158   322.02932653139396
159   322.02932653139396
160   322.02932653139396
161   322.02932653139396
162   322.02932653139396
163   322.02932653139396
164   322.02932653139396
165   322.02932653139396
166   322.02932653139396
167   322.02932653139396
168   322.02932653139396
169   322.02932653139396
170   322.02932653139396
171   322.02932653139396
172   322.02932653139396
173   322.02932653139396
174   322.02932653139396
175   322.02932653139396
176   322.02932653139396
177   322.02932653139396
178   322.02932653139396
179   322.02932653139396
180   322.02932653139396
181   322.02932653139396
182   322.02932653139396
183   322.02932653139396
184   322.02932653139396
185   322.02932653139396
186   322.02932653139396
187   322.02932653139396
188   322.02932653139396
189   322.02932653139396
190   322.02932653139396
191   322.02932653139396
192   322.02932653139396
193   322.02932653139396
194   322.02932653139396
195   322.02932653139396
196   322.02932653139396
197   322.02932653139396
198   322.02932653139396
199   322.02932653139396
200   322.02932653139396
201   322.02932653139396
202   322.02932653139396
203   322.02932653139396
204   322.02932653139396
205   322.02932653139396
206   322.02932653139396
207   322.02932653139396
208   322.02932653139396
209   322.02932653139396
210   322.02932653139396
211   322.02932653139396
212   322.02932653139396
213   322.02932653139396
214   322.02932653139396
215   322.02932653139396
216   322.02932653139396
217   322.02932653139396
218   322.02932653139396
219   322.02932653139396
220   322.02932653139396
221   322.02932653139396
222   322.02932653139396
223   322.02932653139396
224   322.02932653139396
225   322.02932653139396
226   322.02932653139396
227   322.02932653139396
228   322.02932653139396
229   322.02932653139396
230   322.02932653139396
231   322.02932653139396
232   322.02932653139396
233   322.02932653139396
234   322.02932653139396
235   322.02932653139396
236   322.02932653139396
237   322.02932653139396
238   322.02932653139396
239   322.02932653139396
240   322.02932653139396
241   322.02932653139396
242   322.02932653139396
243   322.02932653139396
244   322.02932653139396
245   322.02932653139396
246   322.02932653139396
247   322.02932653139396
248   322.02932653139396
249   322.02932653139396
250   322.02932653139396
251   322.02932653139396
252   322.02932653139396
253   322.02932653139396
254   322.02932653139396
255   322.02932653139396
256   322.02932653139396
257   322.02932653139396
258   322.02932653139396
259   322.02932653139396
260   322.02932653139396
261   322.02932653139396
262   322.02932653139396
263   322.02932653139396
264   322.02932653139396
265   322.02932653139396
266   322.02932653139396
267   322.02932653139396
268   322.02932653139396
269   322.02932653139396
270   322.02932653139396
271   322.02932653139396
272   322.02932653139396
273   322.02932653139396
274   322.02932653139396
275   322.02932653139396
276   322.02932653139396
277   322.02932653139396
278   322.02932653139396
279   322.02932653139396
280   322.02932653139396
281   322.02932653139396
282   322.02932653139396
283   322.02932653139396
284   322.02932653139396
285   322.02932653139396
286   322.02932653139396
287   322.02932653139396
288   322.02932653139396
289   322.02932653139396
290   322.02932653139396
291   322.02932653139396
292   322.02932653139396
293   322.02932653139396
294   322.02932653139396
295   322.02932653139396
296   322.02932653139396
297   322.02932653139396
298   322.02932653139396
299   322.02932653139396
300   322.02932653139396
301   322.02932653139396
302   322.02932653139396
303   322.02932653139396
304   322.02932653139396
305   322.02932653139396
306   322.02932653139396
307   322.02932653139396
308   322.02932653139396
309   322.02932653139396
310   322.02932653139396
311   322.02932653139396
312   322.02932653139396
313   322.02932653139396
314   322.02932653139396
315   322.02932653139396
316   322.02932653139396
317   322.02932653139396
318   322.02932653139396
319   322.02932653139396
320   322.02932653139396
321   322.02932653139396
322   322.02932653139396
323   322.02932653139396
324   322.02932653139396
325   322.02932653139396
326   322.02932653139396
327   322.02932653139396
328   322.02932653139396
329   322.02932653139396
330   322.02932653139396
331   322.02932653139396
332   322.02932653139396
333   322.02932653139396
334   322.02932653139396
335   322.02932653139396
336   322.02932653139396
337   322.02932653139396
338   322.02932653139396
339   322.02932653139396
340   322.02932653139396
341   322.02932653139396
342   322.02932653139396
343   322.02932653139396
344   322.02932653139396
345   322.02932653139396
346   322.02932653139396
347   322.02932653139396
348   322.02932653139396
349   322.02932653139396
350   322.02932653139396
351   322.02932653139396
352   322.02932653139396
353   322.02932653139396
354   322.02932653139396
355   322.02932653139396
356   322.02932653139396
357   322.02932653139396
358   322.02932653139396
359   322.02932653139396
360   322.02932653139396
361   322.02932653139396
362   322.02932653139396
363   322.02932653139396
364   322.02932653139396
365   322.02932653139396
366   322.02932653139396
367   322.02932653139396
368   322.02932653139396
369   322.02932653139396
370   322.02932653139396
371   322.02932653139396
372   322.02932653139396
373   322.02932653139396
374   322.02932653139396
375   322.02932653139396
376   322.02932653139396
377   322.02932653139396
378   322.02932653139396
379   322.02932653139396
380   322.02932653139396
381   322.02932653139396
382   322.02932653139396
383   322.02932653139396
384   322.02932653139396
385   322.02932653139396
386   322.02932653139396
387   322.02932653139396
388   322.02932653139396
389   322.02932653139396
390   322.02932653139396
391   322.02932653139396
392   322.02932653139396
393   322.02932653139396
394   322.02932653139396
395   322.02932653139396
396   322.02932653139396
397   322.02932653139396
398   322.02932653139396
399   322.02932653139396
400   322.02932653139396
401   322.02932653139396
402   322.02932653139396
403   322.02932653139396
404   322.02932653139396
405   322.02932653139396
406   322.02932653139396
407   322.02932653139396
408   322.02932653139396
409   322.02932653139396
410   322.02932653139396
411   322.02932653139396
412   322.02932653139396
413   322.02932653139396
414   322.02932653139396
415   322.02932653139396
416   322.02932653139396
417   322.02932653139396
418   322.02932653139396
419   322.02932653139396
420   322.02932653139396
421   322.02932653139396
422   322.02932653139396
423   322.02932653139396
424   322.02932653139396
425   322.02932653139396
426   322.02932653139396
427   322.02932653139396
428   322.02932653139396
429   322.02932653139396
430   322.02932653139396
431   322.02932653139396
432   322.02932653139396
433   322.02932653139396
434   322.02932653139396
435   322.02932653139396
436   322.02932653139396
437   322.02932653139396
438   322.02932653139396
439   322.02932653139396
440   322.02932653139396
441   322.02932653139396
442   322.02932653139396
443   322.02932653139396
444   322.02932653139396
445   322.02932653139396
446   322.02932653139396
447   322.02932653139396
448   322.02932653139396
449   322.02932653139396
450   322.02932653139396
451   322.02932653139396
452   322.02932653139396
453   322.02932653139396
454   322.02932653139396
455   322.02932653139396
456   322.02932653139396
457   322.02932653139396
458   322.02932653139396
459   322.02932653139396
460   322.02932653139396
461   322.02932653139396
462   322.02932653139396
463   322.02932653139396
464   322.02932653139396
465   322.02932653139396
466   322.02932653139396
467   322.02932653139396
468   322.02932653139396
469   322.02932653139396
470   322.02932653139396
471   322.02932653139396
472   322.02932653139396
473   322.02932653139396
474   322.02932653139396
475   322.02932653139396
476   322.02932653139396
477   322.02932653139396
478   322.02932653139396
479   322.02932653139396
480   322.02932653139396
481   322.02932653139396
482   322.02932653139396
483   322.02932653139396
484   322.02932653139396
485   322.02932653139396
486   322.02932653139396
487   322.02932653139396
488   322.02932653139396
489   322.02932653139396
490   322.02932653139396
491   322.02932653139396
492   322.02932653139396
493   322.02932653139396
494   322.02932653139396
495   322.02932653139396
496   322.02932653139396
497   322.02932653139396
498   322.02932653139396
499   322.02932653139396
500   322.02932653139396
501   322.02932653139396
502   322.02932653139396
503   322.02932653139396
504   322.02932653139396
505   322.02932653139396
506   322.02932653139396
507   322.02932653139396
508   322.02932653139396
509   322.02932653139396
510   322.02932653139396
511   322.02932653139396
512   322.02932653139396
513   322.02932653139396
514   322.02932653139396
515   322.02932653139396
516   322.02932653139396
517   322.02932653139396
518   322.02932653139396
519   322.02932653139396
520   322.02932653139396
521   322.02932653139396
522   322.02932653139396
523   322.02932653139396
524   322.02932653139396
525   322.02932653139396
526   322.02932653139396
527   322.02932653139396
528   322.02932653139396
529   322.02932653139396
530   322.02932653139396
531   322.02932653139396
532   322.02932653139396
533   322.02932653139396
534   322.02932653139396
535   322.02932653139396
536   322.02932653139396
537   322.02932653139396
538   322.02932653139396
539   322.02932653139396
540   322.02932653139396
541   322.02932653139396
542   322.02932653139396
543   322.02932653139396
544   322.02932653139396
545   322.02932653139396
546   322.02932653139396
547   322.02932653139396
548   322.02932653139396
549   322.02932653139396
550   322.02932653139396
551   322.02932653139396
552   322.02932653139396
553   322.02932653139396
554   322.02932653139396
555   322.02932653139396
556   322.02932653139396
557   322.02932653139396
558   322.02932653139396
559   322.02932653139396
560   322.02932653139396
561   322.02932653139396
562   322.02932653139396
563   322.02932653139396
564   322.02932653139396
565   322.02932653139396
566   322.02932653139396
567   322.02932653139396
568   322.02932653139396
569   322.02932653139396
570   322.02932653139396
571   322.02932653139396
572   322.02932653139396
573   322.02932653139396
574   322.02932653139396
575   322.02932653139396
576   322.02932653139396
577   322.02932653139396
578   322.02932653139396
579   322.02932653139396
580   322.02932653139396
581   322.02932653139396
582   322.02932653139396
583   322.02932653139396
584   322.02932653139396
585   322.02932653139396
586   322.02932653139396
587   322.02932653139396
588   322.02932653139396
589   322.02932653139396
590   322.02932653139396
591   322.02932653139396
592   322.02932653139396
593   322.02932653139396
594   322.02932653139396
595   322.02932653139396
596   322.02932653139396
597   322.02932653139396
598   322.02932653139396
599   322.02932653139396
600   322.02932653139396
601   322.02932653139396
602   322.02932653139396
603   322.02932653139396
604   322.02932653139396
605   322.02932653139396
606   322.02932653139396
607   322.02932653139396
608   322.02932653139396
609   322.02932653139396
610   322.02932653139396
611   322.02932653139396
612   322.02932653139396
613   322.02932653139396
614   322.02932653139396
615   322.02932653139396
616   322.02932653139396
617   322.02932653139396
618   322.02932653139396
619   322.02932653139396
620   322.02932653139396
621   322.02932653139396
622   322.02932653139396
623   322.02932653139396
624   322.02932653139396
625   322.02932653139396
626   322.02932653139396
627   322.02932653139396
628   322.02932653139396
629   322.02932653139396
630   322.02932653139396
631   322.02932653139396
632   322.02932653139396
633   322.02932653139396
634   322.02932653139396
635   322.02932653139396
636   322.02932653139396
637   322.02932653139396
638   322.02932653139396
639   322.02932653139396
640   322.02932653139396
641   322.02932653139396
642   322.02932653139396
643   322.02932653139396
644   322.02932653139396
645   322.02932653139396
646   322.02932653139396
647   322.02932653139396
648   322.02932653139396
649   322.02932653139396
650   322.02932653139396
651   322.02932653139396
652   322.02932653139396
653   322.02932653139396
654   322.02932653139396
655   322.02932653139396
656   322.02932653139396
657   322.02932653139396
658   322.02932653139396
659   322.02932653139396
660   322.02932653139396
661   322.02932653139396
662   322.02932653139396
663   322.02932653139396
664   322.02932653139396
665   322.02932653139396
666   322.02932653139396
667   322.02932653139396
668   322.02932653139396
669   322.02932653139396
670   322.02932653139396
671   322.02932653139396
672   322.02932653139396
673   322.02932653139396
674   322.02932653139396
675   322.02932653139396
676   322.02932653139396
677   322.02932653139396
678   322.02932653139396
679   322.02932653139396
680   322.02932653139396
681   322.02932653139396
682   322.02932653139396
683   322.02932653139396
684   322.02932653139396
685   322.02932653139396
686   322.02932653139396
687   322.02932653139396
688   322.02932653139396
689   322.02932653139396
690   322.02932653139396
691   322.02932653139396
692   322.02932653139396
693   322.02932653139396
694   322.02932653139396
695   322.02932653139396
696   322.02932653139396
697   322.02932653139396
698   322.02932653139396
699   322.02932653139396
700   322.02932653139396
701   322.02932653139396
702   322.02932653139396
703   322.02932653139396
704   322.02932653139396
705   322.02932653139396
706   322.02932653139396
707   322.02932653139396
708   322.02932653139396
709   322.02932653139396
710   322.02932653139396
711   322.02932653139396
712   322.02932653139396
713   322.02932653139396
714   322.02932653139396
715   322.02932653139396
716   322.02932653139396
717   322.02932653139396
718   322.02932653139396
719   322.02932653139396
720   322.02932653139396
721   322.02932653139396
722   322.02932653139396
723   322.02932653139396
724   322.02932653139396
725   322.02932653139396
726   322.02932653139396
727   322.02932653139396
728   322.02932653139396
729   322.02932653139396
730   322.02932653139396
731   322.02932653139396
732   322.02932653139396
733   322.02932653139396
734   322.02932653139396
735   322.02932653139396
736   322.02932653139396
737   322.02932653139396
738   322.02932653139396
739   322.02932653139396
740   322.02932653139396
741   322.02932653139396
742   322.02932653139396
743   322.02932653139396
744   322.02932653139396
745   322.02932653139396
746   322.02932653139396
747   322.02932653139396
748   322.02932653139396
749   322.02932653139396
750   322.02932653139396
751   322.02932653139396
752   322.02932653139396
753   322.02932653139396
754   322.02932653139396
755   322.02932653139396
756   322.02932653139396
757   322.02932653139396
758   322.02932653139396
759   322.02932653139396
760   322.02932653139396
761   322.02932653139396
762   322.02932653139396
763   322.02932653139396
764   322.02932653139396
765   322.02932653139396
766   322.02932653139396
767   322.02932653139396
768   322.02932653139396
769   322.02932653139396
770   322.02932653139396
771   322.02932653139396
772   322.02932653139396
773   322.02932653139396
774   322.02932653139396
775   322.02932653139396
776   322.02932653139396
777   322.02932653139396
778   322.02932653139396
779   322.02932653139396
780   322.02932653139396
781   322.02932653139396
782   322.02932653139396
783   322.02932653139396
784   322.02932653139396
785   322.02932653139396
786   322.02932653139396
787   322.02932653139396
788   322.02932653139396
789   322.02932653139396
790   322.02932653139396
791   322.02932653139396
792   322.02932653139396
793   322.02932653139396
794   322.02932653139396
795   322.02932653139396
796   322.02932653139396
797   322.02932653139396
798   322.02932653139396
799   322.02932653139396
800   322.02932653139396
801   322.02932653139396
802   322.02932653139396
803   322.02932653139396
804   322.02932653139396
805   322.02932653139396
806   322.02932653139396
807   322.02932653139396
808   322.02932653139396
809   322.02932653139396
810   322.02932653139396
811   322.02932653139396
812   322.02932653139396
813   322.02932653139396
814   322.02932653139396
815   322.02932653139396
816   322.02932653139396
817   322.02932653139396
818   322.02932653139396
819   322.02932653139396
820   322.02932653139396
821   322.02932653139396
822   322.02932653139396
823   322.02932653139396
824   322.02932653139396
825   322.02932653139396
826   322.02932653139396
827   322.02932653139396
828   322.02932653139396
829   322.02932653139396
830   322.02932653139396
831   322.02932653139396
832   322.02932653139396
833   322.02932653139396
834   322.02932653139396
835   322.02932653139396
836   322.02932653139396
837   322.02932653139396
838   322.02932653139396
839   322.02932653139396
840   322.02932653139396
841   322.02932653139396
842   322.02932653139396
843   322.02932653139396
844   322.02932653139396
845   322.02932653139396
846   322.02932653139396
847   322.02932653139396
848   322.02932653139396
849   322.02932653139396
850   322.02932653139396
851   322.02932653139396
852   322.02932653139396
853   322.02932653139396
854   322.02932653139396
855   322.02932653139396
856   322.02932653139396
857   322.02932653139396
858   322.02932653139396
859   322.02932653139396
860   322.02932653139396
861   322.02932653139396
862   322.02932653139396
863   322.02932653139396
864   322.02932653139396
865   322.02932653139396
866   322.02932653139396
867   322.02932653139396
868   322.02932653139396
869   322.02932653139396
870   322.02932653139396
871   322.02932653139396
872   322.02932653139396
873   322.02932653139396
874   322.02932653139396
875   322.02932653139396
876   322.02932653139396
877   322.02932653139396
878   322.02932653139396
879   322.02932653139396
880   322.02932653139396
881   322.02932653139396
882   322.02932653139396
883   322.02932653139396
884   322.02932653139396
885   322.02932653139396
886   322.02932653139396
887   322.02932653139396
888   322.02932653139396
889   322.02932653139396
890   322.02932653139396
891   322.02932653139396
892   322.02932653139396
893   322.02932653139396
894   322.02932653139396
895   322.02932653139396
896   322.02932653139396
897   322.02932653139396
898   322.02932653139396
899   322.02932653139396
900   322.02932653139396
901   322.02932653139396
902   322.02932653139396
903   322.02932653139396
904   322.02932653139396
905   322.02932653139396
906   322.02932653139396
907   322.02932653139396
908   322.02932653139396
909   322.02932653139396
910   322.02932653139396
911   322.02932653139396
912   322.02932653139396
913   322.02932653139396
914   322.02932653139396
915   322.02932653139396
916   322.02932653139396
917   322.02932653139396
918   322.02932653139396
919   322.02932653139396
920   322.02932653139396
921   322.02932653139396
922   322.02932653139396
923   322.02932653139396
924   322.02932653139396
925   322.02932653139396
926   322.02932653139396
927   322.02932653139396
928   322.02932653139396
929   322.02932653139396
930   322.02932653139396
931   322.02932653139396
932   322.02932653139396
933   322.02932653139396
934   322.02932653139396
935   322.02932653139396
936   322.02932653139396
937   322.02932653139396
938   322.02932653139396
939   322.02932653139396
940   322.02932653139396
941   322.02932653139396
942   322.02932653139396
943   322.02932653139396
944   322.02932653139396
945   322.02932653139396
946   322.02932653139396
947   322.02932653139396
948   322.02932653139396
949   322.02932653139396
950   322.02932653139396
951   322.02932653139396
952   322.02932653139396
953   322.02932653139396
954   322.02932653139396
955   322.02932653139396
956   322.02932653139396
957   322.02932653139396
958   322.02932653139396
959   322.02932653139396
960   322.02932653139396
961   322.02932653139396
962   322.02932653139396
963   322.02932653139396
964   322.02932653139396
965   322.02932653139396
966   322.02932653139396
967   322.02932653139396
968   322.02932653139396
969   322.02932653139396
970   322.02932653139396
971   322.02932653139396
972   322.02932653139396
973   322.02932653139396
974   322.02932653139396
975   322.02932653139396
976   322.02932653139396
977   322.02932653139396
978   322.02932653139396
979   322.02932653139396
980   322.02932653139396
981   322.02932653139396
982   322.02932653139396
983   322.02932653139396
984   322.02932653139396
985   322.02932653139396
986   322.02932653139396
987   322.02932653139396
988   322.02932653139396
989   322.02932653139396
990   322.02932653139396
991   322.02932653139396
992   322.02932653139396
993   322.02932653139396
994   322.02932653139396
995   322.02932653139396
996   322.02932653139396
997   322.02932653139396
998   322.02932653139396
999   322.02932653139396
