1   508.1950906284939
2   325.2110876958827
3   325.2110876958827
4   325.2110876958827
5   325.2110876958827
6   325.2110876958827
7   325.2110876958827
8   325.2110876958827
9   325.2110876958827
10   325.2110876958827
11   325.2110876958827
12   325.2110876958827
13   325.2110876958827
14   325.2110876958827
15   325.2110876958827
16   325.2110876958827
17   325.2110876958827
18   325.2110876958827
19   325.2110876958827
20   325.2110876958827
21   325.2110876958827
22   325.2110876958827
23   325.2110876958827
24   325.2110876958827
25   325.2110876958827
26   325.2110876958827
27   325.2110876958827
28   325.2110876958827
29   325.2110876958827
30   325.2110876958827
31   325.2110876958827
32   325.2110876958827
33   325.2110876958827
34   325.2110876958827
35   325.2110876958827
36   325.2110876958827
37   325.2110876958827
38   325.2110876958827
39   325.2110876958827
40   325.2110876958827
41   325.2110876958827
42   325.2110876958827
43   325.2110876958827
44   325.2110876958827
45   325.2110876958827
46   325.2110876958827
47   325.2110876958827
48   325.2110876958827
49   325.2110876958827
50   325.2110876958827
51   325.2110876958827
52   325.2110876958827
53   325.2110876958827
54   325.2110876958827
55   325.2110876958827
56   325.2110876958827
57   325.2110876958827
58   325.2110876958827
59   325.2110876958827
60   325.2110876958827
61   325.2110876958827
62   325.2110876958827
63   325.2110876958827
64   325.2110876958827
65   325.2110876958827
66   325.2110876958827
67   325.2110876958827
68   325.2110876958827
69   325.2110876958827
70   325.2110876958827
71   325.2110876958827
72   325.2110876958827
73   325.2110876958827
74   325.2110876958827
75   325.2110876958827
76   325.2110876958827
77   325.2110876958827
78   325.2110876958827
79   325.2110876958827
80   325.2110876958827
81   325.2110876958827
82   325.2110876958827
83   325.2110876958827
84   325.2110876958827
85   325.2110876958827
86   325.2110876958827
87   325.2110876958827
88   325.2110876958827
89   325.2110876958827
90   325.2110876958827
91   325.2110876958827
92   325.2110876958827
93   325.2110876958827
94   325.2110876958827
95   325.2110876958827
96   325.2110876958827
97   325.2110876958827
98   325.2110876958827
99   325.2110876958827
100   325.2110876958827
101   325.2110876958827
102   325.2110876958827
103   325.2110876958827
104   325.2110876958827
105   325.2110876958827
106   325.2110876958827
107   325.2110876958827
108   325.2110876958827
109   325.2110876958827
110   325.2110876958827
111   325.2110876958827
112   325.2110876958827
113   325.2110876958827
114   325.2110876958827
115   325.2110876958827
116   325.2110876958827
117   325.2110876958827
118   325.2110876958827
119   325.2110876958827
120   325.2110876958827
121   325.2110876958827
122   325.2110876958827
123   325.2110876958827
124   325.2110876958827
125   325.2110876958827
126   325.2110876958827
127   325.2110876958827
128   325.2110876958827
129   325.2110876958827
130   325.2110876958827
131   325.2110876958827
132   325.2110876958827
133   325.2110876958827
134   325.2110876958827
135   325.2110876958827
136   325.2110876958827
137   325.2110876958827
138   325.2110876958827
139   325.2110876958827
140   325.2110876958827
141   325.2110876958827
142   325.2110876958827
143   325.2110876958827
144   325.2110876958827
145   325.2110876958827
146   325.2110876958827
147   325.2110876958827
148   325.2110876958827
149   325.2110876958827
150   325.2110876958827
151   325.2110876958827
152   325.2110876958827
153   325.2110876958827
154   325.2110876958827
155   325.2110876958827
156   325.2110876958827
157   325.2110876958827
158   325.2110876958827
159   325.2110876958827
160   325.2110876958827
161   325.2110876958827
162   325.2110876958827
163   325.2110876958827
164   325.2110876958827
165   325.2110876958827
166   325.2110876958827
167   325.2110876958827
168   325.2110876958827
169   325.2110876958827
170   325.2110876958827
171   325.2110876958827
172   325.2110876958827
173   325.2110876958827
174   325.2110876958827
175   325.2110876958827
176   325.2110876958827
177   325.2110876958827
178   325.2110876958827
179   325.2110876958827
180   325.2110876958827
181   325.2110876958827
182   325.2110876958827
183   325.2110876958827
184   325.2110876958827
185   325.2110876958827
186   325.2110876958827
187   325.2110876958827
188   325.2110876958827
189   325.2110876958827
190   325.2110876958827
191   325.2110876958827
192   325.2110876958827
193   325.2110876958827
194   325.2110876958827
195   325.2110876958827
196   325.2110876958827
197   325.2110876958827
198   325.2110876958827
199   325.2110876958827
200   325.2110876958827
201   325.2110876958827
202   325.2110876958827
203   325.2110876958827
204   325.2110876958827
205   325.2110876958827
206   325.2110876958827
207   325.2110876958827
208   325.2110876958827
209   325.2110876958827
210   325.2110876958827
211   325.2110876958827
212   325.2110876958827
213   325.2110876958827
214   325.2110876958827
215   325.2110876958827
216   325.2110876958827
217   325.2110876958827
218   325.2110876958827
219   325.2110876958827
220   325.2110876958827
221   325.2110876958827
222   325.2110876958827
223   325.2110876958827
224   325.2110876958827
225   325.2110876958827
226   325.2110876958827
227   325.2110876958827
228   325.2110876958827
229   325.2110876958827
230   325.2110876958827
231   325.2110876958827
232   325.2110876958827
233   325.2110876958827
234   325.2110876958827
235   325.2110876958827
236   325.2110876958827
237   325.2110876958827
238   325.2110876958827
239   325.2110876958827
240   325.2110876958827
241   325.2110876958827
242   325.2110876958827
243   325.2110876958827
244   325.2110876958827
245   325.2110876958827
246   325.2110876958827
247   325.2110876958827
248   325.2110876958827
249   325.2110876958827
250   325.2110876958827
251   325.2110876958827
252   325.2110876958827
253   325.2110876958827
254   325.2110876958827
255   325.2110876958827
256   325.2110876958827
257   325.2110876958827
258   325.2110876958827
259   325.2110876958827
260   325.2110876958827
261   325.2110876958827
262   325.2110876958827
263   325.2110876958827
264   325.2110876958827
265   325.2110876958827
266   325.2110876958827
267   325.2110876958827
268   325.2110876958827
269   325.2110876958827
270   325.2110876958827
271   325.2110876958827
272   325.2110876958827
273   325.2110876958827
274   325.2110876958827
275   325.2110876958827
276   325.2110876958827
277   325.2110876958827
278   325.2110876958827
279   325.2110876958827
280   325.2110876958827
281   325.2110876958827
282   325.2110876958827
283   325.2110876958827
284   325.2110876958827
285   325.2110876958827
286   325.2110876958827
287   325.2110876958827
288   325.2110876958827
289   325.2110876958827
290   325.2110876958827
291   325.2110876958827
292   325.2110876958827
293   325.2110876958827
294   325.2110876958827
295   325.2110876958827
296   325.2110876958827
297   325.2110876958827
298   325.2110876958827
299   325.2110876958827
300   325.2110876958827
301   325.2110876958827
302   325.2110876958827
303   325.2110876958827
304   325.2110876958827
305   325.2110876958827
306   325.2110876958827
307   325.2110876958827
308   325.2110876958827
309   325.2110876958827
310   325.2110876958827
311   325.2110876958827
312   325.2110876958827
313   325.2110876958827
314   325.2110876958827
315   325.2110876958827
316   325.2110876958827
317   325.2110876958827
318   325.2110876958827
319   325.2110876958827
320   325.2110876958827
321   325.2110876958827
322   325.2110876958827
323   325.2110876958827
324   325.2110876958827
325   325.2110876958827
326   325.2110876958827
327   325.2110876958827
328   325.2110876958827
329   325.2110876958827
330   325.2110876958827
331   325.2110876958827
332   325.2110876958827
333   325.2110876958827
334   325.2110876958827
335   325.2110876958827
336   325.2110876958827
337   325.2110876958827
338   325.2110876958827
339   325.2110876958827
340   325.2110876958827
341   325.2110876958827
342   325.2110876958827
343   325.2110876958827
344   325.2110876958827
345   325.2110876958827
346   325.2110876958827
347   325.2110876958827
348   325.2110876958827
349   325.2110876958827
350   325.2110876958827
351   325.2110876958827
352   325.2110876958827
353   325.2110876958827
354   325.2110876958827
355   325.2110876958827
356   325.2110876958827
357   325.2110876958827
358   325.2110876958827
359   325.2110876958827
360   325.2110876958827
361   325.2110876958827
362   325.2110876958827
363   325.2110876958827
364   325.2110876958827
365   325.2110876958827
366   325.2110876958827
367   325.2110876958827
368   325.2110876958827
369   325.2110876958827
370   325.2110876958827
371   325.2110876958827
372   325.2110876958827
373   325.2110876958827
374   325.2110876958827
375   325.2110876958827
376   325.2110876958827
377   325.2110876958827
378   325.2110876958827
379   325.2110876958827
380   325.2110876958827
381   325.2110876958827
382   325.2110876958827
383   325.2110876958827
384   325.2110876958827
385   325.2110876958827
386   325.2110876958827
387   325.2110876958827
388   325.2110876958827
389   325.2110876958827
390   325.2110876958827
391   325.2110876958827
392   325.2110876958827
393   325.2110876958827
394   325.2110876958827
395   325.2110876958827
396   325.2110876958827
397   325.2110876958827
398   325.2110876958827
399   325.2110876958827
400   325.2110876958827
401   325.2110876958827
402   325.2110876958827
403   325.2110876958827
404   325.2110876958827
405   325.2110876958827
406   325.2110876958827
407   325.2110876958827
408   325.2110876958827
409   325.2110876958827
410   325.2110876958827
411   325.2110876958827
412   325.2110876958827
413   325.2110876958827
414   325.2110876958827
415   325.2110876958827
416   325.2110876958827
417   325.2110876958827
418   325.2110876958827
419   325.2110876958827
420   325.2110876958827
421   325.2110876958827
422   325.2110876958827
423   325.2110876958827
424   325.2110876958827
425   325.2110876958827
426   325.2110876958827
427   325.2110876958827
428   325.2110876958827
429   325.2110876958827
430   325.2110876958827
431   325.2110876958827
432   325.2110876958827
433   325.2110876958827
434   325.2110876958827
435   325.2110876958827
436   325.2110876958827
437   325.2110876958827
438   325.2110876958827
439   325.2110876958827
440   325.2110876958827
441   325.2110876958827
442   325.2110876958827
443   325.2110876958827
444   325.2110876958827
445   325.2110876958827
446   325.2110876958827
447   325.2110876958827
448   325.2110876958827
449   325.2110876958827
450   325.2110876958827
451   325.2110876958827
452   325.2110876958827
453   325.2110876958827
454   325.2110876958827
455   325.2110876958827
456   325.2110876958827
457   325.2110876958827
458   325.2110876958827
459   325.2110876958827
460   325.2110876958827
461   325.2110876958827
462   325.2110876958827
463   325.2110876958827
464   325.2110876958827
465   325.2110876958827
466   325.2110876958827
467   325.2110876958827
468   325.2110876958827
469   325.2110876958827
470   325.2110876958827
471   325.2110876958827
472   325.2110876958827
473   325.2110876958827
474   325.2110876958827
475   325.2110876958827
476   325.2110876958827
477   325.2110876958827
478   325.2110876958827
479   325.2110876958827
480   325.2110876958827
481   325.2110876958827
482   325.2110876958827
483   325.2110876958827
484   325.2110876958827
485   325.2110876958827
486   325.2110876958827
487   325.2110876958827
488   325.2110876958827
489   325.2110876958827
490   325.2110876958827
491   325.2110876958827
492   325.2110876958827
493   325.2110876958827
494   325.2110876958827
495   325.2110876958827
496   325.2110876958827
497   325.2110876958827
498   325.2110876958827
499   325.2110876958827
500   325.2110876958827
501   325.2110876958827
502   325.2110876958827
503   325.2110876958827
504   325.2110876958827
505   325.2110876958827
506   325.2110876958827
507   325.2110876958827
508   325.2110876958827
509   325.2110876958827
510   325.2110876958827
511   325.2110876958827
512   325.2110876958827
513   325.2110876958827
514   325.2110876958827
515   325.2110876958827
516   325.2110876958827
517   325.2110876958827
518   325.2110876958827
519   325.2110876958827
520   325.2110876958827
521   325.2110876958827
522   325.2110876958827
523   325.2110876958827
524   325.2110876958827
525   325.2110876958827
526   325.2110876958827
527   325.2110876958827
528   325.2110876958827
529   325.2110876958827
530   325.2110876958827
531   325.2110876958827
532   325.2110876958827
533   325.2110876958827
534   325.2110876958827
535   325.2110876958827
536   325.2110876958827
537   325.2110876958827
538   325.2110876958827
539   325.2110876958827
540   325.2110876958827
541   325.2110876958827
542   325.2110876958827
543   325.2110876958827
544   325.2110876958827
545   325.2110876958827
546   325.2110876958827
547   325.2110876958827
548   325.2110876958827
549   325.2110876958827
550   325.2110876958827
551   325.2110876958827
552   325.2110876958827
553   325.2110876958827
554   325.2110876958827
555   325.2110876958827
556   325.2110876958827
557   325.2110876958827
558   325.2110876958827
559   325.2110876958827
560   325.2110876958827
561   325.2110876958827
562   325.2110876958827
563   325.2110876958827
564   325.2110876958827
565   325.2110876958827
566   325.2110876958827
567   325.2110876958827
568   325.2110876958827
569   325.2110876958827
570   325.2110876958827
571   325.2110876958827
572   325.2110876958827
573   325.2110876958827
574   325.2110876958827
575   325.2110876958827
576   325.2110876958827
577   325.2110876958827
578   325.2110876958827
579   325.2110876958827
580   325.2110876958827
581   325.2110876958827
582   325.2110876958827
583   325.2110876958827
584   325.2110876958827
585   325.2110876958827
586   325.2110876958827
587   325.2110876958827
588   325.2110876958827
589   325.2110876958827
590   325.2110876958827
591   325.2110876958827
592   325.2110876958827
593   325.2110876958827
594   325.2110876958827
595   325.2110876958827
596   325.2110876958827
597   325.2110876958827
598   325.2110876958827
599   325.2110876958827
600   325.2110876958827
601   325.2110876958827
602   325.2110876958827
603   325.2110876958827
604   325.2110876958827
605   325.2110876958827
606   325.2110876958827
607   325.2110876958827
608   325.2110876958827
609   325.2110876958827
610   325.2110876958827
611   325.2110876958827
612   325.2110876958827
613   325.2110876958827
614   325.2110876958827
615   325.2110876958827
616   325.2110876958827
617   325.2110876958827
618   325.2110876958827
619   325.2110876958827
620   325.2110876958827
621   325.2110876958827
622   325.2110876958827
623   325.2110876958827
624   325.2110876958827
625   325.2110876958827
626   325.2110876958827
627   325.2110876958827
628   325.2110876958827
629   325.2110876958827
630   325.2110876958827
631   325.2110876958827
632   325.2110876958827
633   325.2110876958827
634   325.2110876958827
635   325.2110876958827
636   325.2110876958827
637   325.2110876958827
638   325.2110876958827
639   325.2110876958827
640   325.2110876958827
641   325.2110876958827
642   325.2110876958827
643   325.2110876958827
644   325.2110876958827
645   325.2110876958827
646   325.2110876958827
647   325.2110876958827
648   325.2110876958827
649   325.2110876958827
650   325.2110876958827
651   325.2110876958827
652   325.2110876958827
653   325.2110876958827
654   325.2110876958827
655   325.2110876958827
656   325.2110876958827
657   325.2110876958827
658   325.2110876958827
659   325.2110876958827
660   325.2110876958827
661   325.2110876958827
662   325.2110876958827
663   325.2110876958827
664   325.2110876958827
665   325.2110876958827
666   325.2110876958827
667   325.2110876958827
668   325.2110876958827
669   325.2110876958827
670   325.2110876958827
671   325.2110876958827
672   325.2110876958827
673   325.2110876958827
674   325.2110876958827
675   325.2110876958827
676   325.2110876958827
677   325.2110876958827
678   325.2110876958827
679   325.2110876958827
680   325.2110876958827
681   325.2110876958827
682   325.2110876958827
683   325.2110876958827
684   325.2110876958827
685   325.2110876958827
686   325.2110876958827
687   325.2110876958827
688   325.2110876958827
689   325.2110876958827
690   325.2110876958827
691   325.2110876958827
692   325.2110876958827
693   325.2110876958827
694   325.2110876958827
695   325.2110876958827
696   325.2110876958827
697   325.2110876958827
698   325.2110876958827
699   325.2110876958827
700   325.2110876958827
701   325.2110876958827
702   325.2110876958827
703   325.2110876958827
704   325.2110876958827
705   325.2110876958827
706   325.2110876958827
707   325.2110876958827
708   325.2110876958827
709   325.2110876958827
710   325.2110876958827
711   325.2110876958827
712   325.2110876958827
713   325.2110876958827
714   325.2110876958827
715   325.2110876958827
716   325.2110876958827
717   325.2110876958827
718   325.2110876958827
719   325.2110876958827
720   325.2110876958827
721   325.2110876958827
722   325.2110876958827
723   325.2110876958827
724   325.2110876958827
725   325.2110876958827
726   325.2110876958827
727   325.2110876958827
728   325.2110876958827
729   325.2110876958827
730   325.2110876958827
731   325.2110876958827
732   325.2110876958827
733   325.2110876958827
734   325.2110876958827
735   325.2110876958827
736   325.2110876958827
737   325.2110876958827
738   325.2110876958827
739   325.2110876958827
740   325.2110876958827
741   325.2110876958827
742   325.2110876958827
743   325.2110876958827
744   325.2110876958827
745   325.2110876958827
746   325.2110876958827
747   325.2110876958827
748   325.2110876958827
749   325.2110876958827
750   325.2110876958827
751   325.2110876958827
752   325.2110876958827
753   325.2110876958827
754   325.2110876958827
755   325.2110876958827
756   325.2110876958827
757   325.2110876958827
758   325.2110876958827
759   325.2110876958827
760   325.2110876958827
761   325.2110876958827
762   325.2110876958827
763   325.2110876958827
764   325.2110876958827
765   325.2110876958827
766   325.2110876958827
767   325.2110876958827
768   325.2110876958827
769   325.2110876958827
770   325.2110876958827
771   325.2110876958827
772   325.2110876958827
773   325.2110876958827
774   325.2110876958827
775   325.2110876958827
776   325.2110876958827
777   325.2110876958827
778   325.2110876958827
779   325.2110876958827
780   325.2110876958827
781   325.2110876958827
782   325.2110876958827
783   325.2110876958827
784   325.2110876958827
785   325.2110876958827
786   325.2110876958827
787   325.2110876958827
788   325.2110876958827
789   325.2110876958827
790   325.2110876958827
791   325.2110876958827
792   325.2110876958827
793   325.2110876958827
794   325.2110876958827
795   325.2110876958827
796   325.2110876958827
797   325.2110876958827
798   325.2110876958827
799   325.2110876958827
800   325.2110876958827
801   325.2110876958827
802   325.2110876958827
803   325.2110876958827
804   325.2110876958827
805   325.2110876958827
806   325.2110876958827
807   325.2110876958827
808   325.2110876958827
809   325.2110876958827
810   325.2110876958827
811   325.2110876958827
812   325.2110876958827
813   325.2110876958827
814   325.2110876958827
815   325.2110876958827
816   325.2110876958827
817   325.2110876958827
818   325.2110876958827
819   325.2110876958827
820   325.2110876958827
821   325.2110876958827
822   325.2110876958827
823   325.2110876958827
824   325.2110876958827
825   325.2110876958827
826   325.2110876958827
827   325.2110876958827
828   325.2110876958827
829   325.2110876958827
830   325.2110876958827
831   325.2110876958827
832   325.2110876958827
833   325.2110876958827
834   325.2110876958827
835   325.2110876958827
836   325.2110876958827
837   325.2110876958827
838   325.2110876958827
839   325.2110876958827
840   325.2110876958827
841   325.2110876958827
842   325.2110876958827
843   325.2110876958827
844   325.2110876958827
845   325.2110876958827
846   325.2110876958827
847   325.2110876958827
848   325.2110876958827
849   325.2110876958827
850   325.2110876958827
851   325.2110876958827
852   325.2110876958827
853   325.2110876958827
854   325.2110876958827
855   325.2110876958827
856   325.2110876958827
857   325.2110876958827
858   325.2110876958827
859   325.2110876958827
860   325.2110876958827
861   325.2110876958827
862   325.2110876958827
863   325.2110876958827
864   325.2110876958827
865   325.2110876958827
866   325.2110876958827
867   325.2110876958827
868   325.2110876958827
869   325.2110876958827
870   325.2110876958827
871   325.2110876958827
872   325.2110876958827
873   325.2110876958827
874   325.2110876958827
875   325.2110876958827
876   325.2110876958827
877   325.2110876958827
878   325.2110876958827
879   325.2110876958827
880   325.2110876958827
881   325.2110876958827
882   325.2110876958827
883   325.2110876958827
884   325.2110876958827
885   325.2110876958827
886   325.2110876958827
887   325.2110876958827
888   325.2110876958827
889   325.2110876958827
890   325.2110876958827
891   325.2110876958827
892   325.2110876958827
893   325.2110876958827
894   325.2110876958827
895   325.2110876958827
896   325.2110876958827
897   325.2110876958827
898   325.2110876958827
899   325.2110876958827
900   325.2110876958827
901   325.2110876958827
902   325.2110876958827
903   325.2110876958827
904   325.2110876958827
905   325.2110876958827
906   325.2110876958827
907   325.2110876958827
908   325.2110876958827
909   325.2110876958827
910   325.2110876958827
911   325.2110876958827
912   325.2110876958827
913   325.2110876958827
914   325.2110876958827
915   325.2110876958827
916   325.2110876958827
917   325.2110876958827
918   325.2110876958827
919   325.2110876958827
920   325.2110876958827
921   325.2110876958827
922   325.2110876958827
923   325.2110876958827
924   325.2110876958827
925   325.2110876958827
926   325.2110876958827
927   325.2110876958827
928   325.2110876958827
929   325.2110876958827
930   325.2110876958827
931   325.2110876958827
932   325.2110876958827
933   325.2110876958827
934   325.2110876958827
935   325.2110876958827
936   325.2110876958827
937   325.2110876958827
938   325.2110876958827
939   325.2110876958827
940   325.2110876958827
941   325.2110876958827
942   325.2110876958827
943   325.2110876958827
944   325.2110876958827
945   325.2110876958827
946   325.2110876958827
947   325.2110876958827
948   325.2110876958827
949   325.2110876958827
950   325.2110876958827
951   325.2110876958827
952   325.2110876958827
953   325.2110876958827
954   325.2110876958827
955   325.2110876958827
956   325.2110876958827
957   325.2110876958827
958   325.2110876958827
959   325.2110876958827
960   325.2110876958827
961   325.2110876958827
962   325.2110876958827
963   325.2110876958827
964   325.2110876958827
965   325.2110876958827
966   325.2110876958827
967   325.2110876958827
968   325.2110876958827
969   325.2110876958827
970   325.2110876958827
971   325.2110876958827
972   325.2110876958827
973   325.2110876958827
974   325.2110876958827
975   325.2110876958827
976   325.2110876958827
977   325.2110876958827
978   325.2110876958827
979   325.2110876958827
980   325.2110876958827
981   325.2110876958827
982   325.2110876958827
983   325.2110876958827
984   325.2110876958827
985   325.2110876958827
986   325.2110876958827
987   325.2110876958827
988   325.2110876958827
989   325.2110876958827
990   325.2110876958827
991   325.2110876958827
992   325.2110876958827
993   325.2110876958827
994   325.2110876958827
995   325.2110876958827
996   325.2110876958827
997   325.2110876958827
998   325.2110876958827
999   325.2110876958827
