1   387.73877490626734
2   387.73877490626734
3   387.73877490626734
4   387.73877490626734
5   387.73877490626734
6   387.73877490626734
7   387.73877490626734
8   387.73877490626734
9   387.73877490626734
10   387.73877490626734
11   387.73877490626734
12   387.73877490626734
13   387.73877490626734
14   387.73877490626734
15   387.73877490626734
16   290.8579310016042
17   290.8579310016042
18   290.8579310016042
19   290.8579310016042
20   290.8579310016042
21   290.8579310016042
22   290.8579310016042
23   290.8579310016042
24   290.8579310016042
25   290.8579310016042
26   290.8579310016042
27   290.8579310016042
28   290.8579310016042
29   290.8579310016042
30   290.8579310016042
31   290.8579310016042
32   290.8579310016042
33   290.8579310016042
34   290.8579310016042
35   290.8579310016042
36   290.8579310016042
37   290.8579310016042
38   290.8579310016042
39   290.8579310016042
40   290.8579310016042
41   290.8579310016042
42   290.8579310016042
43   290.8579310016042
44   290.8579310016042
45   290.8579310016042
46   290.8579310016042
47   290.8579310016042
48   290.8579310016042
49   290.8579310016042
50   290.8579310016042
51   290.8579310016042
52   290.8579310016042
53   290.8579310016042
54   290.8579310016042
55   290.8579310016042
56   290.8579310016042
57   290.8579310016042
58   290.8579310016042
59   290.8579310016042
60   290.8579310016042
61   290.8579310016042
62   290.8579310016042
63   290.8579310016042
64   290.8579310016042
65   290.8579310016042
66   290.8579310016042
67   290.8579310016042
68   290.8579310016042
69   290.8579310016042
70   290.8579310016042
71   290.8579310016042
72   290.8579310016042
73   290.8579310016042
74   290.8579310016042
75   290.8579310016042
76   290.8579310016042
77   290.8579310016042
78   290.8579310016042
79   290.8579310016042
80   290.8579310016042
81   290.8579310016042
82   290.8579310016042
83   290.8579310016042
84   290.8579310016042
85   290.8579310016042
86   290.8579310016042
87   290.8579310016042
88   290.8579310016042
89   290.8579310016042
90   290.8579310016042
91   290.8579310016042
92   290.8579310016042
93   290.8579310016042
94   290.8579310016042
95   290.8579310016042
96   290.8579310016042
97   290.8579310016042
98   290.8579310016042
99   290.8579310016042
100   290.8579310016042
101   290.8579310016042
102   290.8579310016042
103   290.8579310016042
104   290.8579310016042
105   290.8579310016042
106   290.8579310016042
107   290.8579310016042
108   290.8579310016042
109   290.8579310016042
110   290.8579310016042
111   290.8579310016042
112   290.8579310016042
113   290.8579310016042
114   290.8579310016042
115   290.8579310016042
116   290.8579310016042
117   290.8579310016042
118   290.8579310016042
119   290.8579310016042
120   290.8579310016042
121   290.8579310016042
122   290.8579310016042
123   290.8579310016042
124   290.8579310016042
125   290.8579310016042
126   290.8579310016042
127   290.8579310016042
128   290.8579310016042
129   290.8579310016042
130   290.8579310016042
131   290.8579310016042
132   290.8579310016042
133   290.8579310016042
134   290.8579310016042
135   290.8579310016042
136   290.8579310016042
137   290.8579310016042
138   290.8579310016042
139   290.8579310016042
140   290.8579310016042
141   290.8579310016042
142   290.8579310016042
143   290.8579310016042
144   290.8579310016042
145   290.8579310016042
146   290.8579310016042
147   290.8579310016042
148   290.8579310016042
149   290.8579310016042
150   290.8579310016042
151   290.8579310016042
152   290.8579310016042
153   290.8579310016042
154   290.8579310016042
155   290.8579310016042
156   290.8579310016042
157   290.8579310016042
158   290.8579310016042
159   290.8579310016042
160   290.8579310016042
161   290.8579310016042
162   290.8579310016042
163   290.8579310016042
164   290.8579310016042
165   290.8579310016042
166   290.8579310016042
167   290.8579310016042
168   290.8579310016042
169   290.8579310016042
170   290.8579310016042
171   290.8579310016042
172   290.8579310016042
173   290.8579310016042
174   290.8579310016042
175   290.8579310016042
176   290.8579310016042
177   290.8579310016042
178   290.8579310016042
179   290.8579310016042
180   290.8579310016042
181   290.8579310016042
182   290.8579310016042
183   290.8579310016042
184   290.8579310016042
185   290.8579310016042
186   290.8579310016042
187   290.8579310016042
188   290.8579310016042
189   290.8579310016042
190   290.8579310016042
191   290.8579310016042
192   290.8579310016042
193   290.8579310016042
194   290.8579310016042
195   290.8579310016042
196   290.8579310016042
197   290.8579310016042
198   290.8579310016042
199   290.8579310016042
200   290.8579310016042
201   290.8579310016042
202   290.8579310016042
203   290.8579310016042
204   290.8579310016042
205   290.8579310016042
206   290.8579310016042
207   290.8579310016042
208   290.8579310016042
209   290.8579310016042
210   290.8579310016042
211   290.8579310016042
212   290.8579310016042
213   290.8579310016042
214   290.8579310016042
215   290.8579310016042
216   290.8579310016042
217   290.8579310016042
218   290.8579310016042
219   290.8579310016042
220   290.8579310016042
221   290.8579310016042
222   290.8579310016042
223   290.8579310016042
224   290.8579310016042
225   290.8579310016042
226   290.8579310016042
227   290.8579310016042
228   290.8579310016042
229   290.8579310016042
230   290.8579310016042
231   290.8579310016042
232   290.8579310016042
233   290.8579310016042
234   290.8579310016042
235   290.8579310016042
236   290.8579310016042
237   290.8579310016042
238   290.8579310016042
239   290.8579310016042
240   290.8579310016042
241   290.8579310016042
242   290.8579310016042
243   290.8579310016042
244   290.8579310016042
245   290.8579310016042
246   290.8579310016042
247   290.8579310016042
248   290.8579310016042
249   290.8579310016042
250   290.8579310016042
251   290.8579310016042
252   290.8579310016042
253   290.8579310016042
254   290.8579310016042
255   290.8579310016042
256   290.8579310016042
257   290.8579310016042
258   290.8579310016042
259   290.8579310016042
260   290.8579310016042
261   290.8579310016042
262   290.8579310016042
263   290.8579310016042
264   290.8579310016042
265   290.8579310016042
266   290.8579310016042
267   290.8579310016042
268   290.8579310016042
269   290.8579310016042
270   290.8579310016042
271   290.8579310016042
272   290.8579310016042
273   290.8579310016042
274   290.8579310016042
275   290.8579310016042
276   290.8579310016042
277   290.8579310016042
278   290.8579310016042
279   290.8579310016042
280   290.8579310016042
281   290.8579310016042
282   290.8579310016042
283   290.8579310016042
284   290.8579310016042
285   290.8579310016042
286   290.8579310016042
287   290.8579310016042
288   290.8579310016042
289   290.8579310016042
290   290.8579310016042
291   290.8579310016042
292   290.8579310016042
293   290.8579310016042
294   290.8579310016042
295   290.8579310016042
296   290.8579310016042
297   290.8579310016042
298   290.8579310016042
299   290.8579310016042
300   290.8579310016042
301   290.8579310016042
302   290.8579310016042
303   290.8579310016042
304   290.8579310016042
305   290.8579310016042
306   290.8579310016042
307   290.8579310016042
308   290.8579310016042
309   290.8579310016042
310   290.8579310016042
311   290.8579310016042
312   290.8579310016042
313   290.8579310016042
314   290.8579310016042
315   290.8579310016042
316   290.8579310016042
317   290.8579310016042
318   290.8579310016042
319   290.8579310016042
320   290.8579310016042
321   290.8579310016042
322   290.8579310016042
323   290.8579310016042
324   290.8579310016042
325   290.8579310016042
326   290.8579310016042
327   290.8579310016042
328   290.8579310016042
329   290.8579310016042
330   290.8579310016042
331   290.8579310016042
332   290.8579310016042
333   290.8579310016042
334   290.8579310016042
335   290.8579310016042
336   290.8579310016042
337   290.8579310016042
338   290.8579310016042
339   290.8579310016042
340   290.8579310016042
341   290.8579310016042
342   290.8579310016042
343   290.8579310016042
344   290.8579310016042
345   290.8579310016042
346   290.8579310016042
347   290.8579310016042
348   290.8579310016042
349   290.8579310016042
350   290.8579310016042
351   290.8579310016042
352   290.8579310016042
353   290.8579310016042
354   290.8579310016042
355   290.8579310016042
356   290.8579310016042
357   290.8579310016042
358   290.8579310016042
359   290.8579310016042
360   290.8579310016042
361   290.8579310016042
362   290.8579310016042
363   290.8579310016042
364   290.8579310016042
365   290.8579310016042
366   290.8579310016042
367   290.8579310016042
368   290.8579310016042
369   290.8579310016042
370   290.8579310016042
371   290.8579310016042
372   290.8579310016042
373   290.8579310016042
374   290.8579310016042
375   290.8579310016042
376   290.8579310016042
377   290.8579310016042
378   290.8579310016042
379   290.8579310016042
380   290.8579310016042
381   290.8579310016042
382   290.8579310016042
383   290.8579310016042
384   290.8579310016042
385   290.8579310016042
386   290.8579310016042
387   290.8579310016042
388   290.8579310016042
389   290.8579310016042
390   290.8579310016042
391   290.8579310016042
392   290.8579310016042
393   290.8579310016042
394   290.8579310016042
395   290.8579310016042
396   290.8579310016042
397   290.8579310016042
398   290.8579310016042
399   290.8579310016042
400   290.8579310016042
401   290.8579310016042
402   290.8579310016042
403   290.8579310016042
404   290.8579310016042
405   290.8579310016042
406   290.8579310016042
407   290.8579310016042
408   290.8579310016042
409   290.8579310016042
410   290.8579310016042
411   290.8579310016042
412   290.8579310016042
413   290.8579310016042
414   290.8579310016042
415   290.8579310016042
416   290.8579310016042
417   290.8579310016042
418   290.8579310016042
419   290.8579310016042
420   290.8579310016042
421   290.8579310016042
422   290.8579310016042
423   290.8579310016042
424   290.8579310016042
425   290.8579310016042
426   290.8579310016042
427   290.8579310016042
428   290.8579310016042
429   290.8579310016042
430   290.8579310016042
431   290.8579310016042
432   290.8579310016042
433   290.8579310016042
434   290.8579310016042
435   290.8579310016042
436   290.8579310016042
437   290.8579310016042
438   290.8579310016042
439   290.8579310016042
440   290.8579310016042
441   290.8579310016042
442   290.8579310016042
443   290.8579310016042
444   290.8579310016042
445   290.8579310016042
446   290.8579310016042
447   290.8579310016042
448   290.8579310016042
449   290.8579310016042
450   290.8579310016042
451   290.8579310016042
452   290.8579310016042
453   290.8579310016042
454   290.8579310016042
455   290.8579310016042
456   290.8579310016042
457   290.8579310016042
458   290.8579310016042
459   290.8579310016042
460   290.8579310016042
461   290.8579310016042
462   290.8579310016042
463   290.8579310016042
464   290.8579310016042
465   290.8579310016042
466   290.8579310016042
467   290.8579310016042
468   290.8579310016042
469   290.8579310016042
470   290.8579310016042
471   290.8579310016042
472   290.8579310016042
473   290.8579310016042
474   290.8579310016042
475   290.8579310016042
476   290.8579310016042
477   290.8579310016042
478   290.8579310016042
479   290.8579310016042
480   290.8579310016042
481   290.8579310016042
482   290.8579310016042
483   290.8579310016042
484   290.8579310016042
485   290.8579310016042
486   290.8579310016042
487   290.8579310016042
488   290.8579310016042
489   290.8579310016042
490   290.8579310016042
491   290.8579310016042
492   290.8579310016042
493   290.8579310016042
494   290.8579310016042
495   290.8579310016042
496   290.8579310016042
497   290.8579310016042
498   290.8579310016042
499   290.8579310016042
500   290.8579310016042
501   290.8579310016042
502   290.8579310016042
503   290.8579310016042
504   290.8579310016042
505   290.8579310016042
506   290.8579310016042
507   290.8579310016042
508   290.8579310016042
509   290.8579310016042
510   290.8579310016042
511   290.8579310016042
512   290.8579310016042
513   290.8579310016042
514   290.8579310016042
515   290.8579310016042
516   290.8579310016042
517   290.8579310016042
518   290.8579310016042
519   290.8579310016042
520   290.8579310016042
521   290.8579310016042
522   290.8579310016042
523   290.8579310016042
524   290.8579310016042
525   290.8579310016042
526   290.8579310016042
527   290.8579310016042
528   290.8579310016042
529   290.8579310016042
530   290.8579310016042
531   290.8579310016042
532   290.8579310016042
533   290.8579310016042
534   290.8579310016042
535   290.8579310016042
536   290.8579310016042
537   290.8579310016042
538   290.8579310016042
539   290.8579310016042
540   290.8579310016042
541   290.8579310016042
542   290.8579310016042
543   290.8579310016042
544   290.8579310016042
545   290.8579310016042
546   290.8579310016042
547   290.8579310016042
548   290.8579310016042
549   290.8579310016042
550   290.8579310016042
551   290.8579310016042
552   290.8579310016042
553   290.8579310016042
554   290.8579310016042
555   290.8579310016042
556   290.8579310016042
557   290.8579310016042
558   290.8579310016042
559   290.8579310016042
560   290.8579310016042
561   290.8579310016042
562   290.8579310016042
563   290.8579310016042
564   290.8579310016042
565   290.8579310016042
566   290.8579310016042
567   290.8579310016042
568   290.8579310016042
569   290.8579310016042
570   290.8579310016042
571   290.8579310016042
572   290.8579310016042
573   290.8579310016042
574   290.8579310016042
575   290.8579310016042
576   290.8579310016042
577   290.8579310016042
578   290.8579310016042
579   290.8579310016042
580   290.8579310016042
581   290.8579310016042
582   290.8579310016042
583   290.8579310016042
584   290.8579310016042
585   290.8579310016042
586   290.8579310016042
587   290.8579310016042
588   290.8579310016042
589   290.8579310016042
590   290.8579310016042
591   290.8579310016042
592   290.8579310016042
593   290.8579310016042
594   290.8579310016042
595   290.8579310016042
596   290.8579310016042
597   290.8579310016042
598   290.8579310016042
599   290.8579310016042
600   290.8579310016042
601   290.8579310016042
602   290.8579310016042
603   290.8579310016042
604   290.8579310016042
605   290.8579310016042
606   290.8579310016042
607   290.8579310016042
608   290.8579310016042
609   290.8579310016042
610   290.8579310016042
611   290.8579310016042
612   290.8579310016042
613   290.8579310016042
614   290.8579310016042
615   290.8579310016042
616   290.8579310016042
617   290.8579310016042
618   290.8579310016042
619   290.8579310016042
620   290.8579310016042
621   290.8579310016042
622   290.8579310016042
623   290.8579310016042
624   290.8579310016042
625   290.8579310016042
626   290.8579310016042
627   290.8579310016042
628   290.8579310016042
629   290.8579310016042
630   290.8579310016042
631   290.8579310016042
632   290.8579310016042
633   290.8579310016042
634   290.8579310016042
635   290.8579310016042
636   290.8579310016042
637   290.8579310016042
638   290.8579310016042
639   290.8579310016042
640   290.8579310016042
641   290.8579310016042
642   290.8579310016042
643   290.8579310016042
644   290.8579310016042
645   290.8579310016042
646   290.8579310016042
647   290.8579310016042
648   290.8579310016042
649   290.8579310016042
650   290.8579310016042
651   290.8579310016042
652   290.8579310016042
653   290.8579310016042
654   290.8579310016042
655   290.8579310016042
656   290.8579310016042
657   290.8579310016042
658   290.8579310016042
659   290.8579310016042
660   290.8579310016042
661   290.8579310016042
662   290.8579310016042
663   290.8579310016042
664   290.8579310016042
665   290.8579310016042
666   290.8579310016042
667   290.8579310016042
668   290.8579310016042
669   290.8579310016042
670   290.8579310016042
671   290.8579310016042
672   290.8579310016042
673   290.8579310016042
674   290.8579310016042
675   290.8579310016042
676   290.8579310016042
677   290.8579310016042
678   290.8579310016042
679   290.8579310016042
680   290.8579310016042
681   290.8579310016042
682   290.8579310016042
683   290.8579310016042
684   290.8579310016042
685   290.8579310016042
686   290.8579310016042
687   290.8579310016042
688   290.8579310016042
689   290.8579310016042
690   290.8579310016042
691   290.8579310016042
692   290.8579310016042
693   290.8579310016042
694   290.8579310016042
695   290.8579310016042
696   290.8579310016042
697   290.8579310016042
698   290.8579310016042
699   290.8579310016042
700   290.8579310016042
701   290.8579310016042
702   290.8579310016042
703   290.8579310016042
704   290.8579310016042
705   290.8579310016042
706   290.8579310016042
707   290.8579310016042
708   290.8579310016042
709   290.8579310016042
710   290.8579310016042
711   290.8579310016042
712   290.8579310016042
713   290.8579310016042
714   290.8579310016042
715   290.8579310016042
716   290.8579310016042
717   290.8579310016042
718   290.8579310016042
719   290.8579310016042
720   290.8579310016042
721   290.8579310016042
722   290.8579310016042
723   290.8579310016042
724   290.8579310016042
725   290.8579310016042
726   290.8579310016042
727   290.8579310016042
728   290.8579310016042
729   290.8579310016042
730   290.8579310016042
731   290.8579310016042
732   290.8579310016042
733   290.8579310016042
734   290.8579310016042
735   290.8579310016042
736   290.8579310016042
737   290.8579310016042
738   290.8579310016042
739   290.8579310016042
740   290.8579310016042
741   290.8579310016042
742   290.8579310016042
743   290.8579310016042
744   290.8579310016042
745   290.8579310016042
746   290.8579310016042
747   290.8579310016042
748   290.8579310016042
749   290.8579310016042
750   290.8579310016042
751   290.8579310016042
752   290.8579310016042
753   290.8579310016042
754   290.8579310016042
755   290.8579310016042
756   290.8579310016042
757   290.8579310016042
758   290.8579310016042
759   290.8579310016042
760   290.8579310016042
761   290.8579310016042
762   290.8579310016042
763   290.8579310016042
764   290.8579310016042
765   290.8579310016042
766   290.8579310016042
767   290.8579310016042
768   290.8579310016042
769   290.8579310016042
770   290.8579310016042
771   290.8579310016042
772   290.8579310016042
773   290.8579310016042
774   290.8579310016042
775   290.8579310016042
776   290.8579310016042
777   290.8579310016042
778   290.8579310016042
779   290.8579310016042
780   290.8579310016042
781   290.8579310016042
782   290.8579310016042
783   290.8579310016042
784   290.8579310016042
785   290.8579310016042
786   290.8579310016042
787   290.8579310016042
788   290.8579310016042
789   290.8579310016042
790   290.8579310016042
791   290.8579310016042
792   290.8579310016042
793   290.8579310016042
794   290.8579310016042
795   290.8579310016042
796   290.8579310016042
797   290.8579310016042
798   290.8579310016042
799   290.8579310016042
800   290.8579310016042
801   290.8579310016042
802   290.8579310016042
803   290.8579310016042
804   290.8579310016042
805   290.8579310016042
806   290.8579310016042
807   290.8579310016042
808   290.8579310016042
809   290.8579310016042
810   290.8579310016042
811   290.8579310016042
812   290.8579310016042
813   290.8579310016042
814   290.8579310016042
815   290.8579310016042
816   290.8579310016042
817   290.8579310016042
818   290.8579310016042
819   290.8579310016042
820   290.8579310016042
821   290.8579310016042
822   290.8579310016042
823   290.8579310016042
824   290.8579310016042
825   290.8579310016042
826   290.8579310016042
827   290.8579310016042
828   290.8579310016042
829   290.8579310016042
830   290.8579310016042
831   290.8579310016042
832   290.8579310016042
833   290.8579310016042
834   290.8579310016042
835   290.8579310016042
836   290.8579310016042
837   290.8579310016042
838   290.8579310016042
839   290.8579310016042
840   290.8579310016042
841   290.8579310016042
842   290.8579310016042
843   290.8579310016042
844   290.8579310016042
845   290.8579310016042
846   290.8579310016042
847   290.8579310016042
848   290.8579310016042
849   290.8579310016042
850   290.8579310016042
851   290.8579310016042
852   290.8579310016042
853   290.8579310016042
854   290.8579310016042
855   290.8579310016042
856   290.8579310016042
857   290.8579310016042
858   290.8579310016042
859   290.8579310016042
860   290.8579310016042
861   290.8579310016042
862   290.8579310016042
863   290.8579310016042
864   290.8579310016042
865   290.8579310016042
866   290.8579310016042
867   290.8579310016042
868   290.8579310016042
869   290.8579310016042
870   290.8579310016042
871   290.8579310016042
872   290.8579310016042
873   290.8579310016042
874   290.8579310016042
875   290.8579310016042
876   290.8579310016042
877   290.8579310016042
878   290.8579310016042
879   290.8579310016042
880   290.8579310016042
881   290.8579310016042
882   290.8579310016042
883   290.8579310016042
884   290.8579310016042
885   290.8579310016042
886   290.8579310016042
887   290.8579310016042
888   290.8579310016042
889   290.8579310016042
890   290.8579310016042
891   290.8579310016042
892   290.8579310016042
893   290.8579310016042
894   290.8579310016042
895   290.8579310016042
896   290.8579310016042
897   290.8579310016042
898   290.8579310016042
899   290.8579310016042
900   290.8579310016042
901   290.8579310016042
902   290.8579310016042
903   290.8579310016042
904   290.8579310016042
905   290.8579310016042
906   290.8579310016042
907   290.8579310016042
908   290.8579310016042
909   290.8579310016042
910   290.8579310016042
911   290.8579310016042
912   290.8579310016042
913   290.8579310016042
914   290.8579310016042
915   290.8579310016042
916   290.8579310016042
917   290.8579310016042
918   290.8579310016042
919   290.8579310016042
920   290.8579310016042
921   290.8579310016042
922   290.8579310016042
923   290.8579310016042
924   290.8579310016042
925   290.8579310016042
926   290.8579310016042
927   290.8579310016042
928   290.8579310016042
929   290.8579310016042
930   290.8579310016042
931   290.8579310016042
932   290.8579310016042
933   290.8579310016042
934   290.8579310016042
935   290.8579310016042
936   290.8579310016042
937   290.8579310016042
938   290.8579310016042
939   290.8579310016042
940   290.8579310016042
941   290.8579310016042
942   290.8579310016042
943   290.8579310016042
944   290.8579310016042
945   290.8579310016042
946   290.8579310016042
947   290.8579310016042
948   290.8579310016042
949   290.8579310016042
950   290.8579310016042
951   290.8579310016042
952   290.8579310016042
953   290.8579310016042
954   290.8579310016042
955   290.8579310016042
956   290.8579310016042
957   290.8579310016042
958   290.8579310016042
959   290.8579310016042
960   290.8579310016042
961   290.8579310016042
962   290.8579310016042
963   290.8579310016042
964   290.8579310016042
965   290.8579310016042
966   290.8579310016042
967   290.8579310016042
968   290.8579310016042
969   290.8579310016042
970   290.8579310016042
971   290.8579310016042
972   290.8579310016042
973   290.8579310016042
974   290.8579310016042
975   290.8579310016042
976   290.8579310016042
977   290.8579310016042
978   290.8579310016042
979   290.8579310016042
980   290.8579310016042
981   290.8579310016042
982   290.8579310016042
983   290.8579310016042
984   290.8579310016042
985   290.8579310016042
986   290.8579310016042
987   290.8579310016042
988   290.8579310016042
989   290.8579310016042
990   290.8579310016042
991   290.8579310016042
992   290.8579310016042
993   290.8579310016042
994   290.8579310016042
995   290.8579310016042
996   290.8579310016042
997   290.8579310016042
998   290.8579310016042
999   290.8579310016042
