1   318.9851995612463
2   244.4363753188609
3   244.4363753188609
4   244.4363753188609
5   244.4363753188609
6   244.4363753188609
7   244.4363753188609
8   244.4363753188609
9   244.4363753188609
10   244.4363753188609
11   244.4363753188609
12   244.4363753188609
13   244.4363753188609
14   244.4363753188609
15   244.4363753188609
16   244.4363753188609
17   244.4363753188609
18   244.4363753188609
19   244.4363753188609
20   244.4363753188609
21   244.4363753188609
22   244.4363753188609
23   244.4363753188609
24   244.4363753188609
25   244.4363753188609
26   244.4363753188609
27   244.4363753188609
28   244.4363753188609
29   244.4363753188609
30   244.4363753188609
31   244.4363753188609
32   244.4363753188609
33   244.4363753188609
34   244.4363753188609
35   244.4363753188609
36   244.4363753188609
37   244.4363753188609
38   244.4363753188609
39   244.4363753188609
40   244.4363753188609
41   244.4363753188609
42   244.4363753188609
43   244.4363753188609
44   244.4363753188609
45   244.4363753188609
46   244.4363753188609
47   244.4363753188609
48   244.4363753188609
49   244.4363753188609
50   244.4363753188609
51   244.4363753188609
52   244.4363753188609
53   244.4363753188609
54   244.4363753188609
55   244.4363753188609
56   244.4363753188609
57   244.4363753188609
58   244.4363753188609
59   244.4363753188609
60   244.4363753188609
61   244.4363753188609
62   244.4363753188609
63   244.4363753188609
64   244.4363753188609
65   244.4363753188609
66   244.4363753188609
67   244.4363753188609
68   244.4363753188609
69   244.4363753188609
70   244.4363753188609
71   244.4363753188609
72   244.4363753188609
73   244.4363753188609
74   244.4363753188609
75   244.4363753188609
76   244.4363753188609
77   244.4363753188609
78   244.4363753188609
79   244.4363753188609
80   244.4363753188609
81   244.4363753188609
82   244.4363753188609
83   244.4363753188609
84   244.4363753188609
85   244.4363753188609
86   244.4363753188609
87   244.4363753188609
88   244.4363753188609
89   244.4363753188609
90   244.4363753188609
91   244.4363753188609
92   244.4363753188609
93   244.4363753188609
94   244.4363753188609
95   244.4363753188609
96   244.4363753188609
97   244.4363753188609
98   244.4363753188609
99   244.4363753188609
100   244.4363753188609
101   244.4363753188609
102   244.4363753188609
103   244.4363753188609
104   244.4363753188609
105   244.4363753188609
106   244.4363753188609
107   244.4363753188609
108   244.4363753188609
109   244.4363753188609
110   244.4363753188609
111   244.4363753188609
112   244.4363753188609
113   244.4363753188609
114   244.4363753188609
115   244.4363753188609
116   244.4363753188609
117   244.4363753188609
118   244.4363753188609
119   244.4363753188609
120   244.4363753188609
121   244.4363753188609
122   244.4363753188609
123   244.4363753188609
124   244.4363753188609
125   244.4363753188609
126   244.4363753188609
127   244.4363753188609
128   244.4363753188609
129   244.4363753188609
130   244.4363753188609
131   244.4363753188609
132   244.4363753188609
133   244.4363753188609
134   244.4363753188609
135   244.4363753188609
136   244.4363753188609
137   244.4363753188609
138   244.4363753188609
139   244.4363753188609
140   244.4363753188609
141   244.4363753188609
142   244.4363753188609
143   244.4363753188609
144   244.4363753188609
145   244.4363753188609
146   244.4363753188609
147   244.4363753188609
148   244.4363753188609
149   244.4363753188609
150   244.4363753188609
151   244.4363753188609
152   244.4363753188609
153   244.4363753188609
154   244.4363753188609
155   244.4363753188609
156   244.4363753188609
157   244.4363753188609
158   244.4363753188609
159   244.4363753188609
160   244.4363753188609
161   244.4363753188609
162   244.4363753188609
163   244.4363753188609
164   244.4363753188609
165   244.4363753188609
166   244.4363753188609
167   244.4363753188609
168   244.4363753188609
169   244.4363753188609
170   244.4363753188609
171   244.4363753188609
172   244.4363753188609
173   244.4363753188609
174   244.4363753188609
175   244.4363753188609
176   244.4363753188609
177   244.4363753188609
178   244.4363753188609
179   244.4363753188609
180   244.4363753188609
181   244.4363753188609
182   244.4363753188609
183   244.4363753188609
184   244.4363753188609
185   244.4363753188609
186   244.4363753188609
187   244.4363753188609
188   244.4363753188609
189   244.4363753188609
190   244.4363753188609
191   244.4363753188609
192   244.4363753188609
193   244.4363753188609
194   244.4363753188609
195   244.4363753188609
196   244.4363753188609
197   244.4363753188609
198   244.4363753188609
199   244.4363753188609
200   244.4363753188609
201   244.4363753188609
202   244.4363753188609
203   244.4363753188609
204   244.4363753188609
205   244.4363753188609
206   244.4363753188609
207   244.4363753188609
208   244.4363753188609
209   244.4363753188609
210   244.4363753188609
211   244.4363753188609
212   244.4363753188609
213   244.4363753188609
214   244.4363753188609
215   244.4363753188609
216   244.4363753188609
217   244.4363753188609
218   244.4363753188609
219   244.4363753188609
220   244.4363753188609
221   244.4363753188609
222   244.4363753188609
223   244.4363753188609
224   244.4363753188609
225   244.4363753188609
226   244.4363753188609
227   244.4363753188609
228   244.4363753188609
229   244.4363753188609
230   244.4363753188609
231   244.4363753188609
232   244.4363753188609
233   244.4363753188609
234   244.4363753188609
235   244.4363753188609
236   244.4363753188609
237   244.4363753188609
238   244.4363753188609
239   244.4363753188609
240   244.4363753188609
241   244.4363753188609
242   244.4363753188609
243   244.4363753188609
244   244.4363753188609
245   244.4363753188609
246   244.4363753188609
247   244.4363753188609
248   244.4363753188609
249   244.4363753188609
250   244.4363753188609
251   244.4363753188609
252   244.4363753188609
253   244.4363753188609
254   244.4363753188609
255   244.4363753188609
256   244.4363753188609
257   244.4363753188609
258   244.4363753188609
259   244.4363753188609
260   244.4363753188609
261   244.4363753188609
262   244.4363753188609
263   244.4363753188609
264   244.4363753188609
265   244.4363753188609
266   244.4363753188609
267   244.4363753188609
268   244.4363753188609
269   244.4363753188609
270   244.4363753188609
271   244.4363753188609
272   244.4363753188609
273   244.4363753188609
274   244.4363753188609
275   244.4363753188609
276   244.4363753188609
277   244.4363753188609
278   244.4363753188609
279   244.4363753188609
280   244.4363753188609
281   244.4363753188609
282   244.4363753188609
283   244.4363753188609
284   244.4363753188609
285   244.4363753188609
286   244.4363753188609
287   244.4363753188609
288   244.4363753188609
289   244.4363753188609
290   244.4363753188609
291   244.4363753188609
292   244.4363753188609
293   244.4363753188609
294   244.4363753188609
295   244.4363753188609
296   244.4363753188609
297   244.4363753188609
298   244.4363753188609
299   244.4363753188609
300   244.4363753188609
301   244.4363753188609
302   244.4363753188609
303   244.4363753188609
304   244.4363753188609
305   244.4363753188609
306   244.4363753188609
307   244.4363753188609
308   244.4363753188609
309   244.4363753188609
310   244.4363753188609
311   244.4363753188609
312   244.4363753188609
313   244.4363753188609
314   244.4363753188609
315   244.4363753188609
316   244.4363753188609
317   244.4363753188609
318   244.4363753188609
319   244.4363753188609
320   244.4363753188609
321   244.4363753188609
322   244.4363753188609
323   244.4363753188609
324   244.4363753188609
325   244.4363753188609
326   244.4363753188609
327   244.4363753188609
328   244.4363753188609
329   244.4363753188609
330   244.4363753188609
331   244.4363753188609
332   244.4363753188609
333   244.4363753188609
334   244.4363753188609
335   244.4363753188609
336   244.4363753188609
337   244.4363753188609
338   244.4363753188609
339   244.4363753188609
340   244.4363753188609
341   244.4363753188609
342   244.4363753188609
343   244.4363753188609
344   244.4363753188609
345   244.4363753188609
346   244.4363753188609
347   244.4363753188609
348   244.4363753188609
349   244.4363753188609
350   244.4363753188609
351   244.4363753188609
352   244.4363753188609
353   244.4363753188609
354   244.4363753188609
355   244.4363753188609
356   244.4363753188609
357   244.4363753188609
358   244.4363753188609
359   244.4363753188609
360   244.4363753188609
361   244.4363753188609
362   244.4363753188609
363   244.4363753188609
364   244.4363753188609
365   244.4363753188609
366   244.4363753188609
367   244.4363753188609
368   244.4363753188609
369   244.4363753188609
370   244.4363753188609
371   244.4363753188609
372   244.4363753188609
373   244.4363753188609
374   244.4363753188609
375   244.4363753188609
376   244.4363753188609
377   244.4363753188609
378   244.4363753188609
379   244.4363753188609
380   244.4363753188609
381   244.4363753188609
382   244.4363753188609
383   244.4363753188609
384   244.4363753188609
385   244.4363753188609
386   244.4363753188609
387   244.4363753188609
388   244.4363753188609
389   244.4363753188609
390   244.4363753188609
391   244.4363753188609
392   244.4363753188609
393   244.4363753188609
394   244.4363753188609
395   244.4363753188609
396   244.4363753188609
397   244.4363753188609
398   244.4363753188609
399   244.4363753188609
400   244.4363753188609
401   244.4363753188609
402   244.4363753188609
403   244.4363753188609
404   244.4363753188609
405   244.4363753188609
406   244.4363753188609
407   244.4363753188609
408   244.4363753188609
409   244.4363753188609
410   244.4363753188609
411   244.4363753188609
412   244.4363753188609
413   244.4363753188609
414   244.4363753188609
415   244.4363753188609
416   244.4363753188609
417   244.4363753188609
418   244.4363753188609
419   244.4363753188609
420   244.4363753188609
421   244.4363753188609
422   244.4363753188609
423   244.4363753188609
424   244.4363753188609
425   244.4363753188609
426   244.4363753188609
427   244.4363753188609
428   244.4363753188609
429   244.4363753188609
430   244.4363753188609
431   244.4363753188609
432   244.4363753188609
433   244.4363753188609
434   244.4363753188609
435   244.4363753188609
436   244.4363753188609
437   244.4363753188609
438   244.4363753188609
439   244.4363753188609
440   244.4363753188609
441   244.4363753188609
442   244.4363753188609
443   244.4363753188609
444   244.4363753188609
445   244.4363753188609
446   244.4363753188609
447   244.4363753188609
448   244.4363753188609
449   244.4363753188609
450   244.4363753188609
451   244.4363753188609
452   244.4363753188609
453   244.4363753188609
454   244.4363753188609
455   244.4363753188609
456   244.4363753188609
457   244.4363753188609
458   244.4363753188609
459   244.4363753188609
460   244.4363753188609
461   244.4363753188609
462   244.4363753188609
463   244.4363753188609
464   244.4363753188609
465   244.4363753188609
466   244.4363753188609
467   244.4363753188609
468   244.4363753188609
469   244.4363753188609
470   244.4363753188609
471   244.4363753188609
472   244.4363753188609
473   244.4363753188609
474   244.4363753188609
475   244.4363753188609
476   244.4363753188609
477   244.4363753188609
478   244.4363753188609
479   244.4363753188609
480   244.4363753188609
481   244.4363753188609
482   244.4363753188609
483   244.4363753188609
484   244.4363753188609
485   244.4363753188609
486   244.4363753188609
487   244.4363753188609
488   244.4363753188609
489   244.4363753188609
490   244.4363753188609
491   244.4363753188609
492   244.4363753188609
493   244.4363753188609
494   244.4363753188609
495   244.4363753188609
496   244.4363753188609
497   244.4363753188609
498   244.4363753188609
499   244.4363753188609
500   244.4363753188609
501   244.4363753188609
502   244.4363753188609
503   244.4363753188609
504   244.4363753188609
505   244.4363753188609
506   244.4363753188609
507   244.4363753188609
508   244.4363753188609
509   244.4363753188609
510   244.4363753188609
511   244.4363753188609
512   244.4363753188609
513   244.4363753188609
514   244.4363753188609
515   244.4363753188609
516   244.4363753188609
517   244.4363753188609
518   244.4363753188609
519   244.4363753188609
520   244.4363753188609
521   244.4363753188609
522   244.4363753188609
523   244.4363753188609
524   244.4363753188609
525   244.4363753188609
526   244.4363753188609
527   244.4363753188609
528   244.4363753188609
529   244.4363753188609
530   244.4363753188609
531   244.4363753188609
532   244.4363753188609
533   244.4363753188609
534   244.4363753188609
535   244.4363753188609
536   244.4363753188609
537   244.4363753188609
538   244.4363753188609
539   244.4363753188609
540   244.4363753188609
541   244.4363753188609
542   244.4363753188609
543   244.4363753188609
544   244.4363753188609
545   244.4363753188609
546   244.4363753188609
547   244.4363753188609
548   244.4363753188609
549   244.4363753188609
550   244.4363753188609
551   244.4363753188609
552   244.4363753188609
553   244.4363753188609
554   244.4363753188609
555   244.4363753188609
556   244.4363753188609
557   244.4363753188609
558   244.4363753188609
559   244.4363753188609
560   244.4363753188609
561   244.4363753188609
562   244.4363753188609
563   244.4363753188609
564   244.4363753188609
565   244.4363753188609
566   244.4363753188609
567   244.4363753188609
568   244.4363753188609
569   244.4363753188609
570   244.4363753188609
571   244.4363753188609
572   244.4363753188609
573   244.4363753188609
574   244.4363753188609
575   244.4363753188609
576   244.4363753188609
577   244.4363753188609
578   244.4363753188609
579   244.4363753188609
580   244.4363753188609
581   244.4363753188609
582   244.4363753188609
583   244.4363753188609
584   244.4363753188609
585   244.4363753188609
586   244.4363753188609
587   244.4363753188609
588   244.4363753188609
589   244.4363753188609
590   244.4363753188609
591   244.4363753188609
592   244.4363753188609
593   244.4363753188609
594   244.4363753188609
595   244.4363753188609
596   244.4363753188609
597   244.4363753188609
598   244.4363753188609
599   244.4363753188609
600   244.4363753188609
601   244.4363753188609
602   244.4363753188609
603   244.4363753188609
604   244.4363753188609
605   244.4363753188609
606   244.4363753188609
607   244.4363753188609
608   244.4363753188609
609   244.4363753188609
610   244.4363753188609
611   244.4363753188609
612   244.4363753188609
613   244.4363753188609
614   244.4363753188609
615   244.4363753188609
616   244.4363753188609
617   244.4363753188609
618   244.4363753188609
619   244.4363753188609
620   244.4363753188609
621   244.4363753188609
622   244.4363753188609
623   244.4363753188609
624   244.4363753188609
625   244.4363753188609
626   244.4363753188609
627   244.4363753188609
628   244.4363753188609
629   244.4363753188609
630   244.4363753188609
631   244.4363753188609
632   244.4363753188609
633   244.4363753188609
634   244.4363753188609
635   244.4363753188609
636   244.4363753188609
637   244.4363753188609
638   244.4363753188609
639   244.4363753188609
640   244.4363753188609
641   244.4363753188609
642   244.4363753188609
643   244.4363753188609
644   244.4363753188609
645   244.4363753188609
646   244.4363753188609
647   244.4363753188609
648   244.4363753188609
649   244.4363753188609
650   244.4363753188609
651   244.4363753188609
652   244.4363753188609
653   244.4363753188609
654   244.4363753188609
655   244.4363753188609
656   244.4363753188609
657   244.4363753188609
658   244.4363753188609
659   244.4363753188609
660   244.4363753188609
661   244.4363753188609
662   244.4363753188609
663   244.4363753188609
664   244.4363753188609
665   244.4363753188609
666   244.4363753188609
667   244.4363753188609
668   244.4363753188609
669   244.4363753188609
670   244.4363753188609
671   244.4363753188609
672   244.4363753188609
673   244.4363753188609
674   244.4363753188609
675   244.4363753188609
676   244.4363753188609
677   244.4363753188609
678   244.4363753188609
679   244.4363753188609
680   244.4363753188609
681   244.4363753188609
682   244.4363753188609
683   244.4363753188609
684   244.4363753188609
685   244.4363753188609
686   244.4363753188609
687   244.4363753188609
688   244.4363753188609
689   244.4363753188609
690   244.4363753188609
691   244.4363753188609
692   244.4363753188609
693   244.4363753188609
694   244.4363753188609
695   244.4363753188609
696   244.4363753188609
697   244.4363753188609
698   244.4363753188609
699   244.4363753188609
700   244.4363753188609
701   244.4363753188609
702   244.4363753188609
703   244.4363753188609
704   244.4363753188609
705   244.4363753188609
706   244.4363753188609
707   244.4363753188609
708   244.4363753188609
709   244.4363753188609
710   244.4363753188609
711   244.4363753188609
712   244.4363753188609
713   244.4363753188609
714   244.4363753188609
715   244.4363753188609
716   244.4363753188609
717   244.4363753188609
718   244.4363753188609
719   244.4363753188609
720   244.4363753188609
721   244.4363753188609
722   244.4363753188609
723   244.4363753188609
724   244.4363753188609
725   244.4363753188609
726   244.4363753188609
727   244.4363753188609
728   244.4363753188609
729   244.4363753188609
730   244.4363753188609
731   244.4363753188609
732   244.4363753188609
733   244.4363753188609
734   244.4363753188609
735   244.4363753188609
736   244.4363753188609
737   244.4363753188609
738   244.4363753188609
739   244.4363753188609
740   244.4363753188609
741   244.4363753188609
742   244.4363753188609
743   244.4363753188609
744   244.4363753188609
745   244.4363753188609
746   244.4363753188609
747   244.4363753188609
748   244.4363753188609
749   244.4363753188609
750   244.4363753188609
751   244.4363753188609
752   244.4363753188609
753   244.4363753188609
754   244.4363753188609
755   244.4363753188609
756   244.4363753188609
757   244.4363753188609
758   244.4363753188609
759   244.4363753188609
760   244.4363753188609
761   244.4363753188609
762   244.4363753188609
763   244.4363753188609
764   244.4363753188609
765   244.4363753188609
766   244.4363753188609
767   244.4363753188609
768   244.4363753188609
769   244.4363753188609
770   244.4363753188609
771   244.4363753188609
772   244.4363753188609
773   244.4363753188609
774   244.4363753188609
775   244.4363753188609
776   244.4363753188609
777   244.4363753188609
778   244.4363753188609
779   244.4363753188609
780   244.4363753188609
781   244.4363753188609
782   244.4363753188609
783   244.4363753188609
784   244.4363753188609
785   244.4363753188609
786   244.4363753188609
787   244.4363753188609
788   244.4363753188609
789   244.4363753188609
790   244.4363753188609
791   244.4363753188609
792   244.4363753188609
793   244.4363753188609
794   244.4363753188609
795   244.4363753188609
796   244.4363753188609
797   244.4363753188609
798   244.4363753188609
799   244.4363753188609
800   244.4363753188609
801   244.4363753188609
802   244.4363753188609
803   244.4363753188609
804   244.4363753188609
805   244.4363753188609
806   244.4363753188609
807   244.4363753188609
808   244.4363753188609
809   244.4363753188609
810   244.4363753188609
811   244.4363753188609
812   244.4363753188609
813   244.4363753188609
814   244.4363753188609
815   244.4363753188609
816   244.4363753188609
817   244.4363753188609
818   244.4363753188609
819   244.4363753188609
820   244.4363753188609
821   244.4363753188609
822   244.4363753188609
823   244.4363753188609
824   244.4363753188609
825   244.4363753188609
826   244.4363753188609
827   244.4363753188609
828   244.4363753188609
829   244.4363753188609
830   244.4363753188609
831   244.4363753188609
832   244.4363753188609
833   244.4363753188609
834   244.4363753188609
835   244.4363753188609
836   244.4363753188609
837   244.4363753188609
838   244.4363753188609
839   244.4363753188609
840   244.4363753188609
841   244.4363753188609
842   244.4363753188609
843   244.4363753188609
844   244.4363753188609
845   244.4363753188609
846   244.4363753188609
847   244.4363753188609
848   244.4363753188609
849   244.4363753188609
850   244.4363753188609
851   244.4363753188609
852   244.4363753188609
853   244.4363753188609
854   244.4363753188609
855   244.4363753188609
856   244.4363753188609
857   244.4363753188609
858   244.4363753188609
859   244.4363753188609
860   244.4363753188609
861   244.4363753188609
862   244.4363753188609
863   244.4363753188609
864   244.4363753188609
865   244.4363753188609
866   244.4363753188609
867   244.4363753188609
868   244.4363753188609
869   244.4363753188609
870   244.4363753188609
871   244.4363753188609
872   244.4363753188609
873   244.4363753188609
874   244.4363753188609
875   244.4363753188609
876   244.4363753188609
877   244.4363753188609
878   244.4363753188609
879   244.4363753188609
880   244.4363753188609
881   244.4363753188609
882   244.4363753188609
883   244.4363753188609
884   244.4363753188609
885   244.4363753188609
886   244.4363753188609
887   244.4363753188609
888   244.4363753188609
889   244.4363753188609
890   244.4363753188609
891   244.4363753188609
892   244.4363753188609
893   244.4363753188609
894   244.4363753188609
895   244.4363753188609
896   244.4363753188609
897   244.4363753188609
898   244.4363753188609
899   244.4363753188609
900   244.4363753188609
901   244.4363753188609
902   244.4363753188609
903   244.4363753188609
904   244.4363753188609
905   244.4363753188609
906   244.4363753188609
907   244.4363753188609
908   244.4363753188609
909   244.4363753188609
910   244.4363753188609
911   244.4363753188609
912   244.4363753188609
913   244.4363753188609
914   244.4363753188609
915   244.4363753188609
916   244.4363753188609
917   244.4363753188609
918   244.4363753188609
919   244.4363753188609
920   244.4363753188609
921   244.4363753188609
922   244.4363753188609
923   244.4363753188609
924   244.4363753188609
925   244.4363753188609
926   244.4363753188609
927   244.4363753188609
928   244.4363753188609
929   244.4363753188609
930   244.4363753188609
931   244.4363753188609
932   244.4363753188609
933   244.4363753188609
934   244.4363753188609
935   244.4363753188609
936   244.4363753188609
937   244.4363753188609
938   244.4363753188609
939   244.4363753188609
940   244.4363753188609
941   244.4363753188609
942   244.4363753188609
943   244.4363753188609
944   244.4363753188609
945   244.4363753188609
946   244.4363753188609
947   244.4363753188609
948   244.4363753188609
949   244.4363753188609
950   244.4363753188609
951   244.4363753188609
952   244.4363753188609
953   244.4363753188609
954   244.4363753188609
955   244.4363753188609
956   244.4363753188609
957   244.4363753188609
958   244.4363753188609
959   244.4363753188609
960   244.4363753188609
961   244.4363753188609
962   244.4363753188609
963   244.4363753188609
964   244.4363753188609
965   244.4363753188609
966   244.4363753188609
967   244.4363753188609
968   244.4363753188609
969   244.4363753188609
970   244.4363753188609
971   244.4363753188609
972   244.4363753188609
973   244.4363753188609
974   244.4363753188609
975   244.4363753188609
976   244.4363753188609
977   244.4363753188609
978   244.4363753188609
979   244.4363753188609
980   244.4363753188609
981   244.4363753188609
982   244.4363753188609
983   244.4363753188609
984   244.4363753188609
985   244.4363753188609
986   244.4363753188609
987   244.4363753188609
988   244.4363753188609
989   244.4363753188609
990   244.4363753188609
991   244.4363753188609
992   244.4363753188609
993   244.4363753188609
994   244.4363753188609
995   244.4363753188609
996   244.4363753188609
997   244.4363753188609
998   244.4363753188609
999   244.4363753188609
