1   363.48056644435326
2   289.8768471629263
3   289.8768471629263
4   289.8768471629263
5   289.8768471629263
6   289.8768471629263
7   289.8768471629263
8   289.8768471629263
9   289.8768471629263
10   289.8768471629263
11   289.8768471629263
12   289.8768471629263
13   289.8768471629263
14   289.8768471629263
15   289.8768471629263
16   289.8768471629263
17   289.8768471629263
18   289.8768471629263
19   289.8768471629263
20   289.8768471629263
21   289.8768471629263
22   289.8768471629263
23   289.8768471629263
24   289.8768471629263
25   289.8768471629263
26   289.8768471629263
27   289.8768471629263
28   289.8768471629263
29   289.8768471629263
30   289.8768471629263
31   289.8768471629263
32   289.8768471629263
33   289.8768471629263
34   289.8768471629263
35   289.8768471629263
36   289.8768471629263
37   289.8768471629263
38   289.8768471629263
39   289.8768471629263
40   289.8768471629263
41   289.8768471629263
42   289.8768471629263
43   289.8768471629263
44   289.8768471629263
45   289.8768471629263
46   289.8768471629263
47   289.8768471629263
48   289.8768471629263
49   289.8768471629263
50   289.8768471629263
51   289.8768471629263
52   289.8768471629263
53   289.8768471629263
54   289.8768471629263
55   289.8768471629263
56   289.8768471629263
57   289.8768471629263
58   289.8768471629263
59   289.8768471629263
60   289.8768471629263
61   289.8768471629263
62   289.8768471629263
63   289.8768471629263
64   289.8768471629263
65   289.8768471629263
66   289.8768471629263
67   289.8768471629263
68   289.8768471629263
69   289.8768471629263
70   289.8768471629263
71   289.8768471629263
72   289.8768471629263
73   289.8768471629263
74   289.8768471629263
75   289.8768471629263
76   289.8768471629263
77   289.8768471629263
78   289.8768471629263
79   289.8768471629263
80   289.8768471629263
81   289.8768471629263
82   289.8768471629263
83   289.8768471629263
84   289.8768471629263
85   289.8768471629263
86   289.8768471629263
87   289.8768471629263
88   289.8768471629263
89   289.8768471629263
90   289.8768471629263
91   289.8768471629263
92   289.8768471629263
93   289.8768471629263
94   289.8768471629263
95   289.8768471629263
96   289.8768471629263
97   289.8768471629263
98   289.8768471629263
99   289.8768471629263
100   289.8768471629263
101   289.8768471629263
102   289.8768471629263
103   289.8768471629263
104   289.8768471629263
105   289.8768471629263
106   289.8768471629263
107   289.8768471629263
108   289.8768471629263
109   289.8768471629263
110   289.8768471629263
111   289.8768471629263
112   289.8768471629263
113   289.8768471629263
114   289.8768471629263
115   289.8768471629263
116   289.8768471629263
117   289.8768471629263
118   289.8768471629263
119   289.8768471629263
120   289.8768471629263
121   289.8768471629263
122   289.8768471629263
123   289.8768471629263
124   289.8768471629263
125   289.8768471629263
126   289.8768471629263
127   289.8768471629263
128   289.8768471629263
129   289.8768471629263
130   289.8768471629263
131   289.8768471629263
132   289.8768471629263
133   289.8768471629263
134   289.8768471629263
135   289.8768471629263
136   289.8768471629263
137   289.8768471629263
138   289.8768471629263
139   289.8768471629263
140   289.8768471629263
141   289.8768471629263
142   289.8768471629263
143   289.8768471629263
144   289.8768471629263
145   289.8768471629263
146   289.8768471629263
147   289.8768471629263
148   289.8768471629263
149   289.8768471629263
150   289.8768471629263
151   289.8768471629263
152   289.8768471629263
153   289.8768471629263
154   289.8768471629263
155   289.8768471629263
156   289.8768471629263
157   289.8768471629263
158   289.8768471629263
159   289.8768471629263
160   289.8768471629263
161   289.8768471629263
162   289.8768471629263
163   289.8768471629263
164   289.8768471629263
165   289.8768471629263
166   289.8768471629263
167   289.8768471629263
168   289.8768471629263
169   289.8768471629263
170   289.8768471629263
171   289.8768471629263
172   289.8768471629263
173   289.8768471629263
174   289.8768471629263
175   289.8768471629263
176   289.8768471629263
177   289.8768471629263
178   289.8768471629263
179   289.8768471629263
180   289.8768471629263
181   289.8768471629263
182   289.8768471629263
183   289.8768471629263
184   289.8768471629263
185   289.8768471629263
186   289.8768471629263
187   289.8768471629263
188   289.8768471629263
189   289.8768471629263
190   289.8768471629263
191   289.8768471629263
192   289.8768471629263
193   289.8768471629263
194   289.8768471629263
195   289.8768471629263
196   289.8768471629263
197   289.8768471629263
198   289.8768471629263
199   289.8768471629263
200   289.8768471629263
201   289.8768471629263
202   289.8768471629263
203   289.8768471629263
204   289.8768471629263
205   289.8768471629263
206   289.8768471629263
207   289.8768471629263
208   289.8768471629263
209   289.8768471629263
210   289.8768471629263
211   289.8768471629263
212   289.8768471629263
213   289.8768471629263
214   289.8768471629263
215   289.8768471629263
216   289.8768471629263
217   289.8768471629263
218   289.8768471629263
219   289.8768471629263
220   289.8768471629263
221   289.8768471629263
222   289.8768471629263
223   289.8768471629263
224   289.8768471629263
225   289.8768471629263
226   289.8768471629263
227   289.8768471629263
228   289.8768471629263
229   289.8768471629263
230   289.8768471629263
231   289.8768471629263
232   289.8768471629263
233   289.8768471629263
234   289.8768471629263
235   289.8768471629263
236   289.8768471629263
237   289.8768471629263
238   289.8768471629263
239   289.8768471629263
240   289.8768471629263
241   289.8768471629263
242   289.8768471629263
243   289.8768471629263
244   289.8768471629263
245   289.8768471629263
246   289.8768471629263
247   289.8768471629263
248   289.8768471629263
249   289.8768471629263
250   289.8768471629263
251   289.8768471629263
252   289.8768471629263
253   289.8768471629263
254   289.8768471629263
255   289.8768471629263
256   289.8768471629263
257   289.8768471629263
258   289.8768471629263
259   289.8768471629263
260   289.8768471629263
261   289.8768471629263
262   289.8768471629263
263   289.8768471629263
264   289.8768471629263
265   289.8768471629263
266   289.8768471629263
267   289.8768471629263
268   289.8768471629263
269   289.8768471629263
270   289.8768471629263
271   289.8768471629263
272   289.8768471629263
273   289.8768471629263
274   289.8768471629263
275   289.8768471629263
276   289.8768471629263
277   289.8768471629263
278   289.8768471629263
279   289.8768471629263
280   289.8768471629263
281   289.8768471629263
282   289.8768471629263
283   289.8768471629263
284   289.8768471629263
285   289.8768471629263
286   289.8768471629263
287   289.8768471629263
288   289.8768471629263
289   289.8768471629263
290   289.8768471629263
291   289.8768471629263
292   289.8768471629263
293   289.8768471629263
294   289.8768471629263
295   289.8768471629263
296   289.8768471629263
297   289.8768471629263
298   289.8768471629263
299   289.8768471629263
300   289.8768471629263
301   289.8768471629263
302   289.8768471629263
303   289.8768471629263
304   289.8768471629263
305   289.8768471629263
306   289.8768471629263
307   289.8768471629263
308   289.8768471629263
309   289.8768471629263
310   289.8768471629263
311   289.8768471629263
312   289.8768471629263
313   289.8768471629263
314   289.8768471629263
315   289.8768471629263
316   289.8768471629263
317   289.8768471629263
318   289.8768471629263
319   289.8768471629263
320   289.8768471629263
321   289.8768471629263
322   289.8768471629263
323   289.8768471629263
324   289.8768471629263
325   289.8768471629263
326   289.8768471629263
327   289.8768471629263
328   289.8768471629263
329   289.8768471629263
330   289.8768471629263
331   289.8768471629263
332   289.8768471629263
333   289.8768471629263
334   289.8768471629263
335   289.8768471629263
336   289.8768471629263
337   289.8768471629263
338   289.8768471629263
339   289.8768471629263
340   289.8768471629263
341   289.8768471629263
342   289.8768471629263
343   289.8768471629263
344   289.8768471629263
345   289.8768471629263
346   289.8768471629263
347   289.8768471629263
348   289.8768471629263
349   289.8768471629263
350   289.8768471629263
351   289.8768471629263
352   289.8768471629263
353   289.8768471629263
354   289.8768471629263
355   289.8768471629263
356   289.8768471629263
357   289.8768471629263
358   289.8768471629263
359   289.8768471629263
360   289.8768471629263
361   289.8768471629263
362   289.8768471629263
363   289.8768471629263
364   289.8768471629263
365   289.8768471629263
366   289.8768471629263
367   289.8768471629263
368   289.8768471629263
369   289.8768471629263
370   289.8768471629263
371   289.8768471629263
372   289.8768471629263
373   289.8768471629263
374   289.8768471629263
375   289.8768471629263
376   289.8768471629263
377   289.8768471629263
378   289.8768471629263
379   289.8768471629263
380   289.8768471629263
381   289.8768471629263
382   289.8768471629263
383   289.8768471629263
384   289.8768471629263
385   289.8768471629263
386   289.8768471629263
387   289.8768471629263
388   289.8768471629263
389   289.8768471629263
390   289.8768471629263
391   289.8768471629263
392   289.8768471629263
393   289.8768471629263
394   289.8768471629263
395   289.8768471629263
396   289.8768471629263
397   289.8768471629263
398   289.8768471629263
399   289.8768471629263
400   289.8768471629263
401   289.8768471629263
402   289.8768471629263
403   289.8768471629263
404   289.8768471629263
405   289.8768471629263
406   289.8768471629263
407   289.8768471629263
408   289.8768471629263
409   289.8768471629263
410   289.8768471629263
411   289.8768471629263
412   289.8768471629263
413   289.8768471629263
414   289.8768471629263
415   289.8768471629263
416   289.8768471629263
417   289.8768471629263
418   289.8768471629263
419   289.8768471629263
420   289.8768471629263
421   289.8768471629263
422   289.8768471629263
423   289.8768471629263
424   289.8768471629263
425   289.8768471629263
426   289.8768471629263
427   289.8768471629263
428   289.8768471629263
429   289.8768471629263
430   289.8768471629263
431   289.8768471629263
432   289.8768471629263
433   289.8768471629263
434   289.8768471629263
435   289.8768471629263
436   289.8768471629263
437   289.8768471629263
438   289.8768471629263
439   289.8768471629263
440   289.8768471629263
441   289.8768471629263
442   289.8768471629263
443   289.8768471629263
444   289.8768471629263
445   289.8768471629263
446   289.8768471629263
447   289.8768471629263
448   289.8768471629263
449   289.8768471629263
450   289.8768471629263
451   289.8768471629263
452   289.8768471629263
453   289.8768471629263
454   289.8768471629263
455   289.8768471629263
456   289.8768471629263
457   289.8768471629263
458   289.8768471629263
459   289.8768471629263
460   289.8768471629263
461   289.8768471629263
462   289.8768471629263
463   289.8768471629263
464   289.8768471629263
465   289.8768471629263
466   289.8768471629263
467   289.8768471629263
468   289.8768471629263
469   289.8768471629263
470   289.8768471629263
471   289.8768471629263
472   289.8768471629263
473   289.8768471629263
474   289.8768471629263
475   289.8768471629263
476   289.8768471629263
477   289.8768471629263
478   289.8768471629263
479   289.8768471629263
480   289.8768471629263
481   289.8768471629263
482   289.8768471629263
483   289.8768471629263
484   289.8768471629263
485   289.8768471629263
486   289.8768471629263
487   289.8768471629263
488   289.8768471629263
489   289.8768471629263
490   289.8768471629263
491   289.8768471629263
492   289.8768471629263
493   289.8768471629263
494   289.8768471629263
495   289.8768471629263
496   289.8768471629263
497   289.8768471629263
498   289.8768471629263
499   289.8768471629263
500   289.8768471629263
501   289.8768471629263
502   289.8768471629263
503   289.8768471629263
504   289.8768471629263
505   289.8768471629263
506   289.8768471629263
507   289.8768471629263
508   289.8768471629263
509   289.8768471629263
510   289.8768471629263
511   289.8768471629263
512   289.8768471629263
513   289.8768471629263
514   289.8768471629263
515   289.8768471629263
516   289.8768471629263
517   289.8768471629263
518   289.8768471629263
519   289.8768471629263
520   289.8768471629263
521   289.8768471629263
522   289.8768471629263
523   289.8768471629263
524   289.8768471629263
525   289.8768471629263
526   289.8768471629263
527   289.8768471629263
528   289.8768471629263
529   289.8768471629263
530   289.8768471629263
531   289.8768471629263
532   289.8768471629263
533   289.8768471629263
534   289.8768471629263
535   289.8768471629263
536   289.8768471629263
537   289.8768471629263
538   289.8768471629263
539   289.8768471629263
540   289.8768471629263
541   289.8768471629263
542   289.8768471629263
543   289.8768471629263
544   289.8768471629263
545   289.8768471629263
546   289.8768471629263
547   289.8768471629263
548   289.8768471629263
549   289.8768471629263
550   289.8768471629263
551   289.8768471629263
552   289.8768471629263
553   289.8768471629263
554   289.8768471629263
555   289.8768471629263
556   289.8768471629263
557   289.8768471629263
558   289.8768471629263
559   289.8768471629263
560   289.8768471629263
561   289.8768471629263
562   289.8768471629263
563   289.8768471629263
564   289.8768471629263
565   289.8768471629263
566   289.8768471629263
567   289.8768471629263
568   289.8768471629263
569   289.8768471629263
570   289.8768471629263
571   289.8768471629263
572   289.8768471629263
573   289.8768471629263
574   289.8768471629263
575   289.8768471629263
576   289.8768471629263
577   289.8768471629263
578   289.8768471629263
579   289.8768471629263
580   289.8768471629263
581   289.8768471629263
582   289.8768471629263
583   289.8768471629263
584   289.8768471629263
585   289.8768471629263
586   289.8768471629263
587   289.8768471629263
588   289.8768471629263
589   289.8768471629263
590   289.8768471629263
591   289.8768471629263
592   289.8768471629263
593   289.8768471629263
594   289.8768471629263
595   289.8768471629263
596   289.8768471629263
597   289.8768471629263
598   289.8768471629263
599   289.8768471629263
600   289.8768471629263
601   289.8768471629263
602   289.8768471629263
603   289.8768471629263
604   289.8768471629263
605   289.8768471629263
606   289.8768471629263
607   289.8768471629263
608   289.8768471629263
609   289.8768471629263
610   289.8768471629263
611   289.8768471629263
612   289.8768471629263
613   289.8768471629263
614   289.8768471629263
615   289.8768471629263
616   289.8768471629263
617   289.8768471629263
618   289.8768471629263
619   289.8768471629263
620   289.8768471629263
621   289.8768471629263
622   289.8768471629263
623   289.8768471629263
624   289.8768471629263
625   289.8768471629263
626   289.8768471629263
627   289.8768471629263
628   289.8768471629263
629   289.8768471629263
630   289.8768471629263
631   289.8768471629263
632   289.8768471629263
633   289.8768471629263
634   289.8768471629263
635   289.8768471629263
636   289.8768471629263
637   289.8768471629263
638   289.8768471629263
639   289.8768471629263
640   289.8768471629263
641   289.8768471629263
642   289.8768471629263
643   289.8768471629263
644   289.8768471629263
645   289.8768471629263
646   289.8768471629263
647   289.8768471629263
648   289.8768471629263
649   289.8768471629263
650   289.8768471629263
651   289.8768471629263
652   289.8768471629263
653   289.8768471629263
654   289.8768471629263
655   289.8768471629263
656   289.8768471629263
657   289.8768471629263
658   289.8768471629263
659   289.8768471629263
660   289.8768471629263
661   289.8768471629263
662   289.8768471629263
663   289.8768471629263
664   289.8768471629263
665   289.8768471629263
666   289.8768471629263
667   289.8768471629263
668   289.8768471629263
669   289.8768471629263
670   289.8768471629263
671   289.8768471629263
672   289.8768471629263
673   289.8768471629263
674   289.8768471629263
675   289.8768471629263
676   289.8768471629263
677   289.8768471629263
678   289.8768471629263
679   289.8768471629263
680   289.8768471629263
681   289.8768471629263
682   289.8768471629263
683   289.8768471629263
684   289.8768471629263
685   289.8768471629263
686   289.8768471629263
687   289.8768471629263
688   289.8768471629263
689   289.8768471629263
690   289.8768471629263
691   289.8768471629263
692   289.8768471629263
693   289.8768471629263
694   289.8768471629263
695   289.8768471629263
696   289.8768471629263
697   289.8768471629263
698   289.8768471629263
699   289.8768471629263
700   289.8768471629263
701   289.8768471629263
702   289.8768471629263
703   289.8768471629263
704   289.8768471629263
705   289.8768471629263
706   289.8768471629263
707   289.8768471629263
708   289.8768471629263
709   289.8768471629263
710   289.8768471629263
711   289.8768471629263
712   289.8768471629263
713   289.8768471629263
714   289.8768471629263
715   289.8768471629263
716   289.8768471629263
717   289.8768471629263
718   289.8768471629263
719   289.8768471629263
720   289.8768471629263
721   289.8768471629263
722   289.8768471629263
723   289.8768471629263
724   289.8768471629263
725   289.8768471629263
726   289.8768471629263
727   289.8768471629263
728   289.8768471629263
729   289.8768471629263
730   289.8768471629263
731   289.8768471629263
732   289.8768471629263
733   289.8768471629263
734   289.8768471629263
735   289.8768471629263
736   289.8768471629263
737   289.8768471629263
738   289.8768471629263
739   289.8768471629263
740   289.8768471629263
741   289.8768471629263
742   289.8768471629263
743   289.8768471629263
744   289.8768471629263
745   289.8768471629263
746   289.8768471629263
747   289.8768471629263
748   289.8768471629263
749   289.8768471629263
750   289.8768471629263
751   289.8768471629263
752   289.8768471629263
753   289.8768471629263
754   289.8768471629263
755   289.8768471629263
756   289.8768471629263
757   289.8768471629263
758   289.8768471629263
759   289.8768471629263
760   289.8768471629263
761   289.8768471629263
762   289.8768471629263
763   289.8768471629263
764   289.8768471629263
765   289.8768471629263
766   289.8768471629263
767   289.8768471629263
768   289.8768471629263
769   289.8768471629263
770   289.8768471629263
771   289.8768471629263
772   289.8768471629263
773   289.8768471629263
774   289.8768471629263
775   289.8768471629263
776   289.8768471629263
777   289.8768471629263
778   289.8768471629263
779   289.8768471629263
780   289.8768471629263
781   289.8768471629263
782   289.8768471629263
783   289.8768471629263
784   289.8768471629263
785   289.8768471629263
786   289.8768471629263
787   289.8768471629263
788   289.8768471629263
789   289.8768471629263
790   289.8768471629263
791   289.8768471629263
792   289.8768471629263
793   289.8768471629263
794   289.8768471629263
795   289.8768471629263
796   289.8768471629263
797   289.8768471629263
798   289.8768471629263
799   289.8768471629263
800   289.8768471629263
801   289.8768471629263
802   289.8768471629263
803   289.8768471629263
804   289.8768471629263
805   289.8768471629263
806   289.8768471629263
807   289.8768471629263
808   289.8768471629263
809   289.8768471629263
810   289.8768471629263
811   289.8768471629263
812   289.8768471629263
813   289.8768471629263
814   289.8768471629263
815   289.8768471629263
816   289.8768471629263
817   289.8768471629263
818   289.8768471629263
819   289.8768471629263
820   289.8768471629263
821   289.8768471629263
822   289.8768471629263
823   289.8768471629263
824   289.8768471629263
825   289.8768471629263
826   289.8768471629263
827   289.8768471629263
828   289.8768471629263
829   289.8768471629263
830   289.8768471629263
831   289.8768471629263
832   289.8768471629263
833   289.8768471629263
834   289.8768471629263
835   289.8768471629263
836   289.8768471629263
837   289.8768471629263
838   289.8768471629263
839   289.8768471629263
840   289.8768471629263
841   289.8768471629263
842   289.8768471629263
843   289.8768471629263
844   289.8768471629263
845   289.8768471629263
846   289.8768471629263
847   289.8768471629263
848   289.8768471629263
849   289.8768471629263
850   289.8768471629263
851   289.8768471629263
852   289.8768471629263
853   289.8768471629263
854   289.8768471629263
855   289.8768471629263
856   289.8768471629263
857   289.8768471629263
858   289.8768471629263
859   289.8768471629263
860   289.8768471629263
861   289.8768471629263
862   289.8768471629263
863   289.8768471629263
864   289.8768471629263
865   289.8768471629263
866   289.8768471629263
867   289.8768471629263
868   289.8768471629263
869   289.8768471629263
870   289.8768471629263
871   289.8768471629263
872   289.8768471629263
873   289.8768471629263
874   289.8768471629263
875   289.8768471629263
876   289.8768471629263
877   289.8768471629263
878   289.8768471629263
879   289.8768471629263
880   289.8768471629263
881   289.8768471629263
882   289.8768471629263
883   289.8768471629263
884   289.8768471629263
885   289.8768471629263
886   289.8768471629263
887   289.8768471629263
888   289.8768471629263
889   289.8768471629263
890   289.8768471629263
891   289.8768471629263
892   289.8768471629263
893   289.8768471629263
894   289.8768471629263
895   289.8768471629263
896   289.8768471629263
897   289.8768471629263
898   289.8768471629263
899   289.8768471629263
900   289.8768471629263
901   289.8768471629263
902   289.8768471629263
903   289.8768471629263
904   289.8768471629263
905   289.8768471629263
906   289.8768471629263
907   289.8768471629263
908   289.8768471629263
909   289.8768471629263
910   289.8768471629263
911   289.8768471629263
912   289.8768471629263
913   289.8768471629263
914   289.8768471629263
915   289.8768471629263
916   289.8768471629263
917   289.8768471629263
918   289.8768471629263
919   289.8768471629263
920   289.8768471629263
921   289.8768471629263
922   289.8768471629263
923   289.8768471629263
924   289.8768471629263
925   289.8768471629263
926   289.8768471629263
927   289.8768471629263
928   289.8768471629263
929   289.8768471629263
930   289.8768471629263
931   289.8768471629263
932   289.8768471629263
933   289.8768471629263
934   289.8768471629263
935   289.8768471629263
936   289.8768471629263
937   289.8768471629263
938   289.8768471629263
939   289.8768471629263
940   289.8768471629263
941   289.8768471629263
942   289.8768471629263
943   289.8768471629263
944   289.8768471629263
945   289.8768471629263
946   289.8768471629263
947   289.8768471629263
948   289.8768471629263
949   289.8768471629263
950   289.8768471629263
951   289.8768471629263
952   289.8768471629263
953   289.8768471629263
954   289.8768471629263
955   289.8768471629263
956   289.8768471629263
957   289.8768471629263
958   289.8768471629263
959   289.8768471629263
960   289.8768471629263
961   289.8768471629263
962   289.8768471629263
963   289.8768471629263
964   289.8768471629263
965   289.8768471629263
966   289.8768471629263
967   289.8768471629263
968   289.8768471629263
969   289.8768471629263
970   289.8768471629263
971   289.8768471629263
972   289.8768471629263
973   289.8768471629263
974   289.8768471629263
975   289.8768471629263
976   289.8768471629263
977   289.8768471629263
978   289.8768471629263
979   289.8768471629263
980   289.8768471629263
981   289.8768471629263
982   289.8768471629263
983   289.8768471629263
984   289.8768471629263
985   289.8768471629263
986   289.8768471629263
987   289.8768471629263
988   289.8768471629263
989   289.8768471629263
990   289.8768471629263
991   289.8768471629263
992   289.8768471629263
993   289.8768471629263
994   289.8768471629263
995   289.8768471629263
996   289.8768471629263
997   289.8768471629263
998   289.8768471629263
999   289.8768471629263
