1   303.7074051462758
2   303.7074051462758
3   303.7074051462758
4   303.7074051462758
5   303.7074051462758
6   303.7074051462758
7   303.7074051462758
8   303.7074051462758
9   280.801290119688
10   280.801290119688
11   280.801290119688
12   280.801290119688
13   280.801290119688
14   280.801290119688
15   280.801290119688
16   280.801290119688
17   280.801290119688
18   280.801290119688
19   280.801290119688
20   280.801290119688
21   280.801290119688
22   280.801290119688
23   280.801290119688
24   280.801290119688
25   280.801290119688
26   280.801290119688
27   280.801290119688
28   280.801290119688
29   280.801290119688
30   280.801290119688
31   280.801290119688
32   280.801290119688
33   280.801290119688
34   280.801290119688
35   280.801290119688
36   280.801290119688
37   280.801290119688
38   280.801290119688
39   280.801290119688
40   280.801290119688
41   280.801290119688
42   280.801290119688
43   280.801290119688
44   280.801290119688
45   280.801290119688
46   280.801290119688
47   280.801290119688
48   280.801290119688
49   280.801290119688
50   280.801290119688
51   280.801290119688
52   280.801290119688
53   280.801290119688
54   280.801290119688
55   280.801290119688
56   280.801290119688
57   280.801290119688
58   280.801290119688
59   280.801290119688
60   280.801290119688
61   280.801290119688
62   280.801290119688
63   280.801290119688
64   280.801290119688
65   280.801290119688
66   280.801290119688
67   280.801290119688
68   280.801290119688
69   280.801290119688
70   280.801290119688
71   280.801290119688
72   280.801290119688
73   280.801290119688
74   280.801290119688
75   280.801290119688
76   280.801290119688
77   280.801290119688
78   280.801290119688
79   280.801290119688
80   280.801290119688
81   280.801290119688
82   280.801290119688
83   280.801290119688
84   280.801290119688
85   280.801290119688
86   280.801290119688
87   280.801290119688
88   280.801290119688
89   280.801290119688
90   280.801290119688
91   280.801290119688
92   280.801290119688
93   280.801290119688
94   280.801290119688
95   280.801290119688
96   280.801290119688
97   280.801290119688
98   280.801290119688
99   280.801290119688
100   280.801290119688
101   280.801290119688
102   280.801290119688
103   280.801290119688
104   280.801290119688
105   280.801290119688
106   280.801290119688
107   280.801290119688
108   280.801290119688
109   280.801290119688
110   280.801290119688
111   280.801290119688
112   280.801290119688
113   280.801290119688
114   280.801290119688
115   280.801290119688
116   280.801290119688
117   280.801290119688
118   280.801290119688
119   280.801290119688
120   280.801290119688
121   280.801290119688
122   280.801290119688
123   280.801290119688
124   280.801290119688
125   280.801290119688
126   280.801290119688
127   280.801290119688
128   280.801290119688
129   280.801290119688
130   280.801290119688
131   280.801290119688
132   280.801290119688
133   280.801290119688
134   280.801290119688
135   280.801290119688
136   280.801290119688
137   280.801290119688
138   280.801290119688
139   280.801290119688
140   280.801290119688
141   280.801290119688
142   280.801290119688
143   280.801290119688
144   280.801290119688
145   280.801290119688
146   280.801290119688
147   280.801290119688
148   280.801290119688
149   280.801290119688
150   280.801290119688
151   280.801290119688
152   280.801290119688
153   280.801290119688
154   280.801290119688
155   280.801290119688
156   280.801290119688
157   280.801290119688
158   280.801290119688
159   280.801290119688
160   280.801290119688
161   280.801290119688
162   280.801290119688
163   280.801290119688
164   280.801290119688
165   280.801290119688
166   280.801290119688
167   280.801290119688
168   280.801290119688
169   280.801290119688
170   280.801290119688
171   280.801290119688
172   280.801290119688
173   280.801290119688
174   280.801290119688
175   280.801290119688
176   280.801290119688
177   280.801290119688
178   280.801290119688
179   280.801290119688
180   280.801290119688
181   280.801290119688
182   280.801290119688
183   280.801290119688
184   280.801290119688
185   280.801290119688
186   280.801290119688
187   280.801290119688
188   280.801290119688
189   280.801290119688
190   280.801290119688
191   280.801290119688
192   280.801290119688
193   280.801290119688
194   280.801290119688
195   280.801290119688
196   280.801290119688
197   280.801290119688
198   280.801290119688
199   280.801290119688
200   280.801290119688
201   280.801290119688
202   280.801290119688
203   280.801290119688
204   280.801290119688
205   280.801290119688
206   280.801290119688
207   280.801290119688
208   280.801290119688
209   280.801290119688
210   280.801290119688
211   280.801290119688
212   280.801290119688
213   280.801290119688
214   280.801290119688
215   280.801290119688
216   280.801290119688
217   280.801290119688
218   280.801290119688
219   280.801290119688
220   280.801290119688
221   280.801290119688
222   280.801290119688
223   280.801290119688
224   280.801290119688
225   280.801290119688
226   280.801290119688
227   280.801290119688
228   280.801290119688
229   280.801290119688
230   280.801290119688
231   280.801290119688
232   280.801290119688
233   280.801290119688
234   280.801290119688
235   280.801290119688
236   280.801290119688
237   280.801290119688
238   280.801290119688
239   280.801290119688
240   280.801290119688
241   280.801290119688
242   280.801290119688
243   280.801290119688
244   280.801290119688
245   280.801290119688
246   280.801290119688
247   280.801290119688
248   280.801290119688
249   280.801290119688
250   280.801290119688
251   280.801290119688
252   280.801290119688
253   280.801290119688
254   280.801290119688
255   280.801290119688
256   280.801290119688
257   280.801290119688
258   280.801290119688
259   280.801290119688
260   280.801290119688
261   280.801290119688
262   280.801290119688
263   280.801290119688
264   280.801290119688
265   280.801290119688
266   280.801290119688
267   280.801290119688
268   280.801290119688
269   280.801290119688
270   280.801290119688
271   280.801290119688
272   280.801290119688
273   280.801290119688
274   280.801290119688
275   280.801290119688
276   280.801290119688
277   280.801290119688
278   280.801290119688
279   280.801290119688
280   280.801290119688
281   280.801290119688
282   280.801290119688
283   280.801290119688
284   280.801290119688
285   280.801290119688
286   280.801290119688
287   280.801290119688
288   280.801290119688
289   280.801290119688
290   280.801290119688
291   280.801290119688
292   280.801290119688
293   280.801290119688
294   280.801290119688
295   280.801290119688
296   280.801290119688
297   280.801290119688
298   280.801290119688
299   280.801290119688
300   280.801290119688
301   280.801290119688
302   280.801290119688
303   280.801290119688
304   280.801290119688
305   280.801290119688
306   280.801290119688
307   280.801290119688
308   280.801290119688
309   280.801290119688
310   280.801290119688
311   280.801290119688
312   280.801290119688
313   280.801290119688
314   280.801290119688
315   280.801290119688
316   280.801290119688
317   280.801290119688
318   280.801290119688
319   280.801290119688
320   280.801290119688
321   280.801290119688
322   280.801290119688
323   280.801290119688
324   280.801290119688
325   280.801290119688
326   280.801290119688
327   280.801290119688
328   280.801290119688
329   280.801290119688
330   280.801290119688
331   280.801290119688
332   280.801290119688
333   280.801290119688
334   280.801290119688
335   280.801290119688
336   280.801290119688
337   280.801290119688
338   280.801290119688
339   280.801290119688
340   280.801290119688
341   280.801290119688
342   280.801290119688
343   280.801290119688
344   280.801290119688
345   280.801290119688
346   280.801290119688
347   280.801290119688
348   280.801290119688
349   280.801290119688
350   280.801290119688
351   280.801290119688
352   280.801290119688
353   280.801290119688
354   280.801290119688
355   280.801290119688
356   280.801290119688
357   280.801290119688
358   280.801290119688
359   280.801290119688
360   280.801290119688
361   280.801290119688
362   280.801290119688
363   280.801290119688
364   280.801290119688
365   280.801290119688
366   280.801290119688
367   280.801290119688
368   280.801290119688
369   280.801290119688
370   280.801290119688
371   280.801290119688
372   280.801290119688
373   280.801290119688
374   280.801290119688
375   280.801290119688
376   280.801290119688
377   280.801290119688
378   280.801290119688
379   280.801290119688
380   280.801290119688
381   280.801290119688
382   280.801290119688
383   280.801290119688
384   280.801290119688
385   280.801290119688
386   280.801290119688
387   280.801290119688
388   280.801290119688
389   280.801290119688
390   280.801290119688
391   280.801290119688
392   280.801290119688
393   280.801290119688
394   280.801290119688
395   280.801290119688
396   280.801290119688
397   280.801290119688
398   280.801290119688
399   280.801290119688
400   280.801290119688
401   280.801290119688
402   280.801290119688
403   280.801290119688
404   280.801290119688
405   280.801290119688
406   280.801290119688
407   280.801290119688
408   280.801290119688
409   280.801290119688
410   280.801290119688
411   280.801290119688
412   280.801290119688
413   280.801290119688
414   280.801290119688
415   280.801290119688
416   280.801290119688
417   280.801290119688
418   280.801290119688
419   280.801290119688
420   280.801290119688
421   280.801290119688
422   280.801290119688
423   280.801290119688
424   280.801290119688
425   280.801290119688
426   280.801290119688
427   280.801290119688
428   280.801290119688
429   280.801290119688
430   280.801290119688
431   280.801290119688
432   280.801290119688
433   280.801290119688
434   280.801290119688
435   280.801290119688
436   280.801290119688
437   280.801290119688
438   280.801290119688
439   280.801290119688
440   280.801290119688
441   280.801290119688
442   280.801290119688
443   280.801290119688
444   280.801290119688
445   280.801290119688
446   280.801290119688
447   280.801290119688
448   280.801290119688
449   280.801290119688
450   280.801290119688
451   280.801290119688
452   280.801290119688
453   280.801290119688
454   280.801290119688
455   280.801290119688
456   280.801290119688
457   280.801290119688
458   280.801290119688
459   280.801290119688
460   280.801290119688
461   280.801290119688
462   280.801290119688
463   280.801290119688
464   280.801290119688
465   280.801290119688
466   280.801290119688
467   280.801290119688
468   280.801290119688
469   280.801290119688
470   280.801290119688
471   280.801290119688
472   280.801290119688
473   280.801290119688
474   280.801290119688
475   280.801290119688
476   280.801290119688
477   280.801290119688
478   280.801290119688
479   280.801290119688
480   280.801290119688
481   280.801290119688
482   280.801290119688
483   280.801290119688
484   280.801290119688
485   280.801290119688
486   280.801290119688
487   280.801290119688
488   280.801290119688
489   280.801290119688
490   280.801290119688
491   280.801290119688
492   280.801290119688
493   280.801290119688
494   280.801290119688
495   280.801290119688
496   280.801290119688
497   280.801290119688
498   280.801290119688
499   280.801290119688
500   280.801290119688
501   280.801290119688
502   280.801290119688
503   280.801290119688
504   280.801290119688
505   280.801290119688
506   280.801290119688
507   280.801290119688
508   280.801290119688
509   280.801290119688
510   280.801290119688
511   280.801290119688
512   280.801290119688
513   280.801290119688
514   280.801290119688
515   280.801290119688
516   280.801290119688
517   280.801290119688
518   280.801290119688
519   280.801290119688
520   280.801290119688
521   280.801290119688
522   280.801290119688
523   280.801290119688
524   280.801290119688
525   280.801290119688
526   280.801290119688
527   280.801290119688
528   280.801290119688
529   280.801290119688
530   280.801290119688
531   280.801290119688
532   280.801290119688
533   280.801290119688
534   280.801290119688
535   280.801290119688
536   280.801290119688
537   280.801290119688
538   280.801290119688
539   280.801290119688
540   280.801290119688
541   280.801290119688
542   280.801290119688
543   280.801290119688
544   280.801290119688
545   280.801290119688
546   280.801290119688
547   280.801290119688
548   280.801290119688
549   280.801290119688
550   280.801290119688
551   280.801290119688
552   280.801290119688
553   280.801290119688
554   280.801290119688
555   280.801290119688
556   280.801290119688
557   280.801290119688
558   280.801290119688
559   280.801290119688
560   280.801290119688
561   280.801290119688
562   280.801290119688
563   280.801290119688
564   280.801290119688
565   280.801290119688
566   280.801290119688
567   280.801290119688
568   280.801290119688
569   280.801290119688
570   280.801290119688
571   280.801290119688
572   280.801290119688
573   280.801290119688
574   280.801290119688
575   280.801290119688
576   280.801290119688
577   280.801290119688
578   280.801290119688
579   280.801290119688
580   280.801290119688
581   280.801290119688
582   280.801290119688
583   280.801290119688
584   280.801290119688
585   280.801290119688
586   280.801290119688
587   280.801290119688
588   280.801290119688
589   280.801290119688
590   280.801290119688
591   280.801290119688
592   280.801290119688
593   280.801290119688
594   280.801290119688
595   280.801290119688
596   280.801290119688
597   280.801290119688
598   280.801290119688
599   280.801290119688
600   280.801290119688
601   280.801290119688
602   280.801290119688
603   280.801290119688
604   280.801290119688
605   280.801290119688
606   280.801290119688
607   280.801290119688
608   280.801290119688
609   280.801290119688
610   280.801290119688
611   280.801290119688
612   280.801290119688
613   280.801290119688
614   280.801290119688
615   280.801290119688
616   280.801290119688
617   280.801290119688
618   280.801290119688
619   280.801290119688
620   280.801290119688
621   280.801290119688
622   280.801290119688
623   280.801290119688
624   280.801290119688
625   280.801290119688
626   280.801290119688
627   280.801290119688
628   280.801290119688
629   280.801290119688
630   280.801290119688
631   280.801290119688
632   280.801290119688
633   280.801290119688
634   280.801290119688
635   280.801290119688
636   280.801290119688
637   280.801290119688
638   280.801290119688
639   280.801290119688
640   280.801290119688
641   280.801290119688
642   280.801290119688
643   280.801290119688
644   280.801290119688
645   280.801290119688
646   280.801290119688
647   280.801290119688
648   280.801290119688
649   280.801290119688
650   280.801290119688
651   280.801290119688
652   280.801290119688
653   280.801290119688
654   280.801290119688
655   280.801290119688
656   280.801290119688
657   280.801290119688
658   280.801290119688
659   280.801290119688
660   280.801290119688
661   280.801290119688
662   280.801290119688
663   280.801290119688
664   280.801290119688
665   280.801290119688
666   280.801290119688
667   280.801290119688
668   280.801290119688
669   280.801290119688
670   280.801290119688
671   280.801290119688
672   280.801290119688
673   280.801290119688
674   280.801290119688
675   280.801290119688
676   280.801290119688
677   280.801290119688
678   280.801290119688
679   280.801290119688
680   280.801290119688
681   280.801290119688
682   280.801290119688
683   280.801290119688
684   280.801290119688
685   280.801290119688
686   280.801290119688
687   280.801290119688
688   280.801290119688
689   280.801290119688
690   280.801290119688
691   280.801290119688
692   280.801290119688
693   280.801290119688
694   280.801290119688
695   280.801290119688
696   280.801290119688
697   280.801290119688
698   280.801290119688
699   280.801290119688
700   280.801290119688
701   280.801290119688
702   280.801290119688
703   280.801290119688
704   280.801290119688
705   280.801290119688
706   280.801290119688
707   280.801290119688
708   280.801290119688
709   280.801290119688
710   280.801290119688
711   280.801290119688
712   280.801290119688
713   280.801290119688
714   280.801290119688
715   280.801290119688
716   280.801290119688
717   280.801290119688
718   280.801290119688
719   280.801290119688
720   280.801290119688
721   280.801290119688
722   280.801290119688
723   280.801290119688
724   280.801290119688
725   280.801290119688
726   280.801290119688
727   280.801290119688
728   280.801290119688
729   280.801290119688
730   280.801290119688
731   280.801290119688
732   280.801290119688
733   280.801290119688
734   280.801290119688
735   280.801290119688
736   280.801290119688
737   280.801290119688
738   280.801290119688
739   280.801290119688
740   280.801290119688
741   280.801290119688
742   280.801290119688
743   280.801290119688
744   280.801290119688
745   280.801290119688
746   280.801290119688
747   280.801290119688
748   280.801290119688
749   280.801290119688
750   280.801290119688
751   280.801290119688
752   280.801290119688
753   280.801290119688
754   280.801290119688
755   280.801290119688
756   280.801290119688
757   280.801290119688
758   280.801290119688
759   280.801290119688
760   280.801290119688
761   280.801290119688
762   280.801290119688
763   280.801290119688
764   280.801290119688
765   280.801290119688
766   280.801290119688
767   280.801290119688
768   280.801290119688
769   280.801290119688
770   280.801290119688
771   280.801290119688
772   280.801290119688
773   280.801290119688
774   280.801290119688
775   280.801290119688
776   280.801290119688
777   280.801290119688
778   280.801290119688
779   280.801290119688
780   280.801290119688
781   280.801290119688
782   280.801290119688
783   280.801290119688
784   280.801290119688
785   280.801290119688
786   280.801290119688
787   280.801290119688
788   280.801290119688
789   280.801290119688
790   280.801290119688
791   280.801290119688
792   280.801290119688
793   280.801290119688
794   280.801290119688
795   280.801290119688
796   280.801290119688
797   280.801290119688
798   280.801290119688
799   280.801290119688
800   280.801290119688
801   280.801290119688
802   280.801290119688
803   280.801290119688
804   280.801290119688
805   280.801290119688
806   280.801290119688
807   280.801290119688
808   280.801290119688
809   280.801290119688
810   280.801290119688
811   280.801290119688
812   280.801290119688
813   280.801290119688
814   280.801290119688
815   280.801290119688
816   280.801290119688
817   280.801290119688
818   280.801290119688
819   280.801290119688
820   280.801290119688
821   280.801290119688
822   280.801290119688
823   280.801290119688
824   280.801290119688
825   280.801290119688
826   280.801290119688
827   280.801290119688
828   280.801290119688
829   280.801290119688
830   280.801290119688
831   280.801290119688
832   280.801290119688
833   280.801290119688
834   280.801290119688
835   280.801290119688
836   280.801290119688
837   280.801290119688
838   280.801290119688
839   280.801290119688
840   280.801290119688
841   280.801290119688
842   280.801290119688
843   280.801290119688
844   280.801290119688
845   280.801290119688
846   280.801290119688
847   280.801290119688
848   280.801290119688
849   280.801290119688
850   280.801290119688
851   280.801290119688
852   280.801290119688
853   280.801290119688
854   280.801290119688
855   280.801290119688
856   280.801290119688
857   280.801290119688
858   280.801290119688
859   280.801290119688
860   280.801290119688
861   280.801290119688
862   280.801290119688
863   280.801290119688
864   280.801290119688
865   280.801290119688
866   280.801290119688
867   280.801290119688
868   280.801290119688
869   280.801290119688
870   280.801290119688
871   280.801290119688
872   280.801290119688
873   280.801290119688
874   280.801290119688
875   280.801290119688
876   280.801290119688
877   280.801290119688
878   280.801290119688
879   280.801290119688
880   280.801290119688
881   280.801290119688
882   280.801290119688
883   280.801290119688
884   280.801290119688
885   280.801290119688
886   280.801290119688
887   280.801290119688
888   280.801290119688
889   280.801290119688
890   280.801290119688
891   280.801290119688
892   280.801290119688
893   280.801290119688
894   280.801290119688
895   280.801290119688
896   280.801290119688
897   280.801290119688
898   280.801290119688
899   280.801290119688
900   280.801290119688
901   280.801290119688
902   280.801290119688
903   280.801290119688
904   280.801290119688
905   280.801290119688
906   280.801290119688
907   280.801290119688
908   280.801290119688
909   280.801290119688
910   280.801290119688
911   280.801290119688
912   280.801290119688
913   280.801290119688
914   280.801290119688
915   280.801290119688
916   280.801290119688
917   280.801290119688
918   280.801290119688
919   280.801290119688
920   280.801290119688
921   280.801290119688
922   280.801290119688
923   280.801290119688
924   280.801290119688
925   280.801290119688
926   280.801290119688
927   280.801290119688
928   280.801290119688
929   280.801290119688
930   280.801290119688
931   280.801290119688
932   280.801290119688
933   280.801290119688
934   280.801290119688
935   280.801290119688
936   280.801290119688
937   280.801290119688
938   280.801290119688
939   280.801290119688
940   280.801290119688
941   280.801290119688
942   280.801290119688
943   280.801290119688
944   280.801290119688
945   280.801290119688
946   280.801290119688
947   280.801290119688
948   280.801290119688
949   280.801290119688
950   280.801290119688
951   280.801290119688
952   280.801290119688
953   280.801290119688
954   280.801290119688
955   280.801290119688
956   280.801290119688
957   280.801290119688
958   280.801290119688
959   280.801290119688
960   280.801290119688
961   280.801290119688
962   280.801290119688
963   280.801290119688
964   280.801290119688
965   280.801290119688
966   280.801290119688
967   280.801290119688
968   280.801290119688
969   280.801290119688
970   280.801290119688
971   280.801290119688
972   280.801290119688
973   280.801290119688
974   280.801290119688
975   280.801290119688
976   280.801290119688
977   280.801290119688
978   280.801290119688
979   280.801290119688
980   280.801290119688
981   280.801290119688
982   280.801290119688
983   280.801290119688
984   280.801290119688
985   280.801290119688
986   280.801290119688
987   280.801290119688
988   280.801290119688
989   280.801290119688
990   280.801290119688
991   280.801290119688
992   280.801290119688
993   280.801290119688
994   280.801290119688
995   280.801290119688
996   280.801290119688
997   280.801290119688
998   280.801290119688
999   280.801290119688
