1   463.82900342738947
2   395.1227232764297
3   395.1227232764297
4   395.1227232764297
5   395.1227232764297
6   395.1227232764297
7   395.1227232764297
8   357.40384122222906
9   357.40384122222906
10   357.40384122222906
11   357.40384122222906
12   357.40384122222906
13   357.40384122222906
14   357.40384122222906
15   357.40384122222906
16   357.40384122222906
17   357.40384122222906
18   357.40384122222906
19   357.40384122222906
20   357.40384122222906
21   357.40384122222906
22   357.40384122222906
23   357.40384122222906
24   357.40384122222906
25   357.40384122222906
26   357.40384122222906
27   357.40384122222906
28   357.40384122222906
29   357.40384122222906
30   357.40384122222906
31   357.40384122222906
32   357.40384122222906
33   357.40384122222906
34   357.40384122222906
35   357.40384122222906
36   357.40384122222906
37   357.40384122222906
38   357.40384122222906
39   357.40384122222906
40   357.40384122222906
41   357.40384122222906
42   357.40384122222906
43   357.40384122222906
44   357.40384122222906
45   357.40384122222906
46   357.40384122222906
47   357.40384122222906
48   357.40384122222906
49   357.40384122222906
50   357.40384122222906
51   357.40384122222906
52   357.40384122222906
53   357.40384122222906
54   357.40384122222906
55   357.40384122222906
56   357.40384122222906
57   357.40384122222906
58   357.40384122222906
59   357.40384122222906
60   357.40384122222906
61   357.40384122222906
62   357.40384122222906
63   357.40384122222906
64   357.40384122222906
65   357.40384122222906
66   357.40384122222906
67   357.40384122222906
68   357.40384122222906
69   357.40384122222906
70   357.40384122222906
71   357.40384122222906
72   357.40384122222906
73   357.40384122222906
74   357.40384122222906
75   357.40384122222906
76   357.40384122222906
77   357.40384122222906
78   357.40384122222906
79   357.40384122222906
80   357.40384122222906
81   357.40384122222906
82   357.40384122222906
83   357.40384122222906
84   357.40384122222906
85   357.40384122222906
86   357.40384122222906
87   357.40384122222906
88   357.40384122222906
89   357.40384122222906
90   357.40384122222906
91   357.40384122222906
92   357.40384122222906
93   357.40384122222906
94   357.40384122222906
95   357.40384122222906
96   357.40384122222906
97   357.40384122222906
98   357.40384122222906
99   357.40384122222906
100   357.40384122222906
101   357.40384122222906
102   357.40384122222906
103   357.40384122222906
104   357.40384122222906
105   357.40384122222906
106   357.40384122222906
107   357.40384122222906
108   357.40384122222906
109   357.40384122222906
110   357.40384122222906
111   357.40384122222906
112   357.40384122222906
113   357.40384122222906
114   357.40384122222906
115   357.40384122222906
116   357.40384122222906
117   357.40384122222906
118   357.40384122222906
119   357.40384122222906
120   357.40384122222906
121   357.40384122222906
122   357.40384122222906
123   357.40384122222906
124   357.40384122222906
125   357.40384122222906
126   357.40384122222906
127   357.40384122222906
128   357.40384122222906
129   357.40384122222906
130   357.40384122222906
131   357.40384122222906
132   357.40384122222906
133   357.40384122222906
134   357.40384122222906
135   357.40384122222906
136   357.40384122222906
137   357.40384122222906
138   357.40384122222906
139   357.40384122222906
140   357.40384122222906
141   357.40384122222906
142   357.40384122222906
143   357.40384122222906
144   357.40384122222906
145   357.40384122222906
146   357.40384122222906
147   357.40384122222906
148   357.40384122222906
149   357.40384122222906
150   357.40384122222906
151   357.40384122222906
152   357.40384122222906
153   357.40384122222906
154   357.40384122222906
155   357.40384122222906
156   357.40384122222906
157   357.40384122222906
158   357.40384122222906
159   357.40384122222906
160   357.40384122222906
161   357.40384122222906
162   357.40384122222906
163   357.40384122222906
164   357.40384122222906
165   357.40384122222906
166   357.40384122222906
167   357.40384122222906
168   357.40384122222906
169   357.40384122222906
170   357.40384122222906
171   357.40384122222906
172   357.40384122222906
173   357.40384122222906
174   357.40384122222906
175   357.40384122222906
176   357.40384122222906
177   357.40384122222906
178   357.40384122222906
179   357.40384122222906
180   357.40384122222906
181   357.40384122222906
182   357.40384122222906
183   357.40384122222906
184   357.40384122222906
185   357.40384122222906
186   357.40384122222906
187   357.40384122222906
188   357.40384122222906
189   357.40384122222906
190   357.40384122222906
191   357.40384122222906
192   357.40384122222906
193   357.40384122222906
194   357.40384122222906
195   357.40384122222906
196   357.40384122222906
197   357.40384122222906
198   357.40384122222906
199   357.40384122222906
200   357.40384122222906
201   357.40384122222906
202   357.40384122222906
203   357.40384122222906
204   357.40384122222906
205   357.40384122222906
206   357.40384122222906
207   357.40384122222906
208   357.40384122222906
209   357.40384122222906
210   357.40384122222906
211   357.40384122222906
212   357.40384122222906
213   357.40384122222906
214   357.40384122222906
215   357.40384122222906
216   357.40384122222906
217   357.40384122222906
218   357.40384122222906
219   357.40384122222906
220   357.40384122222906
221   357.40384122222906
222   357.40384122222906
223   357.40384122222906
224   357.40384122222906
225   357.40384122222906
226   357.40384122222906
227   357.40384122222906
228   357.40384122222906
229   357.40384122222906
230   357.40384122222906
231   357.40384122222906
232   357.40384122222906
233   357.40384122222906
234   357.40384122222906
235   357.40384122222906
236   357.40384122222906
237   357.40384122222906
238   357.40384122222906
239   357.40384122222906
240   357.40384122222906
241   357.40384122222906
242   357.40384122222906
243   357.40384122222906
244   357.40384122222906
245   357.40384122222906
246   357.40384122222906
247   357.40384122222906
248   357.40384122222906
249   357.40384122222906
250   357.40384122222906
251   357.40384122222906
252   357.40384122222906
253   357.40384122222906
254   357.40384122222906
255   357.40384122222906
256   357.40384122222906
257   357.40384122222906
258   357.40384122222906
259   357.40384122222906
260   357.40384122222906
261   357.40384122222906
262   357.40384122222906
263   357.40384122222906
264   357.40384122222906
265   357.40384122222906
266   357.40384122222906
267   357.40384122222906
268   357.40384122222906
269   357.40384122222906
270   357.40384122222906
271   357.40384122222906
272   357.40384122222906
273   357.40384122222906
274   357.40384122222906
275   357.40384122222906
276   357.40384122222906
277   357.40384122222906
278   357.40384122222906
279   357.40384122222906
280   357.40384122222906
281   357.40384122222906
282   357.40384122222906
283   357.40384122222906
284   357.40384122222906
285   357.40384122222906
286   357.40384122222906
287   357.40384122222906
288   357.40384122222906
289   357.40384122222906
290   357.40384122222906
291   357.40384122222906
292   357.40384122222906
293   357.40384122222906
294   357.40384122222906
295   357.40384122222906
296   357.40384122222906
297   357.40384122222906
298   357.40384122222906
299   357.40384122222906
300   357.40384122222906
301   357.40384122222906
302   357.40384122222906
303   357.40384122222906
304   357.40384122222906
305   357.40384122222906
306   357.40384122222906
307   357.40384122222906
308   357.40384122222906
309   357.40384122222906
310   357.40384122222906
311   357.40384122222906
312   357.40384122222906
313   357.40384122222906
314   357.40384122222906
315   357.40384122222906
316   357.40384122222906
317   357.40384122222906
318   357.40384122222906
319   357.40384122222906
320   357.40384122222906
321   357.40384122222906
322   357.40384122222906
323   357.40384122222906
324   357.40384122222906
325   357.40384122222906
326   357.40384122222906
327   357.40384122222906
328   357.40384122222906
329   357.40384122222906
330   357.40384122222906
331   357.40384122222906
332   357.40384122222906
333   357.40384122222906
334   357.40384122222906
335   357.40384122222906
336   357.40384122222906
337   357.40384122222906
338   357.40384122222906
339   357.40384122222906
340   357.40384122222906
341   357.40384122222906
342   357.40384122222906
343   357.40384122222906
344   357.40384122222906
345   357.40384122222906
346   357.40384122222906
347   357.40384122222906
348   357.40384122222906
349   357.40384122222906
350   357.40384122222906
351   357.40384122222906
352   357.40384122222906
353   357.40384122222906
354   357.40384122222906
355   357.40384122222906
356   357.40384122222906
357   357.40384122222906
358   357.40384122222906
359   357.40384122222906
360   357.40384122222906
361   357.40384122222906
362   357.40384122222906
363   357.40384122222906
364   357.40384122222906
365   357.40384122222906
366   357.40384122222906
367   357.40384122222906
368   357.40384122222906
369   357.40384122222906
370   357.40384122222906
371   357.40384122222906
372   357.40384122222906
373   357.40384122222906
374   357.40384122222906
375   357.40384122222906
376   357.40384122222906
377   357.40384122222906
378   357.40384122222906
379   357.40384122222906
380   357.40384122222906
381   357.40384122222906
382   357.40384122222906
383   357.40384122222906
384   357.40384122222906
385   357.40384122222906
386   357.40384122222906
387   357.40384122222906
388   357.40384122222906
389   357.40384122222906
390   357.40384122222906
391   357.40384122222906
392   357.40384122222906
393   357.40384122222906
394   357.40384122222906
395   357.40384122222906
396   357.40384122222906
397   357.40384122222906
398   357.40384122222906
399   357.40384122222906
400   357.40384122222906
401   357.40384122222906
402   357.40384122222906
403   357.40384122222906
404   357.40384122222906
405   357.40384122222906
406   357.40384122222906
407   357.40384122222906
408   357.40384122222906
409   357.40384122222906
410   357.40384122222906
411   357.40384122222906
412   357.40384122222906
413   357.40384122222906
414   357.40384122222906
415   357.40384122222906
416   357.40384122222906
417   357.40384122222906
418   357.40384122222906
419   357.40384122222906
420   357.40384122222906
421   357.40384122222906
422   357.40384122222906
423   357.40384122222906
424   357.40384122222906
425   357.40384122222906
426   357.40384122222906
427   357.40384122222906
428   357.40384122222906
429   357.40384122222906
430   357.40384122222906
431   357.40384122222906
432   357.40384122222906
433   357.40384122222906
434   357.40384122222906
435   357.40384122222906
436   357.40384122222906
437   357.40384122222906
438   357.40384122222906
439   357.40384122222906
440   357.40384122222906
441   357.40384122222906
442   357.40384122222906
443   357.40384122222906
444   357.40384122222906
445   357.40384122222906
446   357.40384122222906
447   357.40384122222906
448   357.40384122222906
449   357.40384122222906
450   357.40384122222906
451   357.40384122222906
452   357.40384122222906
453   357.40384122222906
454   357.40384122222906
455   357.40384122222906
456   357.40384122222906
457   357.40384122222906
458   357.40384122222906
459   357.40384122222906
460   357.40384122222906
461   357.40384122222906
462   357.40384122222906
463   357.40384122222906
464   357.40384122222906
465   357.40384122222906
466   357.40384122222906
467   357.40384122222906
468   357.40384122222906
469   357.40384122222906
470   357.40384122222906
471   357.40384122222906
472   357.40384122222906
473   357.40384122222906
474   357.40384122222906
475   357.40384122222906
476   357.40384122222906
477   357.40384122222906
478   357.40384122222906
479   357.40384122222906
480   357.40384122222906
481   357.40384122222906
482   357.40384122222906
483   357.40384122222906
484   357.40384122222906
485   357.40384122222906
486   357.40384122222906
487   357.40384122222906
488   357.40384122222906
489   357.40384122222906
490   357.40384122222906
491   357.40384122222906
492   357.40384122222906
493   357.40384122222906
494   357.40384122222906
495   357.40384122222906
496   357.40384122222906
497   357.40384122222906
498   357.40384122222906
499   357.40384122222906
500   357.40384122222906
501   357.40384122222906
502   357.40384122222906
503   357.40384122222906
504   357.40384122222906
505   357.40384122222906
506   357.40384122222906
507   357.40384122222906
508   357.40384122222906
509   357.40384122222906
510   357.40384122222906
511   357.40384122222906
512   357.40384122222906
513   357.40384122222906
514   357.40384122222906
515   357.40384122222906
516   357.40384122222906
517   357.40384122222906
518   357.40384122222906
519   357.40384122222906
520   357.40384122222906
521   357.40384122222906
522   357.40384122222906
523   357.40384122222906
524   357.40384122222906
525   357.40384122222906
526   357.40384122222906
527   357.40384122222906
528   357.40384122222906
529   357.40384122222906
530   357.40384122222906
531   357.40384122222906
532   357.40384122222906
533   357.40384122222906
534   357.40384122222906
535   357.40384122222906
536   357.40384122222906
537   357.40384122222906
538   357.40384122222906
539   357.40384122222906
540   357.40384122222906
541   357.40384122222906
542   357.40384122222906
543   357.40384122222906
544   357.40384122222906
545   357.40384122222906
546   357.40384122222906
547   357.40384122222906
548   357.40384122222906
549   357.40384122222906
550   357.40384122222906
551   357.40384122222906
552   357.40384122222906
553   357.40384122222906
554   357.40384122222906
555   357.40384122222906
556   357.40384122222906
557   357.40384122222906
558   357.40384122222906
559   357.40384122222906
560   357.40384122222906
561   357.40384122222906
562   357.40384122222906
563   357.40384122222906
564   357.40384122222906
565   357.40384122222906
566   357.40384122222906
567   357.40384122222906
568   357.40384122222906
569   357.40384122222906
570   357.40384122222906
571   357.40384122222906
572   357.40384122222906
573   357.40384122222906
574   357.40384122222906
575   357.40384122222906
576   357.40384122222906
577   357.40384122222906
578   357.40384122222906
579   357.40384122222906
580   357.40384122222906
581   357.40384122222906
582   357.40384122222906
583   357.40384122222906
584   357.40384122222906
585   357.40384122222906
586   357.40384122222906
587   357.40384122222906
588   357.40384122222906
589   357.40384122222906
590   357.40384122222906
591   357.40384122222906
592   357.40384122222906
593   357.40384122222906
594   357.40384122222906
595   357.40384122222906
596   357.40384122222906
597   357.40384122222906
598   357.40384122222906
599   357.40384122222906
600   357.40384122222906
601   357.40384122222906
602   357.40384122222906
603   357.40384122222906
604   357.40384122222906
605   357.40384122222906
606   357.40384122222906
607   357.40384122222906
608   357.40384122222906
609   357.40384122222906
610   357.40384122222906
611   357.40384122222906
612   357.40384122222906
613   357.40384122222906
614   357.40384122222906
615   357.40384122222906
616   357.40384122222906
617   357.40384122222906
618   357.40384122222906
619   357.40384122222906
620   357.40384122222906
621   357.40384122222906
622   357.40384122222906
623   357.40384122222906
624   357.40384122222906
625   357.40384122222906
626   357.40384122222906
627   357.40384122222906
628   357.40384122222906
629   357.40384122222906
630   357.40384122222906
631   357.40384122222906
632   357.40384122222906
633   357.40384122222906
634   357.40384122222906
635   357.40384122222906
636   357.40384122222906
637   357.40384122222906
638   357.40384122222906
639   357.40384122222906
640   357.40384122222906
641   357.40384122222906
642   357.40384122222906
643   357.40384122222906
644   357.40384122222906
645   357.40384122222906
646   357.40384122222906
647   357.40384122222906
648   357.40384122222906
649   357.40384122222906
650   357.40384122222906
651   357.40384122222906
652   357.40384122222906
653   357.40384122222906
654   357.40384122222906
655   357.40384122222906
656   357.40384122222906
657   357.40384122222906
658   357.40384122222906
659   357.40384122222906
660   357.40384122222906
661   357.40384122222906
662   357.40384122222906
663   357.40384122222906
664   357.40384122222906
665   357.40384122222906
666   357.40384122222906
667   357.40384122222906
668   357.40384122222906
669   357.40384122222906
670   357.40384122222906
671   357.40384122222906
672   357.40384122222906
673   357.40384122222906
674   357.40384122222906
675   357.40384122222906
676   357.40384122222906
677   357.40384122222906
678   357.40384122222906
679   357.40384122222906
680   357.40384122222906
681   357.40384122222906
682   357.40384122222906
683   357.40384122222906
684   357.40384122222906
685   357.40384122222906
686   357.40384122222906
687   357.40384122222906
688   357.40384122222906
689   357.40384122222906
690   357.40384122222906
691   357.40384122222906
692   357.40384122222906
693   357.40384122222906
694   357.40384122222906
695   357.40384122222906
696   357.40384122222906
697   357.40384122222906
698   357.40384122222906
699   357.40384122222906
700   357.40384122222906
701   357.40384122222906
702   357.40384122222906
703   357.40384122222906
704   357.40384122222906
705   357.40384122222906
706   357.40384122222906
707   357.40384122222906
708   357.40384122222906
709   357.40384122222906
710   357.40384122222906
711   357.40384122222906
712   357.40384122222906
713   357.40384122222906
714   357.40384122222906
715   357.40384122222906
716   357.40384122222906
717   357.40384122222906
718   357.40384122222906
719   357.40384122222906
720   357.40384122222906
721   357.40384122222906
722   357.40384122222906
723   357.40384122222906
724   357.40384122222906
725   357.40384122222906
726   357.40384122222906
727   357.40384122222906
728   357.40384122222906
729   357.40384122222906
730   357.40384122222906
731   357.40384122222906
732   357.40384122222906
733   357.40384122222906
734   357.40384122222906
735   357.40384122222906
736   357.40384122222906
737   357.40384122222906
738   357.40384122222906
739   357.40384122222906
740   357.40384122222906
741   357.40384122222906
742   357.40384122222906
743   357.40384122222906
744   357.40384122222906
745   357.40384122222906
746   357.40384122222906
747   357.40384122222906
748   357.40384122222906
749   357.40384122222906
750   357.40384122222906
751   357.40384122222906
752   357.40384122222906
753   357.40384122222906
754   357.40384122222906
755   357.40384122222906
756   357.40384122222906
757   357.40384122222906
758   357.40384122222906
759   357.40384122222906
760   357.40384122222906
761   357.40384122222906
762   357.40384122222906
763   357.40384122222906
764   357.40384122222906
765   357.40384122222906
766   357.40384122222906
767   357.40384122222906
768   357.40384122222906
769   357.40384122222906
770   357.40384122222906
771   357.40384122222906
772   357.40384122222906
773   357.40384122222906
774   357.40384122222906
775   357.40384122222906
776   357.40384122222906
777   357.40384122222906
778   357.40384122222906
779   357.40384122222906
780   357.40384122222906
781   357.40384122222906
782   357.40384122222906
783   357.40384122222906
784   357.40384122222906
785   357.40384122222906
786   357.40384122222906
787   357.40384122222906
788   357.40384122222906
789   357.40384122222906
790   357.40384122222906
791   357.40384122222906
792   357.40384122222906
793   357.40384122222906
794   357.40384122222906
795   357.40384122222906
796   357.40384122222906
797   357.40384122222906
798   357.40384122222906
799   357.40384122222906
800   357.40384122222906
801   357.40384122222906
802   357.40384122222906
803   357.40384122222906
804   357.40384122222906
805   357.40384122222906
806   357.40384122222906
807   357.40384122222906
808   357.40384122222906
809   357.40384122222906
810   357.40384122222906
811   357.40384122222906
812   357.40384122222906
813   357.40384122222906
814   357.40384122222906
815   357.40384122222906
816   357.40384122222906
817   357.40384122222906
818   357.40384122222906
819   357.40384122222906
820   357.40384122222906
821   357.40384122222906
822   357.40384122222906
823   357.40384122222906
824   357.40384122222906
825   357.40384122222906
826   357.40384122222906
827   357.40384122222906
828   357.40384122222906
829   357.40384122222906
830   357.40384122222906
831   357.40384122222906
832   357.40384122222906
833   357.40384122222906
834   357.40384122222906
835   357.40384122222906
836   357.40384122222906
837   357.40384122222906
838   357.40384122222906
839   357.40384122222906
840   357.40384122222906
841   357.40384122222906
842   357.40384122222906
843   357.40384122222906
844   357.40384122222906
845   357.40384122222906
846   357.40384122222906
847   357.40384122222906
848   357.40384122222906
849   357.40384122222906
850   357.40384122222906
851   357.40384122222906
852   357.40384122222906
853   357.40384122222906
854   357.40384122222906
855   357.40384122222906
856   357.40384122222906
857   357.40384122222906
858   357.40384122222906
859   357.40384122222906
860   357.40384122222906
861   357.40384122222906
862   357.40384122222906
863   357.40384122222906
864   357.40384122222906
865   357.40384122222906
866   357.40384122222906
867   357.40384122222906
868   357.40384122222906
869   357.40384122222906
870   357.40384122222906
871   357.40384122222906
872   357.40384122222906
873   357.40384122222906
874   357.40384122222906
875   357.40384122222906
876   357.40384122222906
877   357.40384122222906
878   357.40384122222906
879   357.40384122222906
880   357.40384122222906
881   357.40384122222906
882   357.40384122222906
883   357.40384122222906
884   357.40384122222906
885   357.40384122222906
886   357.40384122222906
887   357.40384122222906
888   357.40384122222906
889   357.40384122222906
890   357.40384122222906
891   357.40384122222906
892   357.40384122222906
893   357.40384122222906
894   357.40384122222906
895   357.40384122222906
896   357.40384122222906
897   357.40384122222906
898   357.40384122222906
899   357.40384122222906
900   357.40384122222906
901   357.40384122222906
902   357.40384122222906
903   357.40384122222906
904   357.40384122222906
905   357.40384122222906
906   357.40384122222906
907   357.40384122222906
908   357.40384122222906
909   357.40384122222906
910   357.40384122222906
911   357.40384122222906
912   357.40384122222906
913   357.40384122222906
914   357.40384122222906
915   357.40384122222906
916   357.40384122222906
917   357.40384122222906
918   357.40384122222906
919   357.40384122222906
920   357.40384122222906
921   357.40384122222906
922   357.40384122222906
923   357.40384122222906
924   357.40384122222906
925   357.40384122222906
926   357.40384122222906
927   357.40384122222906
928   357.40384122222906
929   357.40384122222906
930   357.40384122222906
931   357.40384122222906
932   357.40384122222906
933   357.40384122222906
934   357.40384122222906
935   357.40384122222906
936   357.40384122222906
937   357.40384122222906
938   357.40384122222906
939   357.40384122222906
940   357.40384122222906
941   357.40384122222906
942   357.40384122222906
943   357.40384122222906
944   357.40384122222906
945   357.40384122222906
946   357.40384122222906
947   357.40384122222906
948   357.40384122222906
949   357.40384122222906
950   357.40384122222906
951   357.40384122222906
952   357.40384122222906
953   357.40384122222906
954   357.40384122222906
955   357.40384122222906
956   357.40384122222906
957   357.40384122222906
958   357.40384122222906
959   357.40384122222906
960   357.40384122222906
961   357.40384122222906
962   357.40384122222906
963   357.40384122222906
964   357.40384122222906
965   357.40384122222906
966   357.40384122222906
967   357.40384122222906
968   357.40384122222906
969   357.40384122222906
970   357.40384122222906
971   357.40384122222906
972   357.40384122222906
973   357.40384122222906
974   357.40384122222906
975   357.40384122222906
976   357.40384122222906
977   357.40384122222906
978   357.40384122222906
979   357.40384122222906
980   357.40384122222906
981   357.40384122222906
982   357.40384122222906
983   357.40384122222906
984   357.40384122222906
985   357.40384122222906
986   357.40384122222906
987   357.40384122222906
988   357.40384122222906
989   357.40384122222906
990   357.40384122222906
991   357.40384122222906
992   357.40384122222906
993   357.40384122222906
994   357.40384122222906
995   357.40384122222906
996   357.40384122222906
997   357.40384122222906
998   357.40384122222906
999   357.40384122222906
