1   439.1040903508397
2   357.57996355535084
3   305.82038996782165
4   305.82038996782165
5   305.82038996782165
6   305.82038996782165
7   305.82038996782165
8   305.82038996782165
9   305.82038996782165
10   305.82038996782165
11   305.82038996782165
12   305.82038996782165
13   305.82038996782165
14   305.82038996782165
15   305.82038996782165
16   305.82038996782165
17   305.82038996782165
18   305.82038996782165
19   305.82038996782165
20   305.82038996782165
21   305.82038996782165
22   305.82038996782165
23   305.82038996782165
24   305.82038996782165
25   305.82038996782165
26   305.82038996782165
27   305.82038996782165
28   305.82038996782165
29   305.82038996782165
30   305.82038996782165
31   305.82038996782165
32   305.82038996782165
33   305.82038996782165
34   305.82038996782165
35   305.82038996782165
36   305.82038996782165
37   305.82038996782165
38   305.82038996782165
39   305.82038996782165
40   305.82038996782165
41   305.82038996782165
42   305.82038996782165
43   305.82038996782165
44   305.82038996782165
45   305.82038996782165
46   305.82038996782165
47   305.82038996782165
48   305.82038996782165
49   305.82038996782165
50   305.82038996782165
51   305.82038996782165
52   305.82038996782165
53   305.82038996782165
54   305.82038996782165
55   305.82038996782165
56   305.82038996782165
57   305.82038996782165
58   305.82038996782165
59   305.82038996782165
60   305.82038996782165
61   305.82038996782165
62   305.82038996782165
63   305.82038996782165
64   305.82038996782165
65   305.82038996782165
66   305.82038996782165
67   305.82038996782165
68   305.82038996782165
69   305.82038996782165
70   305.82038996782165
71   305.82038996782165
72   305.82038996782165
73   305.82038996782165
74   305.82038996782165
75   305.82038996782165
76   305.82038996782165
77   305.82038996782165
78   305.82038996782165
79   305.82038996782165
80   305.82038996782165
81   305.82038996782165
82   305.82038996782165
83   305.82038996782165
84   305.82038996782165
85   305.82038996782165
86   305.82038996782165
87   305.82038996782165
88   305.82038996782165
89   305.82038996782165
90   305.82038996782165
91   305.82038996782165
92   305.82038996782165
93   305.82038996782165
94   305.82038996782165
95   305.82038996782165
96   305.82038996782165
97   305.82038996782165
98   305.82038996782165
99   305.82038996782165
100   305.82038996782165
101   305.82038996782165
102   305.82038996782165
103   305.82038996782165
104   305.82038996782165
105   305.82038996782165
106   305.82038996782165
107   305.82038996782165
108   305.82038996782165
109   305.82038996782165
110   305.82038996782165
111   305.82038996782165
112   305.82038996782165
113   305.82038996782165
114   305.82038996782165
115   305.82038996782165
116   305.82038996782165
117   305.82038996782165
118   305.82038996782165
119   305.82038996782165
120   305.82038996782165
121   305.82038996782165
122   305.82038996782165
123   305.82038996782165
124   305.82038996782165
125   305.82038996782165
126   305.82038996782165
127   305.82038996782165
128   305.82038996782165
129   305.82038996782165
130   305.82038996782165
131   305.82038996782165
132   305.82038996782165
133   305.82038996782165
134   305.82038996782165
135   305.82038996782165
136   305.82038996782165
137   305.82038996782165
138   305.82038996782165
139   305.82038996782165
140   305.82038996782165
141   305.82038996782165
142   305.82038996782165
143   305.82038996782165
144   305.82038996782165
145   305.82038996782165
146   305.82038996782165
147   305.82038996782165
148   305.82038996782165
149   305.82038996782165
150   305.82038996782165
151   305.82038996782165
152   305.82038996782165
153   305.82038996782165
154   305.82038996782165
155   305.82038996782165
156   305.82038996782165
157   305.82038996782165
158   305.82038996782165
159   305.82038996782165
160   305.82038996782165
161   305.82038996782165
162   305.82038996782165
163   305.82038996782165
164   305.82038996782165
165   305.82038996782165
166   305.82038996782165
167   305.82038996782165
168   305.82038996782165
169   305.82038996782165
170   305.82038996782165
171   305.82038996782165
172   305.82038996782165
173   305.82038996782165
174   305.82038996782165
175   305.82038996782165
176   305.82038996782165
177   305.82038996782165
178   305.82038996782165
179   305.82038996782165
180   305.82038996782165
181   305.82038996782165
182   305.82038996782165
183   305.82038996782165
184   305.82038996782165
185   305.82038996782165
186   305.82038996782165
187   305.82038996782165
188   305.82038996782165
189   305.82038996782165
190   305.82038996782165
191   305.82038996782165
192   305.82038996782165
193   305.82038996782165
194   305.82038996782165
195   305.82038996782165
196   305.82038996782165
197   305.82038996782165
198   305.82038996782165
199   305.82038996782165
200   305.82038996782165
201   305.82038996782165
202   305.82038996782165
203   305.82038996782165
204   305.82038996782165
205   305.82038996782165
206   305.82038996782165
207   305.82038996782165
208   305.82038996782165
209   305.82038996782165
210   305.82038996782165
211   305.82038996782165
212   305.82038996782165
213   305.82038996782165
214   305.82038996782165
215   305.82038996782165
216   305.82038996782165
217   305.82038996782165
218   305.82038996782165
219   305.82038996782165
220   305.82038996782165
221   305.82038996782165
222   305.82038996782165
223   305.82038996782165
224   305.82038996782165
225   305.82038996782165
226   305.82038996782165
227   305.82038996782165
228   305.82038996782165
229   305.82038996782165
230   305.82038996782165
231   305.82038996782165
232   305.82038996782165
233   305.82038996782165
234   305.82038996782165
235   305.82038996782165
236   305.82038996782165
237   305.82038996782165
238   305.82038996782165
239   305.82038996782165
240   305.82038996782165
241   305.82038996782165
242   305.82038996782165
243   305.82038996782165
244   305.82038996782165
245   305.82038996782165
246   305.82038996782165
247   305.82038996782165
248   305.82038996782165
249   305.82038996782165
250   305.82038996782165
251   305.82038996782165
252   305.82038996782165
253   305.82038996782165
254   305.82038996782165
255   305.82038996782165
256   305.82038996782165
257   305.82038996782165
258   305.82038996782165
259   305.82038996782165
260   305.82038996782165
261   305.82038996782165
262   305.82038996782165
263   305.82038996782165
264   305.82038996782165
265   305.82038996782165
266   305.82038996782165
267   305.82038996782165
268   305.82038996782165
269   305.82038996782165
270   305.82038996782165
271   305.82038996782165
272   305.82038996782165
273   305.82038996782165
274   305.82038996782165
275   305.82038996782165
276   305.82038996782165
277   305.82038996782165
278   305.82038996782165
279   305.82038996782165
280   305.82038996782165
281   305.82038996782165
282   305.82038996782165
283   305.82038996782165
284   305.82038996782165
285   305.82038996782165
286   305.82038996782165
287   305.82038996782165
288   305.82038996782165
289   305.82038996782165
290   305.82038996782165
291   305.82038996782165
292   305.82038996782165
293   305.82038996782165
294   305.82038996782165
295   305.82038996782165
296   305.82038996782165
297   305.82038996782165
298   305.82038996782165
299   305.82038996782165
300   305.82038996782165
301   305.82038996782165
302   305.82038996782165
303   305.82038996782165
304   305.82038996782165
305   305.82038996782165
306   305.82038996782165
307   305.82038996782165
308   305.82038996782165
309   305.82038996782165
310   305.82038996782165
311   305.82038996782165
312   305.82038996782165
313   305.82038996782165
314   305.82038996782165
315   305.82038996782165
316   305.82038996782165
317   305.82038996782165
318   305.82038996782165
319   305.82038996782165
320   305.82038996782165
321   305.82038996782165
322   305.82038996782165
323   305.82038996782165
324   305.82038996782165
325   305.82038996782165
326   305.82038996782165
327   305.82038996782165
328   305.82038996782165
329   305.82038996782165
330   305.82038996782165
331   305.82038996782165
332   305.82038996782165
333   305.82038996782165
334   305.82038996782165
335   305.82038996782165
336   305.82038996782165
337   305.82038996782165
338   305.82038996782165
339   305.82038996782165
340   305.82038996782165
341   305.82038996782165
342   305.82038996782165
343   305.82038996782165
344   305.82038996782165
345   305.82038996782165
346   305.82038996782165
347   305.82038996782165
348   305.82038996782165
349   305.82038996782165
350   305.82038996782165
351   305.82038996782165
352   305.82038996782165
353   305.82038996782165
354   305.82038996782165
355   305.82038996782165
356   305.82038996782165
357   305.82038996782165
358   305.82038996782165
359   305.82038996782165
360   305.82038996782165
361   305.82038996782165
362   305.82038996782165
363   305.82038996782165
364   305.82038996782165
365   305.82038996782165
366   305.82038996782165
367   305.82038996782165
368   305.82038996782165
369   305.82038996782165
370   305.82038996782165
371   305.82038996782165
372   305.82038996782165
373   305.82038996782165
374   305.82038996782165
375   305.82038996782165
376   305.82038996782165
377   305.82038996782165
378   305.82038996782165
379   305.82038996782165
380   305.82038996782165
381   305.82038996782165
382   305.82038996782165
383   305.82038996782165
384   305.82038996782165
385   305.82038996782165
386   305.82038996782165
387   305.82038996782165
388   305.82038996782165
389   305.82038996782165
390   305.82038996782165
391   305.82038996782165
392   305.82038996782165
393   305.82038996782165
394   305.82038996782165
395   305.82038996782165
396   305.82038996782165
397   305.82038996782165
398   305.82038996782165
399   305.82038996782165
400   305.82038996782165
401   305.82038996782165
402   305.82038996782165
403   305.82038996782165
404   305.82038996782165
405   305.82038996782165
406   305.82038996782165
407   305.82038996782165
408   305.82038996782165
409   305.82038996782165
410   305.82038996782165
411   305.82038996782165
412   305.82038996782165
413   305.82038996782165
414   305.82038996782165
415   305.82038996782165
416   305.82038996782165
417   305.82038996782165
418   305.82038996782165
419   305.82038996782165
420   305.82038996782165
421   305.82038996782165
422   305.82038996782165
423   305.82038996782165
424   305.82038996782165
425   305.82038996782165
426   305.82038996782165
427   305.82038996782165
428   305.82038996782165
429   305.82038996782165
430   305.82038996782165
431   305.82038996782165
432   305.82038996782165
433   305.82038996782165
434   305.82038996782165
435   305.82038996782165
436   305.82038996782165
437   305.82038996782165
438   305.82038996782165
439   305.82038996782165
440   305.82038996782165
441   305.82038996782165
442   305.82038996782165
443   305.82038996782165
444   305.82038996782165
445   305.82038996782165
446   305.82038996782165
447   305.82038996782165
448   305.82038996782165
449   305.82038996782165
450   305.82038996782165
451   305.82038996782165
452   305.82038996782165
453   305.82038996782165
454   305.82038996782165
455   305.82038996782165
456   305.82038996782165
457   305.82038996782165
458   305.82038996782165
459   305.82038996782165
460   305.82038996782165
461   305.82038996782165
462   305.82038996782165
463   305.82038996782165
464   305.82038996782165
465   305.82038996782165
466   305.82038996782165
467   305.82038996782165
468   305.82038996782165
469   305.82038996782165
470   305.82038996782165
471   305.82038996782165
472   305.82038996782165
473   305.82038996782165
474   305.82038996782165
475   305.82038996782165
476   305.82038996782165
477   305.82038996782165
478   305.82038996782165
479   305.82038996782165
480   305.82038996782165
481   305.82038996782165
482   305.82038996782165
483   305.82038996782165
484   305.82038996782165
485   305.82038996782165
486   305.82038996782165
487   305.82038996782165
488   305.82038996782165
489   305.82038996782165
490   305.82038996782165
491   305.82038996782165
492   305.82038996782165
493   305.82038996782165
494   305.82038996782165
495   305.82038996782165
496   305.82038996782165
497   305.82038996782165
498   305.82038996782165
499   305.82038996782165
500   305.82038996782165
501   305.82038996782165
502   305.82038996782165
503   305.82038996782165
504   305.82038996782165
505   305.82038996782165
506   305.82038996782165
507   305.82038996782165
508   305.82038996782165
509   305.82038996782165
510   305.82038996782165
511   305.82038996782165
512   305.82038996782165
513   305.82038996782165
514   305.82038996782165
515   305.82038996782165
516   305.82038996782165
517   305.82038996782165
518   305.82038996782165
519   305.82038996782165
520   305.82038996782165
521   305.82038996782165
522   305.82038996782165
523   305.82038996782165
524   305.82038996782165
525   305.82038996782165
526   305.82038996782165
527   305.82038996782165
528   305.82038996782165
529   305.82038996782165
530   305.82038996782165
531   305.82038996782165
532   305.82038996782165
533   305.82038996782165
534   305.82038996782165
535   305.82038996782165
536   305.82038996782165
537   305.82038996782165
538   305.82038996782165
539   305.82038996782165
540   305.82038996782165
541   305.82038996782165
542   305.82038996782165
543   305.82038996782165
544   305.82038996782165
545   305.82038996782165
546   305.82038996782165
547   305.82038996782165
548   305.82038996782165
549   305.82038996782165
550   305.82038996782165
551   305.82038996782165
552   305.82038996782165
553   305.82038996782165
554   305.82038996782165
555   305.82038996782165
556   305.82038996782165
557   305.82038996782165
558   305.82038996782165
559   305.82038996782165
560   305.82038996782165
561   305.82038996782165
562   305.82038996782165
563   305.82038996782165
564   305.82038996782165
565   305.82038996782165
566   305.82038996782165
567   305.82038996782165
568   305.82038996782165
569   305.82038996782165
570   305.82038996782165
571   305.82038996782165
572   305.82038996782165
573   305.82038996782165
574   305.82038996782165
575   305.82038996782165
576   305.82038996782165
577   305.82038996782165
578   305.82038996782165
579   305.82038996782165
580   305.82038996782165
581   305.82038996782165
582   305.82038996782165
583   305.82038996782165
584   305.82038996782165
585   305.82038996782165
586   305.82038996782165
587   305.82038996782165
588   305.82038996782165
589   305.82038996782165
590   305.82038996782165
591   305.82038996782165
592   305.82038996782165
593   305.82038996782165
594   305.82038996782165
595   305.82038996782165
596   305.82038996782165
597   305.82038996782165
598   305.82038996782165
599   305.82038996782165
600   305.82038996782165
601   305.82038996782165
602   305.82038996782165
603   305.82038996782165
604   305.82038996782165
605   305.82038996782165
606   305.82038996782165
607   305.82038996782165
608   305.82038996782165
609   305.82038996782165
610   305.82038996782165
611   305.82038996782165
612   305.82038996782165
613   305.82038996782165
614   305.82038996782165
615   305.82038996782165
616   305.82038996782165
617   305.82038996782165
618   305.82038996782165
619   305.82038996782165
620   305.82038996782165
621   305.82038996782165
622   305.82038996782165
623   305.82038996782165
624   305.82038996782165
625   305.82038996782165
626   305.82038996782165
627   305.82038996782165
628   305.82038996782165
629   305.82038996782165
630   305.82038996782165
631   305.82038996782165
632   305.82038996782165
633   305.82038996782165
634   305.82038996782165
635   305.82038996782165
636   305.82038996782165
637   305.82038996782165
638   305.82038996782165
639   305.82038996782165
640   305.82038996782165
641   305.82038996782165
642   305.82038996782165
643   305.82038996782165
644   305.82038996782165
645   305.82038996782165
646   305.82038996782165
647   305.82038996782165
648   305.82038996782165
649   305.82038996782165
650   305.82038996782165
651   305.82038996782165
652   305.82038996782165
653   305.82038996782165
654   305.82038996782165
655   305.82038996782165
656   305.82038996782165
657   305.82038996782165
658   305.82038996782165
659   305.82038996782165
660   305.82038996782165
661   305.82038996782165
662   305.82038996782165
663   305.82038996782165
664   305.82038996782165
665   305.82038996782165
666   305.82038996782165
667   305.82038996782165
668   305.82038996782165
669   305.82038996782165
670   305.82038996782165
671   305.82038996782165
672   305.82038996782165
673   305.82038996782165
674   305.82038996782165
675   305.82038996782165
676   305.82038996782165
677   305.82038996782165
678   305.82038996782165
679   305.82038996782165
680   305.82038996782165
681   305.82038996782165
682   305.82038996782165
683   305.82038996782165
684   305.82038996782165
685   305.82038996782165
686   305.82038996782165
687   305.82038996782165
688   305.82038996782165
689   305.82038996782165
690   305.82038996782165
691   305.82038996782165
692   305.82038996782165
693   305.82038996782165
694   305.82038996782165
695   305.82038996782165
696   305.82038996782165
697   305.82038996782165
698   305.82038996782165
699   305.82038996782165
700   305.82038996782165
701   305.82038996782165
702   305.82038996782165
703   305.82038996782165
704   305.82038996782165
705   305.82038996782165
706   305.82038996782165
707   305.82038996782165
708   305.82038996782165
709   305.82038996782165
710   305.82038996782165
711   305.82038996782165
712   305.82038996782165
713   305.82038996782165
714   305.82038996782165
715   305.82038996782165
716   305.82038996782165
717   305.82038996782165
718   305.82038996782165
719   305.82038996782165
720   305.82038996782165
721   305.82038996782165
722   305.82038996782165
723   305.82038996782165
724   305.82038996782165
725   305.82038996782165
726   305.82038996782165
727   305.82038996782165
728   305.82038996782165
729   305.82038996782165
730   305.82038996782165
731   305.82038996782165
732   305.82038996782165
733   305.82038996782165
734   305.82038996782165
735   305.82038996782165
736   305.82038996782165
737   305.82038996782165
738   305.82038996782165
739   305.82038996782165
740   305.82038996782165
741   305.82038996782165
742   305.82038996782165
743   305.82038996782165
744   305.82038996782165
745   305.82038996782165
746   305.82038996782165
747   305.82038996782165
748   305.82038996782165
749   305.82038996782165
750   305.82038996782165
751   305.82038996782165
752   305.82038996782165
753   305.82038996782165
754   305.82038996782165
755   305.82038996782165
756   305.82038996782165
757   305.82038996782165
758   305.82038996782165
759   305.82038996782165
760   305.82038996782165
761   305.82038996782165
762   305.82038996782165
763   305.82038996782165
764   305.82038996782165
765   305.82038996782165
766   305.82038996782165
767   305.82038996782165
768   305.82038996782165
769   305.82038996782165
770   305.82038996782165
771   305.82038996782165
772   305.82038996782165
773   305.82038996782165
774   305.82038996782165
775   305.82038996782165
776   305.82038996782165
777   305.82038996782165
778   305.82038996782165
779   305.82038996782165
780   305.82038996782165
781   305.82038996782165
782   305.82038996782165
783   305.82038996782165
784   305.82038996782165
785   305.82038996782165
786   305.82038996782165
787   305.82038996782165
788   305.82038996782165
789   305.82038996782165
790   305.82038996782165
791   305.82038996782165
792   305.82038996782165
793   305.82038996782165
794   305.82038996782165
795   305.82038996782165
796   305.82038996782165
797   305.82038996782165
798   305.82038996782165
799   305.82038996782165
800   305.82038996782165
801   305.82038996782165
802   305.82038996782165
803   305.82038996782165
804   305.82038996782165
805   305.82038996782165
806   305.82038996782165
807   305.82038996782165
808   305.82038996782165
809   305.82038996782165
810   305.82038996782165
811   305.82038996782165
812   305.82038996782165
813   305.82038996782165
814   305.82038996782165
815   305.82038996782165
816   305.82038996782165
817   305.82038996782165
818   305.82038996782165
819   305.82038996782165
820   305.82038996782165
821   305.82038996782165
822   305.82038996782165
823   305.82038996782165
824   305.82038996782165
825   305.82038996782165
826   305.82038996782165
827   305.82038996782165
828   305.82038996782165
829   305.82038996782165
830   305.82038996782165
831   305.82038996782165
832   305.82038996782165
833   305.82038996782165
834   305.82038996782165
835   305.82038996782165
836   305.82038996782165
837   305.82038996782165
838   305.82038996782165
839   305.82038996782165
840   305.82038996782165
841   305.82038996782165
842   305.82038996782165
843   305.82038996782165
844   305.82038996782165
845   305.82038996782165
846   305.82038996782165
847   305.82038996782165
848   305.82038996782165
849   305.82038996782165
850   305.82038996782165
851   305.82038996782165
852   305.82038996782165
853   305.82038996782165
854   305.82038996782165
855   305.82038996782165
856   305.82038996782165
857   305.82038996782165
858   305.82038996782165
859   305.82038996782165
860   305.82038996782165
861   305.82038996782165
862   305.82038996782165
863   305.82038996782165
864   305.82038996782165
865   305.82038996782165
866   305.82038996782165
867   305.82038996782165
868   305.82038996782165
869   305.82038996782165
870   305.82038996782165
871   305.82038996782165
872   305.82038996782165
873   305.82038996782165
874   305.82038996782165
875   305.82038996782165
876   305.82038996782165
877   305.82038996782165
878   305.82038996782165
879   305.82038996782165
880   305.82038996782165
881   305.82038996782165
882   305.82038996782165
883   305.82038996782165
884   305.82038996782165
885   305.82038996782165
886   305.82038996782165
887   305.82038996782165
888   305.82038996782165
889   305.82038996782165
890   305.82038996782165
891   305.82038996782165
892   305.82038996782165
893   305.82038996782165
894   305.82038996782165
895   305.82038996782165
896   305.82038996782165
897   305.82038996782165
898   305.82038996782165
899   305.82038996782165
900   305.82038996782165
901   305.82038996782165
902   305.82038996782165
903   305.82038996782165
904   305.82038996782165
905   305.82038996782165
906   305.82038996782165
907   305.82038996782165
908   305.82038996782165
909   305.82038996782165
910   305.82038996782165
911   305.82038996782165
912   305.82038996782165
913   305.82038996782165
914   305.82038996782165
915   305.82038996782165
916   305.82038996782165
917   305.82038996782165
918   305.82038996782165
919   305.82038996782165
920   305.82038996782165
921   305.82038996782165
922   305.82038996782165
923   305.82038996782165
924   305.82038996782165
925   305.82038996782165
926   305.82038996782165
927   305.82038996782165
928   305.82038996782165
929   305.82038996782165
930   305.82038996782165
931   305.82038996782165
932   305.82038996782165
933   305.82038996782165
934   305.82038996782165
935   305.82038996782165
936   305.82038996782165
937   305.82038996782165
938   305.82038996782165
939   305.82038996782165
940   305.82038996782165
941   305.82038996782165
942   305.82038996782165
943   305.82038996782165
944   305.82038996782165
945   305.82038996782165
946   305.82038996782165
947   305.82038996782165
948   305.82038996782165
949   305.82038996782165
950   305.82038996782165
951   305.82038996782165
952   305.82038996782165
953   305.82038996782165
954   305.82038996782165
955   305.82038996782165
956   305.82038996782165
957   305.82038996782165
958   305.82038996782165
959   305.82038996782165
960   305.82038996782165
961   305.82038996782165
962   305.82038996782165
963   305.82038996782165
964   305.82038996782165
965   305.82038996782165
966   305.82038996782165
967   305.82038996782165
968   305.82038996782165
969   305.82038996782165
970   305.82038996782165
971   305.82038996782165
972   305.82038996782165
973   305.82038996782165
974   305.82038996782165
975   305.82038996782165
976   305.82038996782165
977   305.82038996782165
978   305.82038996782165
979   305.82038996782165
980   305.82038996782165
981   305.82038996782165
982   305.82038996782165
983   305.82038996782165
984   305.82038996782165
985   305.82038996782165
986   305.82038996782165
987   305.82038996782165
988   305.82038996782165
989   305.82038996782165
990   305.82038996782165
991   305.82038996782165
992   305.82038996782165
993   305.82038996782165
994   305.82038996782165
995   305.82038996782165
996   305.82038996782165
997   305.82038996782165
998   305.82038996782165
999   305.82038996782165
