1   690.5607181745329
2   690.5607181745329
3   690.5607181745329
4   690.5607181745329
5   690.5607181745329
6   690.5607181745329
7   690.5607181745329
8   690.5607181745329
9   690.5607181745329
10   690.5607181745329
11   690.5607181745329
12   561.8734856516854
13   561.8734856516854
14   561.8734856516854
15   561.8734856516854
16   561.8734856516854
17   561.8734856516854
18   561.8734856516854
19   561.8734856516854
20   561.8734856516854
21   561.8734856516854
22   561.8734856516854
23   561.8734856516854
24   561.8734856516854
25   561.8734856516854
26   561.8734856516854
27   561.8734856516854
28   561.8734856516854
29   561.8734856516854
30   561.8734856516854
31   561.8734856516854
32   561.8734856516854
33   561.8734856516854
34   561.8734856516854
35   561.8734856516854
36   561.8734856516854
37   561.8734856516854
38   561.8734856516854
39   561.8734856516854
40   561.8734856516854
41   561.8734856516854
42   561.8734856516854
43   561.8734856516854
44   561.8734856516854
45   561.8734856516854
46   561.8734856516854
47   561.8734856516854
48   561.8734856516854
49   561.8734856516854
50   561.8734856516854
51   561.8734856516854
52   561.8734856516854
53   561.8734856516854
54   561.8734856516854
55   561.8734856516854
56   561.8734856516854
57   561.8734856516854
58   561.8734856516854
59   561.8734856516854
60   561.8734856516854
61   561.8734856516854
62   561.8734856516854
63   561.8734856516854
64   561.8734856516854
65   561.8734856516854
66   561.8734856516854
67   561.8734856516854
68   561.8734856516854
69   561.8734856516854
70   561.8734856516854
71   561.8734856516854
72   561.8734856516854
73   561.8734856516854
74   561.8734856516854
75   561.8734856516854
76   561.8734856516854
77   561.8734856516854
78   561.8734856516854
79   561.8734856516854
80   561.8734856516854
81   561.8734856516854
82   561.8734856516854
83   561.8734856516854
84   561.8734856516854
85   561.8734856516854
86   561.8734856516854
87   561.8734856516854
88   561.8734856516854
89   561.8734856516854
90   561.8734856516854
91   561.8734856516854
92   561.8734856516854
93   561.8734856516854
94   561.8734856516854
95   561.8734856516854
96   561.8734856516854
97   561.8734856516854
98   561.8734856516854
99   561.8734856516854
100   561.8734856516854
101   561.8734856516854
102   561.8734856516854
103   561.8734856516854
104   561.8734856516854
105   561.8734856516854
106   561.8734856516854
107   561.8734856516854
108   561.8734856516854
109   561.8734856516854
110   561.8734856516854
111   561.8734856516854
112   561.8734856516854
113   561.8734856516854
114   561.8734856516854
115   561.8734856516854
116   561.8734856516854
117   561.8734856516854
118   561.8734856516854
119   561.8734856516854
120   561.8734856516854
121   561.8734856516854
122   561.8734856516854
123   561.8734856516854
124   561.8734856516854
125   561.8734856516854
126   561.8734856516854
127   561.8734856516854
128   561.8734856516854
129   561.8734856516854
130   561.8734856516854
131   561.8734856516854
132   561.8734856516854
133   561.8734856516854
134   561.8734856516854
135   561.8734856516854
136   561.8734856516854
137   561.8734856516854
138   561.8734856516854
139   561.8734856516854
140   561.8734856516854
141   561.8734856516854
142   561.8734856516854
143   561.8734856516854
144   561.8734856516854
145   561.8734856516854
146   561.8734856516854
147   561.8734856516854
148   561.8734856516854
149   561.8734856516854
150   561.8734856516854
151   561.8734856516854
152   561.8734856516854
153   561.8734856516854
154   561.8734856516854
155   561.8734856516854
156   561.8734856516854
157   561.8734856516854
158   561.8734856516854
159   561.8734856516854
160   561.8734856516854
161   561.8734856516854
162   561.8734856516854
163   561.8734856516854
164   561.8734856516854
165   561.8734856516854
166   561.8734856516854
167   561.8734856516854
168   561.8734856516854
169   561.8734856516854
170   561.8734856516854
171   561.8734856516854
172   561.8734856516854
173   561.8734856516854
174   561.8734856516854
175   561.8734856516854
176   561.8734856516854
177   561.8734856516854
178   561.8734856516854
179   561.8734856516854
180   561.8734856516854
181   561.8734856516854
182   561.8734856516854
183   561.8734856516854
184   561.8734856516854
185   561.8734856516854
186   561.8734856516854
187   561.8734856516854
188   561.8734856516854
189   561.8734856516854
190   561.8734856516854
191   561.8734856516854
192   561.8734856516854
193   561.8734856516854
194   561.8734856516854
195   561.8734856516854
196   561.8734856516854
197   561.8734856516854
198   561.8734856516854
199   561.8734856516854
200   561.8734856516854
201   561.8734856516854
202   561.8734856516854
203   561.8734856516854
204   561.8734856516854
205   561.8734856516854
206   561.8734856516854
207   561.8734856516854
208   561.8734856516854
209   561.8734856516854
210   561.8734856516854
211   561.8734856516854
212   561.8734856516854
213   561.8734856516854
214   561.8734856516854
215   561.8734856516854
216   561.8734856516854
217   561.8734856516854
218   561.8734856516854
219   561.8734856516854
220   561.8734856516854
221   561.8734856516854
222   561.8734856516854
223   561.8734856516854
224   561.8734856516854
225   561.8734856516854
226   561.8734856516854
227   561.8734856516854
228   561.8734856516854
229   561.8734856516854
230   561.8734856516854
231   561.8734856516854
232   561.8734856516854
233   561.8734856516854
234   561.8734856516854
235   561.8734856516854
236   561.8734856516854
237   561.8734856516854
238   561.8734856516854
239   561.8734856516854
240   561.8734856516854
241   561.8734856516854
242   561.8734856516854
243   561.8734856516854
244   561.8734856516854
245   561.8734856516854
246   561.8734856516854
247   561.8734856516854
248   561.8734856516854
249   561.8734856516854
250   561.8734856516854
251   561.8734856516854
252   561.8734856516854
253   561.8734856516854
254   561.8734856516854
255   561.8734856516854
256   561.8734856516854
257   561.8734856516854
258   561.8734856516854
259   561.8734856516854
260   561.8734856516854
261   561.8734856516854
262   561.8734856516854
263   561.8734856516854
264   561.8734856516854
265   561.8734856516854
266   561.8734856516854
267   561.8734856516854
268   561.8734856516854
269   561.8734856516854
270   561.8734856516854
271   561.8734856516854
272   561.8734856516854
273   561.8734856516854
274   561.8734856516854
275   561.8734856516854
276   561.8734856516854
277   561.8734856516854
278   561.8734856516854
279   561.8734856516854
280   561.8734856516854
281   561.8734856516854
282   561.8734856516854
283   561.8734856516854
284   561.8734856516854
285   561.8734856516854
286   561.8734856516854
287   561.8734856516854
288   561.8734856516854
289   561.8734856516854
290   561.8734856516854
291   561.8734856516854
292   561.8734856516854
293   561.8734856516854
294   561.8734856516854
295   561.8734856516854
296   561.8734856516854
297   561.8734856516854
298   561.8734856516854
299   561.8734856516854
300   561.8734856516854
301   561.8734856516854
302   561.8734856516854
303   561.8734856516854
304   561.8734856516854
305   561.8734856516854
306   561.8734856516854
307   561.8734856516854
308   561.8734856516854
309   561.8734856516854
310   561.8734856516854
311   561.8734856516854
312   561.8734856516854
313   561.8734856516854
314   561.8734856516854
315   561.8734856516854
316   561.8734856516854
317   561.8734856516854
318   561.8734856516854
319   561.8734856516854
320   561.8734856516854
321   561.8734856516854
322   561.8734856516854
323   561.8734856516854
324   561.8734856516854
325   561.8734856516854
326   561.8734856516854
327   561.8734856516854
328   561.8734856516854
329   561.8734856516854
330   561.8734856516854
331   561.8734856516854
332   561.8734856516854
333   561.8734856516854
334   561.8734856516854
335   561.8734856516854
336   561.8734856516854
337   561.8734856516854
338   561.8734856516854
339   561.8734856516854
340   561.8734856516854
341   561.8734856516854
342   561.8734856516854
343   561.8734856516854
344   561.8734856516854
345   561.8734856516854
346   561.8734856516854
347   561.8734856516854
348   561.8734856516854
349   561.8734856516854
350   561.8734856516854
351   561.8734856516854
352   561.8734856516854
353   561.8734856516854
354   561.8734856516854
355   561.8734856516854
356   561.8734856516854
357   561.8734856516854
358   561.8734856516854
359   561.8734856516854
360   561.8734856516854
361   561.8734856516854
362   561.8734856516854
363   561.8734856516854
364   561.8734856516854
365   561.8734856516854
366   561.8734856516854
367   561.8734856516854
368   561.8734856516854
369   561.8734856516854
370   561.8734856516854
371   561.8734856516854
372   561.8734856516854
373   561.8734856516854
374   561.8734856516854
375   561.8734856516854
376   561.8734856516854
377   561.8734856516854
378   561.8734856516854
379   561.8734856516854
380   561.8734856516854
381   561.8734856516854
382   561.8734856516854
383   561.8734856516854
384   561.8734856516854
385   561.8734856516854
386   561.8734856516854
387   561.8734856516854
388   561.8734856516854
389   561.8734856516854
390   561.8734856516854
391   561.8734856516854
392   561.8734856516854
393   561.8734856516854
394   561.8734856516854
395   561.8734856516854
396   561.8734856516854
397   561.8734856516854
398   561.8734856516854
399   561.8734856516854
400   561.8734856516854
401   561.8734856516854
402   561.8734856516854
403   561.8734856516854
404   561.8734856516854
405   561.8734856516854
406   561.8734856516854
407   561.8734856516854
408   561.8734856516854
409   561.8734856516854
410   561.8734856516854
411   561.8734856516854
412   561.8734856516854
413   561.8734856516854
414   561.8734856516854
415   561.8734856516854
416   561.8734856516854
417   561.8734856516854
418   561.8734856516854
419   561.8734856516854
420   561.8734856516854
421   561.8734856516854
422   561.8734856516854
423   561.8734856516854
424   561.8734856516854
425   561.8734856516854
426   561.8734856516854
427   561.8734856516854
428   561.8734856516854
429   561.8734856516854
430   561.8734856516854
431   561.8734856516854
432   561.8734856516854
433   561.8734856516854
434   561.8734856516854
435   561.8734856516854
436   561.8734856516854
437   561.8734856516854
438   561.8734856516854
439   561.8734856516854
440   561.8734856516854
441   561.8734856516854
442   561.8734856516854
443   561.8734856516854
444   561.8734856516854
445   561.8734856516854
446   561.8734856516854
447   561.8734856516854
448   561.8734856516854
449   561.8734856516854
450   561.8734856516854
451   561.8734856516854
452   561.8734856516854
453   561.8734856516854
454   561.8734856516854
455   561.8734856516854
456   561.8734856516854
457   561.8734856516854
458   561.8734856516854
459   561.8734856516854
460   561.8734856516854
461   561.8734856516854
462   561.8734856516854
463   561.8734856516854
464   561.8734856516854
465   561.8734856516854
466   561.8734856516854
467   561.8734856516854
468   561.8734856516854
469   561.8734856516854
470   561.8734856516854
471   561.8734856516854
472   561.8734856516854
473   561.8734856516854
474   561.8734856516854
475   561.8734856516854
476   561.8734856516854
477   561.8734856516854
478   561.8734856516854
479   561.8734856516854
480   561.8734856516854
481   561.8734856516854
482   561.8734856516854
483   561.8734856516854
484   561.8734856516854
485   561.8734856516854
486   561.8734856516854
487   561.8734856516854
488   561.8734856516854
489   561.8734856516854
490   561.8734856516854
491   561.8734856516854
492   561.8734856516854
493   561.8734856516854
494   561.8734856516854
495   561.8734856516854
496   561.8734856516854
497   561.8734856516854
498   561.8734856516854
499   561.8734856516854
500   561.8734856516854
501   561.8734856516854
502   561.8734856516854
503   561.8734856516854
504   561.8734856516854
505   561.8734856516854
506   561.8734856516854
507   561.8734856516854
508   561.8734856516854
509   561.8734856516854
510   561.8734856516854
511   561.8734856516854
512   561.8734856516854
513   561.8734856516854
514   561.8734856516854
515   561.8734856516854
516   561.8734856516854
517   561.8734856516854
518   561.8734856516854
519   561.8734856516854
520   561.8734856516854
521   561.8734856516854
522   561.8734856516854
523   561.8734856516854
524   561.8734856516854
525   561.8734856516854
526   561.8734856516854
527   561.8734856516854
528   561.8734856516854
529   561.8734856516854
530   561.8734856516854
531   561.8734856516854
532   561.8734856516854
533   561.8734856516854
534   561.8734856516854
535   561.8734856516854
536   561.8734856516854
537   561.8734856516854
538   561.8734856516854
539   561.8734856516854
540   561.8734856516854
541   561.8734856516854
542   561.8734856516854
543   561.8734856516854
544   561.8734856516854
545   561.8734856516854
546   561.8734856516854
547   561.8734856516854
548   561.8734856516854
549   561.8734856516854
550   561.8734856516854
551   561.8734856516854
552   561.8734856516854
553   561.8734856516854
554   561.8734856516854
555   561.8734856516854
556   561.8734856516854
557   561.8734856516854
558   561.8734856516854
559   561.8734856516854
560   561.8734856516854
561   561.8734856516854
562   561.8734856516854
563   561.8734856516854
564   561.8734856516854
565   561.8734856516854
566   561.8734856516854
567   561.8734856516854
568   561.8734856516854
569   561.8734856516854
570   561.8734856516854
571   561.8734856516854
572   561.8734856516854
573   561.8734856516854
574   561.8734856516854
575   561.8734856516854
576   561.8734856516854
577   561.8734856516854
578   561.8734856516854
579   561.8734856516854
580   561.8734856516854
581   561.8734856516854
582   561.8734856516854
583   561.8734856516854
584   561.8734856516854
585   561.8734856516854
586   561.8734856516854
587   561.8734856516854
588   561.8734856516854
589   561.8734856516854
590   561.8734856516854
591   561.8734856516854
592   561.8734856516854
593   561.8734856516854
594   561.8734856516854
595   561.8734856516854
596   561.8734856516854
597   561.8734856516854
598   561.8734856516854
599   561.8734856516854
600   561.8734856516854
601   561.8734856516854
602   561.8734856516854
603   561.8734856516854
604   561.8734856516854
605   561.8734856516854
606   561.8734856516854
607   561.8734856516854
608   561.8734856516854
609   561.8734856516854
610   561.8734856516854
611   561.8734856516854
612   561.8734856516854
613   561.8734856516854
614   561.8734856516854
615   561.8734856516854
616   561.8734856516854
617   561.8734856516854
618   561.8734856516854
619   561.8734856516854
620   561.8734856516854
621   561.8734856516854
622   561.8734856516854
623   561.8734856516854
624   561.8734856516854
625   561.8734856516854
626   561.8734856516854
627   561.8734856516854
628   561.8734856516854
629   561.8734856516854
630   561.8734856516854
631   561.8734856516854
632   561.8734856516854
633   561.8734856516854
634   561.8734856516854
635   561.8734856516854
636   561.8734856516854
637   561.8734856516854
638   561.8734856516854
639   561.8734856516854
640   561.8734856516854
641   561.8734856516854
642   561.8734856516854
643   561.8734856516854
644   561.8734856516854
645   561.8734856516854
646   561.8734856516854
647   561.8734856516854
648   561.8734856516854
649   561.8734856516854
650   561.8734856516854
651   561.8734856516854
652   561.8734856516854
653   561.8734856516854
654   561.8734856516854
655   561.8734856516854
656   561.8734856516854
657   561.8734856516854
658   561.8734856516854
659   561.8734856516854
660   561.8734856516854
661   561.8734856516854
662   561.8734856516854
663   561.8734856516854
664   561.8734856516854
665   561.8734856516854
666   561.8734856516854
667   561.8734856516854
668   561.8734856516854
669   561.8734856516854
670   561.8734856516854
671   561.8734856516854
672   561.8734856516854
673   561.8734856516854
674   561.8734856516854
675   561.8734856516854
676   561.8734856516854
677   561.8734856516854
678   561.8734856516854
679   561.8734856516854
680   561.8734856516854
681   561.8734856516854
682   561.8734856516854
683   561.8734856516854
684   561.8734856516854
685   561.8734856516854
686   561.8734856516854
687   561.8734856516854
688   561.8734856516854
689   561.8734856516854
690   561.8734856516854
691   561.8734856516854
692   561.8734856516854
693   561.8734856516854
694   561.8734856516854
695   561.8734856516854
696   561.8734856516854
697   561.8734856516854
698   561.8734856516854
699   561.8734856516854
700   561.8734856516854
701   561.8734856516854
702   561.8734856516854
703   561.8734856516854
704   561.8734856516854
705   561.8734856516854
706   561.8734856516854
707   561.8734856516854
708   561.8734856516854
709   561.8734856516854
710   561.8734856516854
711   561.8734856516854
712   561.8734856516854
713   561.8734856516854
714   561.8734856516854
715   561.8734856516854
716   561.8734856516854
717   561.8734856516854
718   561.8734856516854
719   561.8734856516854
720   561.8734856516854
721   561.8734856516854
722   561.8734856516854
723   561.8734856516854
724   561.8734856516854
725   561.8734856516854
726   561.8734856516854
727   561.8734856516854
728   561.8734856516854
729   561.8734856516854
730   561.8734856516854
731   561.8734856516854
732   561.8734856516854
733   561.8734856516854
734   561.8734856516854
735   561.8734856516854
736   561.8734856516854
737   561.8734856516854
738   561.8734856516854
739   561.8734856516854
740   561.8734856516854
741   561.8734856516854
742   561.8734856516854
743   561.8734856516854
744   561.8734856516854
745   561.8734856516854
746   561.8734856516854
747   561.8734856516854
748   561.8734856516854
749   561.8734856516854
750   561.8734856516854
751   561.8734856516854
752   561.8734856516854
753   561.8734856516854
754   561.8734856516854
755   561.8734856516854
756   561.8734856516854
757   561.8734856516854
758   561.8734856516854
759   561.8734856516854
760   561.8734856516854
761   561.8734856516854
762   561.8734856516854
763   561.8734856516854
764   561.8734856516854
765   561.8734856516854
766   561.8734856516854
767   561.8734856516854
768   561.8734856516854
769   561.8734856516854
770   561.8734856516854
771   561.8734856516854
772   561.8734856516854
773   561.8734856516854
774   561.8734856516854
775   561.8734856516854
776   561.8734856516854
777   561.8734856516854
778   561.8734856516854
779   561.8734856516854
780   561.8734856516854
781   561.8734856516854
782   561.8734856516854
783   561.8734856516854
784   561.8734856516854
785   561.8734856516854
786   561.8734856516854
787   561.8734856516854
788   561.8734856516854
789   561.8734856516854
790   561.8734856516854
791   561.8734856516854
792   561.8734856516854
793   561.8734856516854
794   561.8734856516854
795   561.8734856516854
796   561.8734856516854
797   561.8734856516854
798   561.8734856516854
799   561.8734856516854
800   561.8734856516854
801   561.8734856516854
802   561.8734856516854
803   561.8734856516854
804   561.8734856516854
805   561.8734856516854
806   561.8734856516854
807   561.8734856516854
808   561.8734856516854
809   561.8734856516854
810   561.8734856516854
811   561.8734856516854
812   561.8734856516854
813   561.8734856516854
814   561.8734856516854
815   561.8734856516854
816   561.8734856516854
817   561.8734856516854
818   561.8734856516854
819   561.8734856516854
820   561.8734856516854
821   561.8734856516854
822   561.8734856516854
823   561.8734856516854
824   561.8734856516854
825   561.8734856516854
826   561.8734856516854
827   561.8734856516854
828   561.8734856516854
829   561.8734856516854
830   561.8734856516854
831   561.8734856516854
832   561.8734856516854
833   561.8734856516854
834   561.8734856516854
835   561.8734856516854
836   561.8734856516854
837   561.8734856516854
838   561.8734856516854
839   561.8734856516854
840   561.8734856516854
841   561.8734856516854
842   561.8734856516854
843   561.8734856516854
844   561.8734856516854
845   561.8734856516854
846   561.8734856516854
847   561.8734856516854
848   561.8734856516854
849   561.8734856516854
850   561.8734856516854
851   561.8734856516854
852   561.8734856516854
853   561.8734856516854
854   561.8734856516854
855   561.8734856516854
856   561.8734856516854
857   561.8734856516854
858   561.8734856516854
859   561.8734856516854
860   561.8734856516854
861   561.8734856516854
862   561.8734856516854
863   561.8734856516854
864   561.8734856516854
865   561.8734856516854
866   561.8734856516854
867   561.8734856516854
868   561.8734856516854
869   561.8734856516854
870   561.8734856516854
871   561.8734856516854
872   561.8734856516854
873   561.8734856516854
874   561.8734856516854
875   561.8734856516854
876   561.8734856516854
877   561.8734856516854
878   561.8734856516854
879   561.8734856516854
880   561.8734856516854
881   561.8734856516854
882   561.8734856516854
883   561.8734856516854
884   561.8734856516854
885   561.8734856516854
886   561.8734856516854
887   561.8734856516854
888   561.8734856516854
889   561.8734856516854
890   561.8734856516854
891   561.8734856516854
892   561.8734856516854
893   561.8734856516854
894   561.8734856516854
895   561.8734856516854
896   561.8734856516854
897   561.8734856516854
898   561.8734856516854
899   561.8734856516854
900   561.8734856516854
901   561.8734856516854
902   561.8734856516854
903   561.8734856516854
904   561.8734856516854
905   561.8734856516854
906   561.8734856516854
907   561.8734856516854
908   561.8734856516854
909   561.8734856516854
910   561.8734856516854
911   561.8734856516854
912   561.8734856516854
913   561.8734856516854
914   561.8734856516854
915   561.8734856516854
916   561.8734856516854
917   561.8734856516854
918   561.8734856516854
919   561.8734856516854
920   561.8734856516854
921   561.8734856516854
922   561.8734856516854
923   561.8734856516854
924   561.8734856516854
925   561.8734856516854
926   561.8734856516854
927   561.8734856516854
928   561.8734856516854
929   561.8734856516854
930   561.8734856516854
931   561.8734856516854
932   561.8734856516854
933   561.8734856516854
934   561.8734856516854
935   561.8734856516854
936   561.8734856516854
937   561.8734856516854
938   561.8734856516854
939   561.8734856516854
940   561.8734856516854
941   561.8734856516854
942   561.8734856516854
943   561.8734856516854
944   561.8734856516854
945   561.8734856516854
946   561.8734856516854
947   561.8734856516854
948   561.8734856516854
949   561.8734856516854
950   561.8734856516854
951   561.8734856516854
952   561.8734856516854
953   561.8734856516854
954   561.8734856516854
955   561.8734856516854
956   561.8734856516854
957   561.8734856516854
958   561.8734856516854
959   561.8734856516854
960   561.8734856516854
961   561.8734856516854
962   561.8734856516854
963   561.8734856516854
964   561.8734856516854
965   561.8734856516854
966   561.8734856516854
967   561.8734856516854
968   561.8734856516854
969   561.8734856516854
970   561.8734856516854
971   561.8734856516854
972   561.8734856516854
973   561.8734856516854
974   561.8734856516854
975   561.8734856516854
976   561.8734856516854
977   561.8734856516854
978   561.8734856516854
979   561.8734856516854
980   561.8734856516854
981   561.8734856516854
982   561.8734856516854
983   561.8734856516854
984   561.8734856516854
985   561.8734856516854
986   561.8734856516854
987   561.8734856516854
988   561.8734856516854
989   561.8734856516854
990   561.8734856516854
991   561.8734856516854
992   561.8734856516854
993   561.8734856516854
994   561.8734856516854
995   561.8734856516854
996   561.8734856516854
997   561.8734856516854
998   561.8734856516854
999   561.8734856516854
