1   566.3177095469521
2   566.3177095469521
3   566.3177095469521
4   566.3177095469521
5   566.3177095469521
6   566.3177095469521
7   566.3177095469521
8   566.3177095469521
9   566.3177095469521
10   566.3177095469521
11   566.3177095469521
12   566.3177095469521
13   566.3177095469521
14   566.3177095469521
15   566.3177095469521
16   566.3177095469521
17   566.3177095469521
18   566.3177095469521
19   566.3177095469521
20   566.3177095469521
21   566.3177095469521
22   566.3177095469521
23   566.3177095469521
24   566.3177095469521
25   566.3177095469521
26   566.3177095469521
27   566.3177095469521
28   566.3177095469521
29   566.3177095469521
30   566.3177095469521
31   566.3177095469521
32   566.3177095469521
33   566.3177095469521
34   566.3177095469521
35   566.3177095469521
36   566.3177095469521
37   566.3177095469521
38   566.3177095469521
39   566.3177095469521
40   566.3177095469521
41   566.3177095469521
42   566.3177095469521
43   566.3177095469521
44   566.3177095469521
45   566.3177095469521
46   566.3177095469521
47   566.3177095469521
48   566.3177095469521
49   566.3177095469521
50   566.3177095469521
51   566.3177095469521
52   566.3177095469521
53   566.3177095469521
54   566.3177095469521
55   566.3177095469521
56   566.3177095469521
57   566.3177095469521
58   566.3177095469521
59   566.3177095469521
60   566.3177095469521
61   566.3177095469521
62   566.3177095469521
63   566.3177095469521
64   566.3177095469521
65   566.3177095469521
66   566.3177095469521
67   566.3177095469521
68   566.3177095469521
69   566.3177095469521
70   566.3177095469521
71   566.3177095469521
72   566.3177095469521
73   566.3177095469521
74   566.3177095469521
75   566.3177095469521
76   566.3177095469521
77   566.3177095469521
78   566.3177095469521
79   566.3177095469521
80   566.3177095469521
81   566.3177095469521
82   566.3177095469521
83   566.3177095469521
84   566.3177095469521
85   566.3177095469521
86   566.3177095469521
87   566.3177095469521
88   566.3177095469521
89   566.3177095469521
90   566.3177095469521
91   566.3177095469521
92   566.3177095469521
93   566.3177095469521
94   566.3177095469521
95   566.3177095469521
96   566.3177095469521
97   566.3177095469521
98   566.3177095469521
99   566.3177095469521
100   566.3177095469521
101   566.3177095469521
102   566.3177095469521
103   566.3177095469521
104   566.3177095469521
105   566.3177095469521
106   566.3177095469521
107   566.3177095469521
108   566.3177095469521
109   566.3177095469521
110   566.3177095469521
111   566.3177095469521
112   566.3177095469521
113   566.3177095469521
114   566.3177095469521
115   566.3177095469521
116   566.3177095469521
117   566.3177095469521
118   566.3177095469521
119   566.3177095469521
120   566.3177095469521
121   566.3177095469521
122   566.3177095469521
123   566.3177095469521
124   566.3177095469521
125   566.3177095469521
126   566.3177095469521
127   566.3177095469521
128   566.3177095469521
129   566.3177095469521
130   566.3177095469521
131   566.3177095469521
132   566.3177095469521
133   566.3177095469521
134   566.3177095469521
135   566.3177095469521
136   566.3177095469521
137   566.3177095469521
138   566.3177095469521
139   566.3177095469521
140   566.3177095469521
141   566.3177095469521
142   566.3177095469521
143   566.3177095469521
144   566.3177095469521
145   566.3177095469521
146   566.3177095469521
147   566.3177095469521
148   566.3177095469521
149   566.3177095469521
150   566.3177095469521
151   566.3177095469521
152   566.3177095469521
153   566.3177095469521
154   566.3177095469521
155   566.3177095469521
156   566.3177095469521
157   566.3177095469521
158   566.3177095469521
159   566.3177095469521
160   566.3177095469521
161   566.3177095469521
162   566.3177095469521
163   566.3177095469521
164   566.3177095469521
165   566.3177095469521
166   566.3177095469521
167   566.3177095469521
168   566.3177095469521
169   566.3177095469521
170   566.3177095469521
171   566.3177095469521
172   566.3177095469521
173   566.3177095469521
174   566.3177095469521
175   566.3177095469521
176   566.3177095469521
177   566.3177095469521
178   566.3177095469521
179   566.3177095469521
180   566.3177095469521
181   566.3177095469521
182   566.3177095469521
183   566.3177095469521
184   566.3177095469521
185   566.3177095469521
186   566.3177095469521
187   566.3177095469521
188   566.3177095469521
189   566.3177095469521
190   566.3177095469521
191   566.3177095469521
192   566.3177095469521
193   566.3177095469521
194   566.3177095469521
195   566.3177095469521
196   566.3177095469521
197   566.3177095469521
198   566.3177095469521
199   566.3177095469521
200   566.3177095469521
201   566.3177095469521
202   566.3177095469521
203   566.3177095469521
204   566.3177095469521
205   566.3177095469521
206   566.3177095469521
207   566.3177095469521
208   566.3177095469521
209   566.3177095469521
210   566.3177095469521
211   566.3177095469521
212   566.3177095469521
213   566.3177095469521
214   566.3177095469521
215   566.3177095469521
216   566.3177095469521
217   566.3177095469521
218   566.3177095469521
219   566.3177095469521
220   566.3177095469521
221   566.3177095469521
222   566.3177095469521
223   566.3177095469521
224   566.3177095469521
225   566.3177095469521
226   566.3177095469521
227   566.3177095469521
228   566.3177095469521
229   566.3177095469521
230   566.3177095469521
231   566.3177095469521
232   566.3177095469521
233   566.3177095469521
234   566.3177095469521
235   566.3177095469521
236   566.3177095469521
237   566.3177095469521
238   566.3177095469521
239   566.3177095469521
240   566.3177095469521
241   566.3177095469521
242   566.3177095469521
243   566.3177095469521
244   566.3177095469521
245   566.3177095469521
246   566.3177095469521
247   566.3177095469521
248   566.3177095469521
249   566.3177095469521
250   566.3177095469521
251   566.3177095469521
252   566.3177095469521
253   566.3177095469521
254   566.3177095469521
255   566.3177095469521
256   566.3177095469521
257   566.3177095469521
258   566.3177095469521
259   566.3177095469521
260   566.3177095469521
261   566.3177095469521
262   566.3177095469521
263   566.3177095469521
264   566.3177095469521
265   566.3177095469521
266   566.3177095469521
267   566.3177095469521
268   566.3177095469521
269   566.3177095469521
270   566.3177095469521
271   566.3177095469521
272   566.3177095469521
273   566.3177095469521
274   566.3177095469521
275   566.3177095469521
276   566.3177095469521
277   566.3177095469521
278   566.3177095469521
279   566.3177095469521
280   566.3177095469521
281   566.3177095469521
282   566.3177095469521
283   566.3177095469521
284   566.3177095469521
285   566.3177095469521
286   566.3177095469521
287   566.3177095469521
288   566.3177095469521
289   566.3177095469521
290   566.3177095469521
291   566.3177095469521
292   566.3177095469521
293   566.3177095469521
294   566.3177095469521
295   566.3177095469521
296   566.3177095469521
297   566.3177095469521
298   566.3177095469521
299   566.3177095469521
300   566.3177095469521
301   566.3177095469521
302   566.3177095469521
303   566.3177095469521
304   566.3177095469521
305   566.3177095469521
306   566.3177095469521
307   566.3177095469521
308   566.3177095469521
309   566.3177095469521
310   566.3177095469521
311   566.3177095469521
312   566.3177095469521
313   566.3177095469521
314   566.3177095469521
315   566.3177095469521
316   566.3177095469521
317   566.3177095469521
318   566.3177095469521
319   566.3177095469521
320   566.3177095469521
321   566.3177095469521
322   566.3177095469521
323   566.3177095469521
324   566.3177095469521
325   566.3177095469521
326   566.3177095469521
327   566.3177095469521
328   566.3177095469521
329   566.3177095469521
330   566.3177095469521
331   566.3177095469521
332   566.3177095469521
333   566.3177095469521
334   566.3177095469521
335   566.3177095469521
336   566.3177095469521
337   566.3177095469521
338   566.3177095469521
339   566.3177095469521
340   566.3177095469521
341   566.3177095469521
342   566.3177095469521
343   566.3177095469521
344   566.3177095469521
345   566.3177095469521
346   566.3177095469521
347   566.3177095469521
348   566.3177095469521
349   566.3177095469521
350   566.3177095469521
351   566.3177095469521
352   566.3177095469521
353   566.3177095469521
354   566.3177095469521
355   566.3177095469521
356   566.3177095469521
357   566.3177095469521
358   566.3177095469521
359   566.3177095469521
360   566.3177095469521
361   566.3177095469521
362   566.3177095469521
363   566.3177095469521
364   566.3177095469521
365   566.3177095469521
366   566.3177095469521
367   566.3177095469521
368   566.3177095469521
369   566.3177095469521
370   566.3177095469521
371   566.3177095469521
372   566.3177095469521
373   566.3177095469521
374   566.3177095469521
375   566.3177095469521
376   566.3177095469521
377   566.3177095469521
378   566.3177095469521
379   566.3177095469521
380   566.3177095469521
381   566.3177095469521
382   566.3177095469521
383   566.3177095469521
384   566.3177095469521
385   566.3177095469521
386   566.3177095469521
387   566.3177095469521
388   566.3177095469521
389   566.3177095469521
390   566.3177095469521
391   566.3177095469521
392   566.3177095469521
393   566.3177095469521
394   566.3177095469521
395   566.3177095469521
396   566.3177095469521
397   566.3177095469521
398   566.3177095469521
399   566.3177095469521
400   566.3177095469521
401   566.3177095469521
402   566.3177095469521
403   566.3177095469521
404   566.3177095469521
405   566.3177095469521
406   566.3177095469521
407   566.3177095469521
408   566.3177095469521
409   566.3177095469521
410   566.3177095469521
411   566.3177095469521
412   566.3177095469521
413   566.3177095469521
414   566.3177095469521
415   566.3177095469521
416   566.3177095469521
417   566.3177095469521
418   566.3177095469521
419   566.3177095469521
420   566.3177095469521
421   566.3177095469521
422   566.3177095469521
423   566.3177095469521
424   566.3177095469521
425   566.3177095469521
426   566.3177095469521
427   566.3177095469521
428   566.3177095469521
429   566.3177095469521
430   566.3177095469521
431   566.3177095469521
432   566.3177095469521
433   566.3177095469521
434   566.3177095469521
435   566.3177095469521
436   566.3177095469521
437   566.3177095469521
438   566.3177095469521
439   566.3177095469521
440   566.3177095469521
441   566.3177095469521
442   566.3177095469521
443   566.3177095469521
444   566.3177095469521
445   566.3177095469521
446   566.3177095469521
447   566.3177095469521
448   566.3177095469521
449   566.3177095469521
450   566.3177095469521
451   566.3177095469521
452   566.3177095469521
453   566.3177095469521
454   566.3177095469521
455   566.3177095469521
456   566.3177095469521
457   566.3177095469521
458   566.3177095469521
459   566.3177095469521
460   566.3177095469521
461   566.3177095469521
462   566.3177095469521
463   566.3177095469521
464   566.3177095469521
465   566.3177095469521
466   566.3177095469521
467   566.3177095469521
468   566.3177095469521
469   566.3177095469521
470   566.3177095469521
471   566.3177095469521
472   566.3177095469521
473   566.3177095469521
474   566.3177095469521
475   566.3177095469521
476   566.3177095469521
477   566.3177095469521
478   566.3177095469521
479   566.3177095469521
480   566.3177095469521
481   566.3177095469521
482   566.3177095469521
483   566.3177095469521
484   566.3177095469521
485   566.3177095469521
486   566.3177095469521
487   566.3177095469521
488   566.3177095469521
489   566.3177095469521
490   566.3177095469521
491   566.3177095469521
492   566.3177095469521
493   566.3177095469521
494   566.3177095469521
495   566.3177095469521
496   566.3177095469521
497   566.3177095469521
498   566.3177095469521
499   566.3177095469521
500   566.3177095469521
501   566.3177095469521
502   566.3177095469521
503   566.3177095469521
504   566.3177095469521
505   566.3177095469521
506   566.3177095469521
507   566.3177095469521
508   566.3177095469521
509   566.3177095469521
510   566.3177095469521
511   566.3177095469521
512   566.3177095469521
513   566.3177095469521
514   566.3177095469521
515   566.3177095469521
516   566.3177095469521
517   566.3177095469521
518   566.3177095469521
519   566.3177095469521
520   566.3177095469521
521   566.3177095469521
522   566.3177095469521
523   566.3177095469521
524   566.3177095469521
525   566.3177095469521
526   566.3177095469521
527   566.3177095469521
528   566.3177095469521
529   566.3177095469521
530   566.3177095469521
531   566.3177095469521
532   566.3177095469521
533   566.3177095469521
534   566.3177095469521
535   566.3177095469521
536   566.3177095469521
537   566.3177095469521
538   566.3177095469521
539   566.3177095469521
540   566.3177095469521
541   566.3177095469521
542   566.3177095469521
543   566.3177095469521
544   566.3177095469521
545   566.3177095469521
546   566.3177095469521
547   566.3177095469521
548   566.3177095469521
549   566.3177095469521
550   566.3177095469521
551   566.3177095469521
552   566.3177095469521
553   566.3177095469521
554   566.3177095469521
555   566.3177095469521
556   566.3177095469521
557   566.3177095469521
558   566.3177095469521
559   566.3177095469521
560   566.3177095469521
561   566.3177095469521
562   566.3177095469521
563   566.3177095469521
564   566.3177095469521
565   566.3177095469521
566   566.3177095469521
567   566.3177095469521
568   566.3177095469521
569   566.3177095469521
570   566.3177095469521
571   566.3177095469521
572   566.3177095469521
573   566.3177095469521
574   566.3177095469521
575   566.3177095469521
576   566.3177095469521
577   566.3177095469521
578   566.3177095469521
579   566.3177095469521
580   566.3177095469521
581   566.3177095469521
582   566.3177095469521
583   566.3177095469521
584   566.3177095469521
585   566.3177095469521
586   566.3177095469521
587   566.3177095469521
588   566.3177095469521
589   566.3177095469521
590   566.3177095469521
591   566.3177095469521
592   566.3177095469521
593   566.3177095469521
594   566.3177095469521
595   566.3177095469521
596   566.3177095469521
597   566.3177095469521
598   566.3177095469521
599   566.3177095469521
600   566.3177095469521
601   566.3177095469521
602   566.3177095469521
603   566.3177095469521
604   566.3177095469521
605   566.3177095469521
606   566.3177095469521
607   566.3177095469521
608   566.3177095469521
609   566.3177095469521
610   566.3177095469521
611   566.3177095469521
612   566.3177095469521
613   566.3177095469521
614   566.3177095469521
615   566.3177095469521
616   566.3177095469521
617   566.3177095469521
618   566.3177095469521
619   566.3177095469521
620   566.3177095469521
621   566.3177095469521
622   566.3177095469521
623   566.3177095469521
624   566.3177095469521
625   566.3177095469521
626   566.3177095469521
627   566.3177095469521
628   566.3177095469521
629   566.3177095469521
630   566.3177095469521
631   566.3177095469521
632   566.3177095469521
633   566.3177095469521
634   566.3177095469521
635   566.3177095469521
636   566.3177095469521
637   566.3177095469521
638   566.3177095469521
639   566.3177095469521
640   566.3177095469521
641   566.3177095469521
642   566.3177095469521
643   566.3177095469521
644   566.3177095469521
645   566.3177095469521
646   566.3177095469521
647   566.3177095469521
648   566.3177095469521
649   566.3177095469521
650   566.3177095469521
651   566.3177095469521
652   566.3177095469521
653   566.3177095469521
654   566.3177095469521
655   566.3177095469521
656   566.3177095469521
657   566.3177095469521
658   566.3177095469521
659   566.3177095469521
660   566.3177095469521
661   566.3177095469521
662   566.3177095469521
663   566.3177095469521
664   566.3177095469521
665   566.3177095469521
666   566.3177095469521
667   566.3177095469521
668   566.3177095469521
669   566.3177095469521
670   566.3177095469521
671   566.3177095469521
672   566.3177095469521
673   566.3177095469521
674   566.3177095469521
675   566.3177095469521
676   566.3177095469521
677   566.3177095469521
678   566.3177095469521
679   566.3177095469521
680   566.3177095469521
681   566.3177095469521
682   566.3177095469521
683   566.3177095469521
684   566.3177095469521
685   566.3177095469521
686   566.3177095469521
687   566.3177095469521
688   566.3177095469521
689   566.3177095469521
690   566.3177095469521
691   566.3177095469521
692   566.3177095469521
693   566.3177095469521
694   566.3177095469521
695   566.3177095469521
696   566.3177095469521
697   566.3177095469521
698   566.3177095469521
699   566.3177095469521
700   566.3177095469521
701   566.3177095469521
702   566.3177095469521
703   566.3177095469521
704   566.3177095469521
705   566.3177095469521
706   566.3177095469521
707   566.3177095469521
708   566.3177095469521
709   566.3177095469521
710   566.3177095469521
711   566.3177095469521
712   566.3177095469521
713   566.3177095469521
714   566.3177095469521
715   566.3177095469521
716   566.3177095469521
717   566.3177095469521
718   566.3177095469521
719   566.3177095469521
720   566.3177095469521
721   566.3177095469521
722   566.3177095469521
723   566.3177095469521
724   566.3177095469521
725   566.3177095469521
726   566.3177095469521
727   566.3177095469521
728   566.3177095469521
729   566.3177095469521
730   566.3177095469521
731   566.3177095469521
732   566.3177095469521
733   566.3177095469521
734   566.3177095469521
735   566.3177095469521
736   566.3177095469521
737   566.3177095469521
738   566.3177095469521
739   566.3177095469521
740   566.3177095469521
741   566.3177095469521
742   566.3177095469521
743   566.3177095469521
744   566.3177095469521
745   566.3177095469521
746   566.3177095469521
747   566.3177095469521
748   566.3177095469521
749   566.3177095469521
750   566.3177095469521
751   566.3177095469521
752   566.3177095469521
753   566.3177095469521
754   566.3177095469521
755   566.3177095469521
756   566.3177095469521
757   566.3177095469521
758   566.3177095469521
759   566.3177095469521
760   566.3177095469521
761   566.3177095469521
762   566.3177095469521
763   566.3177095469521
764   566.3177095469521
765   566.3177095469521
766   566.3177095469521
767   566.3177095469521
768   566.3177095469521
769   566.3177095469521
770   566.3177095469521
771   566.3177095469521
772   566.3177095469521
773   566.3177095469521
774   566.3177095469521
775   566.3177095469521
776   566.3177095469521
777   566.3177095469521
778   566.3177095469521
779   566.3177095469521
780   566.3177095469521
781   566.3177095469521
782   566.3177095469521
783   566.3177095469521
784   566.3177095469521
785   566.3177095469521
786   566.3177095469521
787   566.3177095469521
788   566.3177095469521
789   566.3177095469521
790   566.3177095469521
791   566.3177095469521
792   566.3177095469521
793   566.3177095469521
794   566.3177095469521
795   566.3177095469521
796   566.3177095469521
797   566.3177095469521
798   566.3177095469521
799   566.3177095469521
800   566.3177095469521
801   566.3177095469521
802   566.3177095469521
803   566.3177095469521
804   566.3177095469521
805   566.3177095469521
806   566.3177095469521
807   566.3177095469521
808   566.3177095469521
809   566.3177095469521
810   566.3177095469521
811   566.3177095469521
812   566.3177095469521
813   566.3177095469521
814   566.3177095469521
815   566.3177095469521
816   566.3177095469521
817   566.3177095469521
818   566.3177095469521
819   566.3177095469521
820   566.3177095469521
821   566.3177095469521
822   566.3177095469521
823   566.3177095469521
824   566.3177095469521
825   566.3177095469521
826   566.3177095469521
827   566.3177095469521
828   566.3177095469521
829   566.3177095469521
830   566.3177095469521
831   566.3177095469521
832   566.3177095469521
833   566.3177095469521
834   566.3177095469521
835   566.3177095469521
836   566.3177095469521
837   566.3177095469521
838   566.3177095469521
839   566.3177095469521
840   566.3177095469521
841   566.3177095469521
842   566.3177095469521
843   566.3177095469521
844   566.3177095469521
845   566.3177095469521
846   566.3177095469521
847   566.3177095469521
848   566.3177095469521
849   566.3177095469521
850   566.3177095469521
851   566.3177095469521
852   566.3177095469521
853   566.3177095469521
854   566.3177095469521
855   566.3177095469521
856   566.3177095469521
857   566.3177095469521
858   566.3177095469521
859   566.3177095469521
860   566.3177095469521
861   566.3177095469521
862   566.3177095469521
863   566.3177095469521
864   566.3177095469521
865   566.3177095469521
866   566.3177095469521
867   566.3177095469521
868   566.3177095469521
869   566.3177095469521
870   566.3177095469521
871   566.3177095469521
872   566.3177095469521
873   566.3177095469521
874   566.3177095469521
875   566.3177095469521
876   566.3177095469521
877   566.3177095469521
878   566.3177095469521
879   566.3177095469521
880   566.3177095469521
881   566.3177095469521
882   566.3177095469521
883   566.3177095469521
884   566.3177095469521
885   566.3177095469521
886   566.3177095469521
887   566.3177095469521
888   566.3177095469521
889   566.3177095469521
890   566.3177095469521
891   566.3177095469521
892   566.3177095469521
893   566.3177095469521
894   566.3177095469521
895   566.3177095469521
896   566.3177095469521
897   566.3177095469521
898   566.3177095469521
899   566.3177095469521
900   566.3177095469521
901   566.3177095469521
902   566.3177095469521
903   566.3177095469521
904   566.3177095469521
905   566.3177095469521
906   566.3177095469521
907   566.3177095469521
908   566.3177095469521
909   566.3177095469521
910   566.3177095469521
911   566.3177095469521
912   566.3177095469521
913   566.3177095469521
914   566.3177095469521
915   566.3177095469521
916   566.3177095469521
917   566.3177095469521
918   566.3177095469521
919   566.3177095469521
920   566.3177095469521
921   566.3177095469521
922   566.3177095469521
923   566.3177095469521
924   566.3177095469521
925   566.3177095469521
926   566.3177095469521
927   566.3177095469521
928   566.3177095469521
929   566.3177095469521
930   566.3177095469521
931   566.3177095469521
932   566.3177095469521
933   566.3177095469521
934   566.3177095469521
935   566.3177095469521
936   566.3177095469521
937   566.3177095469521
938   566.3177095469521
939   566.3177095469521
940   566.3177095469521
941   566.3177095469521
942   566.3177095469521
943   566.3177095469521
944   566.3177095469521
945   566.3177095469521
946   566.3177095469521
947   566.3177095469521
948   566.3177095469521
949   566.3177095469521
950   566.3177095469521
951   566.3177095469521
952   566.3177095469521
953   566.3177095469521
954   566.3177095469521
955   566.3177095469521
956   566.3177095469521
957   566.3177095469521
958   566.3177095469521
959   566.3177095469521
960   566.3177095469521
961   566.3177095469521
962   566.3177095469521
963   566.3177095469521
964   566.3177095469521
965   566.3177095469521
966   566.3177095469521
967   566.3177095469521
968   566.3177095469521
969   566.3177095469521
970   566.3177095469521
971   566.3177095469521
972   566.3177095469521
973   566.3177095469521
974   566.3177095469521
975   566.3177095469521
976   566.3177095469521
977   566.3177095469521
978   566.3177095469521
979   566.3177095469521
980   566.3177095469521
981   566.3177095469521
982   566.3177095469521
983   566.3177095469521
984   566.3177095469521
985   566.3177095469521
986   566.3177095469521
987   566.3177095469521
988   566.3177095469521
989   566.3177095469521
990   566.3177095469521
991   566.3177095469521
992   566.3177095469521
993   566.3177095469521
994   566.3177095469521
995   566.3177095469521
996   566.3177095469521
997   566.3177095469521
998   566.3177095469521
999   566.3177095469521
