1   141.8153018909401
2   141.8153018909401
3   141.8153018909401
4   141.8153018909401
5   141.8153018909401
6   141.8153018909401
7   141.8153018909401
8   141.8153018909401
9   141.8153018909401
10   141.8153018909401
11   141.8153018909401
12   141.8153018909401
13   141.8153018909401
14   141.8153018909401
15   141.8153018909401
16   141.8153018909401
17   141.8153018909401
18   141.8153018909401
19   141.8153018909401
20   141.8153018909401
21   141.8153018909401
22   141.8153018909401
23   141.8153018909401
24   141.8153018909401
25   141.8153018909401
26   141.8153018909401
27   141.8153018909401
28   141.8153018909401
29   141.8153018909401
30   141.8153018909401
31   141.8153018909401
32   141.8153018909401
33   141.8153018909401
34   141.8153018909401
35   141.8153018909401
36   141.8153018909401
37   141.8153018909401
38   141.8153018909401
39   141.8153018909401
40   141.8153018909401
41   141.8153018909401
42   141.8153018909401
43   141.8153018909401
44   141.8153018909401
45   141.8153018909401
46   141.8153018909401
47   141.8153018909401
48   141.8153018909401
49   141.8153018909401
50   141.8153018909401
51   141.8153018909401
52   141.8153018909401
53   141.8153018909401
54   141.8153018909401
55   141.8153018909401
56   141.8153018909401
57   141.8153018909401
58   141.8153018909401
59   141.8153018909401
60   141.8153018909401
61   141.8153018909401
62   141.8153018909401
63   141.8153018909401
64   141.8153018909401
65   141.8153018909401
66   141.8153018909401
67   141.8153018909401
68   141.8153018909401
69   141.8153018909401
70   141.8153018909401
71   141.8153018909401
72   141.8153018909401
73   141.8153018909401
74   141.8153018909401
75   141.8153018909401
76   141.8153018909401
77   141.8153018909401
78   141.8153018909401
79   141.8153018909401
80   141.8153018909401
81   141.8153018909401
82   141.8153018909401
83   141.8153018909401
84   141.8153018909401
85   141.8153018909401
86   141.8153018909401
87   141.8153018909401
88   141.8153018909401
89   141.8153018909401
90   141.8153018909401
91   141.8153018909401
92   141.8153018909401
93   141.8153018909401
94   141.8153018909401
95   141.8153018909401
96   141.8153018909401
97   141.8153018909401
98   141.8153018909401
99   141.8153018909401
100   141.8153018909401
101   141.8153018909401
102   141.8153018909401
103   141.8153018909401
104   141.8153018909401
105   141.8153018909401
106   141.8153018909401
107   141.8153018909401
108   141.8153018909401
109   141.8153018909401
110   141.8153018909401
111   141.8153018909401
112   141.8153018909401
113   141.8153018909401
114   141.8153018909401
115   141.8153018909401
116   141.8153018909401
117   141.8153018909401
118   141.8153018909401
119   141.8153018909401
120   141.8153018909401
121   141.8153018909401
122   141.8153018909401
123   141.8153018909401
124   141.8153018909401
125   141.8153018909401
126   141.8153018909401
127   141.8153018909401
128   141.8153018909401
129   141.8153018909401
130   141.8153018909401
131   141.8153018909401
132   141.8153018909401
133   141.8153018909401
134   141.8153018909401
135   141.8153018909401
136   141.8153018909401
137   141.8153018909401
138   141.8153018909401
139   141.8153018909401
140   141.8153018909401
141   141.8153018909401
142   141.8153018909401
143   141.8153018909401
144   141.8153018909401
145   141.8153018909401
146   141.8153018909401
147   141.8153018909401
148   141.8153018909401
149   141.8153018909401
150   141.8153018909401
151   141.8153018909401
152   141.8153018909401
153   141.8153018909401
154   141.8153018909401
155   141.8153018909401
156   141.8153018909401
157   141.8153018909401
158   141.8153018909401
159   141.8153018909401
160   141.8153018909401
161   141.8153018909401
162   141.8153018909401
163   141.8153018909401
164   141.8153018909401
165   141.8153018909401
166   141.8153018909401
167   141.8153018909401
168   141.8153018909401
169   141.8153018909401
170   141.8153018909401
171   141.8153018909401
172   141.8153018909401
173   141.8153018909401
174   141.8153018909401
175   141.8153018909401
176   141.8153018909401
177   141.8153018909401
178   141.8153018909401
179   141.8153018909401
180   141.8153018909401
181   141.8153018909401
182   141.8153018909401
183   141.8153018909401
184   141.8153018909401
185   141.8153018909401
186   141.8153018909401
187   141.8153018909401
188   141.8153018909401
189   141.8153018909401
190   141.8153018909401
191   141.8153018909401
192   141.8153018909401
193   141.8153018909401
194   141.8153018909401
195   141.8153018909401
196   141.8153018909401
197   141.8153018909401
198   141.8153018909401
199   141.8153018909401
200   141.8153018909401
201   141.8153018909401
202   141.8153018909401
203   141.8153018909401
204   141.8153018909401
205   141.8153018909401
206   141.8153018909401
207   141.8153018909401
208   141.8153018909401
209   141.8153018909401
210   141.8153018909401
211   141.8153018909401
212   141.8153018909401
213   141.8153018909401
214   141.8153018909401
215   141.8153018909401
216   141.8153018909401
217   141.8153018909401
218   141.8153018909401
219   141.8153018909401
220   141.8153018909401
221   141.8153018909401
222   141.8153018909401
223   141.8153018909401
224   141.8153018909401
225   141.8153018909401
226   141.8153018909401
227   141.8153018909401
228   141.8153018909401
229   141.8153018909401
230   141.8153018909401
231   141.8153018909401
232   141.8153018909401
233   141.8153018909401
234   141.8153018909401
235   141.8153018909401
236   141.8153018909401
237   141.8153018909401
238   141.8153018909401
239   141.8153018909401
240   141.8153018909401
241   141.8153018909401
242   141.8153018909401
243   141.8153018909401
244   141.8153018909401
245   141.8153018909401
246   141.8153018909401
247   141.8153018909401
248   141.8153018909401
249   141.8153018909401
250   141.8153018909401
251   141.8153018909401
252   141.8153018909401
253   141.8153018909401
254   141.8153018909401
255   141.8153018909401
256   141.8153018909401
257   141.8153018909401
258   141.8153018909401
259   141.8153018909401
260   141.8153018909401
261   141.8153018909401
262   141.8153018909401
263   141.8153018909401
264   141.8153018909401
265   141.8153018909401
266   141.8153018909401
267   141.8153018909401
268   141.8153018909401
269   141.8153018909401
270   141.8153018909401
271   141.8153018909401
272   141.8153018909401
273   141.8153018909401
274   141.8153018909401
275   141.8153018909401
276   141.8153018909401
277   141.8153018909401
278   141.8153018909401
279   141.8153018909401
280   141.8153018909401
281   141.8153018909401
282   141.8153018909401
283   141.8153018909401
284   141.8153018909401
285   141.8153018909401
286   141.8153018909401
287   141.8153018909401
288   141.8153018909401
289   141.8153018909401
290   141.8153018909401
291   141.8153018909401
292   141.8153018909401
293   141.8153018909401
294   141.8153018909401
295   141.8153018909401
296   141.8153018909401
297   141.8153018909401
298   141.8153018909401
299   141.8153018909401
300   141.8153018909401
301   141.8153018909401
302   141.8153018909401
303   141.8153018909401
304   141.8153018909401
305   141.8153018909401
306   141.8153018909401
307   141.8153018909401
308   141.8153018909401
309   141.8153018909401
310   141.8153018909401
311   141.8153018909401
312   141.8153018909401
313   141.8153018909401
314   141.8153018909401
315   141.8153018909401
316   141.8153018909401
317   141.8153018909401
318   141.8153018909401
319   141.8153018909401
320   141.8153018909401
321   141.8153018909401
322   141.8153018909401
323   141.8153018909401
324   141.8153018909401
325   141.8153018909401
326   141.8153018909401
327   141.8153018909401
328   141.8153018909401
329   141.8153018909401
330   141.8153018909401
331   141.8153018909401
332   141.8153018909401
333   141.8153018909401
334   141.8153018909401
335   141.8153018909401
336   141.8153018909401
337   141.8153018909401
338   141.8153018909401
339   141.8153018909401
340   141.8153018909401
341   141.8153018909401
342   141.8153018909401
343   141.8153018909401
344   141.8153018909401
345   141.8153018909401
346   141.8153018909401
347   141.8153018909401
348   141.8153018909401
349   141.8153018909401
350   141.8153018909401
351   141.8153018909401
352   141.8153018909401
353   141.8153018909401
354   141.8153018909401
355   141.8153018909401
356   141.8153018909401
357   141.8153018909401
358   141.8153018909401
359   141.8153018909401
360   141.8153018909401
361   141.8153018909401
362   141.8153018909401
363   141.8153018909401
364   141.8153018909401
365   141.8153018909401
366   141.8153018909401
367   141.8153018909401
368   141.8153018909401
369   141.8153018909401
370   141.8153018909401
371   141.8153018909401
372   141.8153018909401
373   141.8153018909401
374   141.8153018909401
375   141.8153018909401
376   141.8153018909401
377   141.8153018909401
378   141.8153018909401
379   141.8153018909401
380   141.8153018909401
381   141.8153018909401
382   141.8153018909401
383   141.8153018909401
384   141.8153018909401
385   141.8153018909401
386   141.8153018909401
387   141.8153018909401
388   141.8153018909401
389   141.8153018909401
390   141.8153018909401
391   141.8153018909401
392   141.8153018909401
393   141.8153018909401
394   141.8153018909401
395   141.8153018909401
396   141.8153018909401
397   141.8153018909401
398   141.8153018909401
399   141.8153018909401
400   141.8153018909401
401   141.8153018909401
402   141.8153018909401
403   141.8153018909401
404   141.8153018909401
405   141.8153018909401
406   141.8153018909401
407   141.8153018909401
408   141.8153018909401
409   141.8153018909401
410   141.8153018909401
411   141.8153018909401
412   141.8153018909401
413   141.8153018909401
414   141.8153018909401
415   141.8153018909401
416   141.8153018909401
417   141.8153018909401
418   141.8153018909401
419   141.8153018909401
420   141.8153018909401
421   141.8153018909401
422   141.8153018909401
423   141.8153018909401
424   141.8153018909401
425   141.8153018909401
426   141.8153018909401
427   141.8153018909401
428   141.8153018909401
429   141.8153018909401
430   141.8153018909401
431   141.8153018909401
432   141.8153018909401
433   141.8153018909401
434   141.8153018909401
435   141.8153018909401
436   141.8153018909401
437   141.8153018909401
438   141.8153018909401
439   141.8153018909401
440   141.8153018909401
441   141.8153018909401
442   141.8153018909401
443   141.8153018909401
444   141.8153018909401
445   141.8153018909401
446   141.8153018909401
447   141.8153018909401
448   141.8153018909401
449   141.8153018909401
450   141.8153018909401
451   141.8153018909401
452   141.8153018909401
453   141.8153018909401
454   141.8153018909401
455   141.8153018909401
456   141.8153018909401
457   141.8153018909401
458   141.8153018909401
459   141.8153018909401
460   141.8153018909401
461   141.8153018909401
462   141.8153018909401
463   141.8153018909401
464   141.8153018909401
465   141.8153018909401
466   141.8153018909401
467   141.8153018909401
468   141.8153018909401
469   141.8153018909401
470   141.8153018909401
471   141.8153018909401
472   141.8153018909401
473   141.8153018909401
474   141.8153018909401
475   141.8153018909401
476   141.8153018909401
477   141.8153018909401
478   141.8153018909401
479   141.8153018909401
480   141.8153018909401
481   141.8153018909401
482   141.8153018909401
483   141.8153018909401
484   141.8153018909401
485   141.8153018909401
486   141.8153018909401
487   141.8153018909401
488   141.8153018909401
489   141.8153018909401
490   141.8153018909401
491   141.8153018909401
492   141.8153018909401
493   141.8153018909401
494   141.8153018909401
495   141.8153018909401
496   141.8153018909401
497   141.8153018909401
498   141.8153018909401
499   141.8153018909401
500   141.8153018909401
501   141.8153018909401
502   141.8153018909401
503   141.8153018909401
504   141.8153018909401
505   141.8153018909401
506   141.8153018909401
507   141.8153018909401
508   141.8153018909401
509   141.8153018909401
510   141.8153018909401
511   141.8153018909401
512   141.8153018909401
513   141.8153018909401
514   141.8153018909401
515   141.8153018909401
516   141.8153018909401
517   141.8153018909401
518   141.8153018909401
519   141.8153018909401
520   141.8153018909401
521   141.8153018909401
522   141.8153018909401
523   141.8153018909401
524   141.8153018909401
525   141.8153018909401
526   141.8153018909401
527   141.8153018909401
528   141.8153018909401
529   141.8153018909401
530   141.8153018909401
531   141.8153018909401
532   141.8153018909401
533   141.8153018909401
534   141.8153018909401
535   141.8153018909401
536   141.8153018909401
537   141.8153018909401
538   141.8153018909401
539   141.8153018909401
540   141.8153018909401
541   141.8153018909401
542   141.8153018909401
543   141.8153018909401
544   141.8153018909401
545   141.8153018909401
546   141.8153018909401
547   141.8153018909401
548   141.8153018909401
549   141.8153018909401
550   141.8153018909401
551   141.8153018909401
552   141.8153018909401
553   141.8153018909401
554   141.8153018909401
555   141.8153018909401
556   141.8153018909401
557   141.8153018909401
558   141.8153018909401
559   141.8153018909401
560   141.8153018909401
561   141.8153018909401
562   141.8153018909401
563   141.8153018909401
564   141.8153018909401
565   141.8153018909401
566   141.8153018909401
567   141.8153018909401
568   141.8153018909401
569   141.8153018909401
570   141.8153018909401
571   141.8153018909401
572   141.8153018909401
573   141.8153018909401
574   141.8153018909401
575   141.8153018909401
576   141.8153018909401
577   141.8153018909401
578   141.8153018909401
579   141.8153018909401
580   141.8153018909401
581   141.8153018909401
582   141.8153018909401
583   141.8153018909401
584   141.8153018909401
585   141.8153018909401
586   141.8153018909401
587   141.8153018909401
588   141.8153018909401
589   141.8153018909401
590   141.8153018909401
591   141.8153018909401
592   141.8153018909401
593   141.8153018909401
594   141.8153018909401
595   141.8153018909401
596   141.8153018909401
597   141.8153018909401
598   141.8153018909401
599   141.8153018909401
600   141.8153018909401
601   141.8153018909401
602   141.8153018909401
603   141.8153018909401
604   141.8153018909401
605   141.8153018909401
606   141.8153018909401
607   141.8153018909401
608   141.8153018909401
609   141.8153018909401
610   141.8153018909401
611   141.8153018909401
612   141.8153018909401
613   141.8153018909401
614   141.8153018909401
615   141.8153018909401
616   141.8153018909401
617   141.8153018909401
618   141.8153018909401
619   141.8153018909401
620   141.8153018909401
621   141.8153018909401
622   141.8153018909401
623   141.8153018909401
624   141.8153018909401
625   141.8153018909401
626   141.8153018909401
627   141.8153018909401
628   141.8153018909401
629   141.8153018909401
630   141.8153018909401
631   141.8153018909401
632   141.8153018909401
633   141.8153018909401
634   141.8153018909401
635   141.8153018909401
636   141.8153018909401
637   141.8153018909401
638   141.8153018909401
639   141.8153018909401
640   141.8153018909401
641   141.8153018909401
642   141.8153018909401
643   141.8153018909401
644   141.8153018909401
645   141.8153018909401
646   141.8153018909401
647   141.8153018909401
648   141.8153018909401
649   141.8153018909401
650   141.8153018909401
651   141.8153018909401
652   141.8153018909401
653   141.8153018909401
654   141.8153018909401
655   141.8153018909401
656   141.8153018909401
657   141.8153018909401
658   141.8153018909401
659   141.8153018909401
660   141.8153018909401
661   141.8153018909401
662   141.8153018909401
663   141.8153018909401
664   141.8153018909401
665   141.8153018909401
666   141.8153018909401
667   141.8153018909401
668   141.8153018909401
669   141.8153018909401
670   141.8153018909401
671   141.8153018909401
672   141.8153018909401
673   141.8153018909401
674   141.8153018909401
675   141.8153018909401
676   141.8153018909401
677   141.8153018909401
678   141.8153018909401
679   141.8153018909401
680   141.8153018909401
681   141.8153018909401
682   141.8153018909401
683   141.8153018909401
684   141.8153018909401
685   141.8153018909401
686   141.8153018909401
687   141.8153018909401
688   141.8153018909401
689   141.8153018909401
690   141.8153018909401
691   141.8153018909401
692   141.8153018909401
693   141.8153018909401
694   141.8153018909401
695   141.8153018909401
696   141.8153018909401
697   141.8153018909401
698   141.8153018909401
699   141.8153018909401
700   141.8153018909401
701   141.8153018909401
702   141.8153018909401
703   141.8153018909401
704   141.8153018909401
705   141.8153018909401
706   141.8153018909401
707   141.8153018909401
708   141.8153018909401
709   141.8153018909401
710   141.8153018909401
711   141.8153018909401
712   141.8153018909401
713   141.8153018909401
714   141.8153018909401
715   141.8153018909401
716   141.8153018909401
717   141.8153018909401
718   141.8153018909401
719   141.8153018909401
720   141.8153018909401
721   141.8153018909401
722   141.8153018909401
723   141.8153018909401
724   141.8153018909401
725   141.8153018909401
726   141.8153018909401
727   141.8153018909401
728   141.8153018909401
729   141.8153018909401
730   141.8153018909401
731   141.8153018909401
732   141.8153018909401
733   141.8153018909401
734   141.8153018909401
735   141.8153018909401
736   141.8153018909401
737   141.8153018909401
738   141.8153018909401
739   141.8153018909401
740   141.8153018909401
741   141.8153018909401
742   141.8153018909401
743   141.8153018909401
744   141.8153018909401
745   141.8153018909401
746   141.8153018909401
747   141.8153018909401
748   141.8153018909401
749   141.8153018909401
750   141.8153018909401
751   141.8153018909401
752   141.8153018909401
753   141.8153018909401
754   141.8153018909401
755   141.8153018909401
756   141.8153018909401
757   141.8153018909401
758   141.8153018909401
759   141.8153018909401
760   141.8153018909401
761   141.8153018909401
762   141.8153018909401
763   141.8153018909401
764   141.8153018909401
765   141.8153018909401
766   141.8153018909401
767   141.8153018909401
768   141.8153018909401
769   141.8153018909401
770   141.8153018909401
771   141.8153018909401
772   141.8153018909401
773   141.8153018909401
774   141.8153018909401
775   141.8153018909401
776   141.8153018909401
777   141.8153018909401
778   141.8153018909401
779   141.8153018909401
780   141.8153018909401
781   141.8153018909401
782   141.8153018909401
783   141.8153018909401
784   141.8153018909401
785   141.8153018909401
786   141.8153018909401
787   141.8153018909401
788   141.8153018909401
789   141.8153018909401
790   141.8153018909401
791   141.8153018909401
792   141.8153018909401
793   141.8153018909401
794   141.8153018909401
795   141.8153018909401
796   141.8153018909401
797   141.8153018909401
798   141.8153018909401
799   141.8153018909401
800   141.8153018909401
801   141.8153018909401
802   141.8153018909401
803   141.8153018909401
804   141.8153018909401
805   141.8153018909401
806   141.8153018909401
807   141.8153018909401
808   141.8153018909401
809   141.8153018909401
810   141.8153018909401
811   141.8153018909401
812   141.8153018909401
813   141.8153018909401
814   141.8153018909401
815   141.8153018909401
816   141.8153018909401
817   141.8153018909401
818   141.8153018909401
819   141.8153018909401
820   141.8153018909401
821   141.8153018909401
822   141.8153018909401
823   141.8153018909401
824   141.8153018909401
825   141.8153018909401
826   141.8153018909401
827   141.8153018909401
828   141.8153018909401
829   141.8153018909401
830   141.8153018909401
831   141.8153018909401
832   141.8153018909401
833   141.8153018909401
834   141.8153018909401
835   141.8153018909401
836   141.8153018909401
837   141.8153018909401
838   141.8153018909401
839   141.8153018909401
840   141.8153018909401
841   141.8153018909401
842   141.8153018909401
843   141.8153018909401
844   141.8153018909401
845   141.8153018909401
846   141.8153018909401
847   141.8153018909401
848   141.8153018909401
849   141.8153018909401
850   141.8153018909401
851   141.8153018909401
852   141.8153018909401
853   141.8153018909401
854   141.8153018909401
855   141.8153018909401
856   141.8153018909401
857   141.8153018909401
858   141.8153018909401
859   141.8153018909401
860   141.8153018909401
861   141.8153018909401
862   141.8153018909401
863   141.8153018909401
864   141.8153018909401
865   141.8153018909401
866   141.8153018909401
867   141.8153018909401
868   141.8153018909401
869   141.8153018909401
870   141.8153018909401
871   141.8153018909401
872   141.8153018909401
873   141.8153018909401
874   141.8153018909401
875   141.8153018909401
876   141.8153018909401
877   141.8153018909401
878   141.8153018909401
879   141.8153018909401
880   141.8153018909401
881   141.8153018909401
882   141.8153018909401
883   141.8153018909401
884   141.8153018909401
885   141.8153018909401
886   141.8153018909401
887   141.8153018909401
888   141.8153018909401
889   141.8153018909401
890   141.8153018909401
891   141.8153018909401
892   141.8153018909401
893   141.8153018909401
894   141.8153018909401
895   141.8153018909401
896   141.8153018909401
897   141.8153018909401
898   141.8153018909401
899   141.8153018909401
900   141.8153018909401
901   141.8153018909401
902   141.8153018909401
903   141.8153018909401
904   141.8153018909401
905   141.8153018909401
906   141.8153018909401
907   141.8153018909401
908   141.8153018909401
909   141.8153018909401
910   141.8153018909401
911   141.8153018909401
912   141.8153018909401
913   141.8153018909401
914   141.8153018909401
915   141.8153018909401
916   141.8153018909401
917   141.8153018909401
918   141.8153018909401
919   141.8153018909401
920   141.8153018909401
921   141.8153018909401
922   141.8153018909401
923   141.8153018909401
924   141.8153018909401
925   141.8153018909401
926   141.8153018909401
927   141.8153018909401
928   141.8153018909401
929   141.8153018909401
930   141.8153018909401
931   141.8153018909401
932   141.8153018909401
933   141.8153018909401
934   141.8153018909401
935   141.8153018909401
936   141.8153018909401
937   141.8153018909401
938   141.8153018909401
939   141.8153018909401
940   141.8153018909401
941   141.8153018909401
942   141.8153018909401
943   141.8153018909401
944   141.8153018909401
945   141.8153018909401
946   141.8153018909401
947   141.8153018909401
948   141.8153018909401
949   141.8153018909401
950   141.8153018909401
951   141.8153018909401
952   141.8153018909401
953   141.8153018909401
954   141.8153018909401
955   141.8153018909401
956   141.8153018909401
957   141.8153018909401
958   141.8153018909401
959   141.8153018909401
960   141.8153018909401
961   141.8153018909401
962   141.8153018909401
963   141.8153018909401
964   141.8153018909401
965   141.8153018909401
966   141.8153018909401
967   141.8153018909401
968   141.8153018909401
969   141.8153018909401
970   141.8153018909401
971   141.8153018909401
972   141.8153018909401
973   141.8153018909401
974   141.8153018909401
975   141.8153018909401
976   141.8153018909401
977   141.8153018909401
978   141.8153018909401
979   141.8153018909401
980   141.8153018909401
981   141.8153018909401
982   141.8153018909401
983   141.8153018909401
984   141.8153018909401
985   141.8153018909401
986   141.8153018909401
987   141.8153018909401
988   141.8153018909401
989   141.8153018909401
990   141.8153018909401
991   141.8153018909401
992   141.8153018909401
993   141.8153018909401
994   141.8153018909401
995   141.8153018909401
996   141.8153018909401
997   141.8153018909401
998   141.8153018909401
999   141.8153018909401
