1   19.51359987428004
2   9.932051590623171
3   9.932051590623171
4   9.932051590623171
5   9.932051590623171
6   9.932051590623171
7   9.932051590623171
8   9.932051590623171
9   9.932051590623171
10   9.932051590623171
11   9.932051590623171
12   9.932051590623171
13   9.932051590623171
14   9.932051590623171
15   9.932051590623171
16   9.932051590623171
17   9.932051590623171
18   9.932051590623171
19   9.932051590623171
20   9.932051590623171
21   9.932051590623171
22   9.932051590623171
23   9.932051590623171
24   9.932051590623171
25   9.932051590623171
26   9.932051590623171
27   9.932051590623171
28   9.932051590623171
29   9.932051590623171
30   9.932051590623171
31   9.932051590623171
32   9.932051590623171
33   9.932051590623171
34   9.932051590623171
35   9.932051590623171
36   9.932051590623171
37   9.932051590623171
38   9.932051590623171
39   9.932051590623171
40   9.932051590623171
41   9.932051590623171
42   9.932051590623171
43   9.932051590623171
44   9.932051590623171
45   9.932051590623171
46   9.932051590623171
47   9.932051590623171
48   9.932051590623171
49   9.932051590623171
50   9.932051590623171
51   9.932051590623171
52   9.932051590623171
53   9.932051590623171
54   5.947754262623356
55   5.947754262623356
56   5.947754262623356
57   5.947754262623356
58   5.947754262623356
59   5.947754262623356
60   5.947754262623356
61   5.947754262623356
62   5.947754262623356
63   5.947754262623356
64   5.947754262623356
65   2.8644832043010267
66   2.8644832043010267
67   2.8644832043010267
68   2.8644832043010267
69   2.8644832043010267
70   2.8644832043010267
71   2.8644832043010267
72   2.8644832043010267
73   2.8644832043010267
74   2.8644832043010267
75   2.8644832043010267
76   2.8644832043010267
77   2.8644832043010267
78   2.8644832043010267
79   2.8644832043010267
80   2.8644832043010267
81   2.8644832043010267
82   2.8644832043010267
83   2.8644832043010267
84   2.8644832043010267
85   2.8644832043010267
86   2.8644832043010267
87   2.8644832043010267
88   2.8644832043010267
89   2.8644832043010267
90   2.8644832043010267
91   2.8644832043010267
92   2.8644832043010267
93   2.8644832043010267
94   2.8644832043010267
95   2.8644832043010267
96   2.8644832043010267
97   2.8644832043010267
98   2.8644832043010267
99   2.8644832043010267
100   2.8644832043010267
101   2.8644832043010267
102   2.8644832043010267
103   2.8644832043010267
104   2.8644832043010267
105   2.8644832043010267
106   2.8644832043010267
107   2.8644832043010267
108   2.8644832043010267
109   2.8644832043010267
110   2.8644832043010267
111   2.8644832043010267
112   2.8644832043010267
113   2.8644832043010267
114   2.8644832043010267
115   2.8644832043010267
116   2.4375126065235686
117   0.8910417165290279
118   0.8910417165290279
119   0.8910417165290279
120   0.8910417165290279
121   0.8910417165290279
122   0.8910417165290279
123   0.8910417165290279
124   0.8910417165290279
125   0.8910417165290279
126   0.8910417165290279
127   0.8910417165290279
128   0.8910417165290279
129   0.8910417165290279
130   0.8910417165290279
131   0.8910417165290279
132   0.6714460920034753
133   0.20479200836834383
134   0.20479200836834383
135   0.20479200836834383
136   0.20479200836834383
137   0.20479200836834383
138   0.02373514594498171
139   0.02373514594498171
140   0.02373514594498171
141   0.02373514594498171
142   0.02373514594498171
143   0.02373514594498171
144   0.02373514594498171
145   0.02373514594498171
146   0.02373514594498171
147   0.02373514594498171
148   0.02373514594498171
149   0.02373514594498171
150   0.02373514594498171
151   0.02373514594498171
152   0.02373514594498171
153   0.02373514594498171
154   0.02373514594498171
155   0.02373514594498171
156   0.02373514594498171
157   0.02373514594498171
158   0.02373514594498171
159   0.02373514594498171
160   0.02373514594498171
161   0.02373514594498171
162   0.02373514594498171
163   0.02373514594498171
164   0.02373514594498171
165   0.02373514594498171
166   0.02373514594498171
167   0.02373514594498171
168   0.02373514594498171
169   0.02373514594498171
170   0.02373514594498171
171   0.02373514594498171
172   0.02373514594498171
173   0.02373514594498171
174   0.02373514594498171
175   0.02373514594498171
176   0.02373514594498171
177   0.02373514594498171
178   0.02373514594498171
179   0.02373514594498171
180   0.02373514594498171
181   0.02373514594498171
182   0.02373514594498171
183   0.02373514594498171
184   0.02373514594498171
185   0.02373514594498171
186   0.02373514594498171
187   0.02373514594498171
188   0.02373514594498171
189   0.02373514594498171
190   0.02373514594498171
191   0.02373514594498171
192   0.02373514594498171
193   0.02373514594498171
194   0.02373514594498171
195   0.02373514594498171
196   0.02373514594498171
197   0.02373514594498171
198   0.02373514594498171
199   0.02373514594498171
200   0.02373514594498171
201   0.02373514594498171
202   0.02373514594498171
203   0.02373514594498171
204   0.02373514594498171
205   0.02373514594498171
206   0.02373514594498171
207   0.02373514594498171
208   0.02373514594498171
209   0.02373514594498171
210   0.02373514594498171
211   0.02373514594498171
212   0.02373514594498171
213   0.02373514594498171
214   0.02373514594498171
215   0.02373514594498171
216   0.02373514594498171
217   0.02373514594498171
218   0.02373514594498171
219   0.02373514594498171
220   0.02373514594498171
221   0.02373514594498171
222   0.02373514594498171
223   0.02373514594498171
224   0.02373514594498171
225   0.02373514594498171
226   0.02373514594498171
227   0.02373514594498171
228   0.02373514594498171
229   0.02373514594498171
230   0.02373514594498171
231   0.02373514594498171
232   0.02373514594498171
233   0.02373514594498171
234   0.02373514594498171
235   0.02373514594498171
236   0.02373514594498171
237   0.02373514594498171
238   0.02373514594498171
239   0.02373514594498171
240   0.02373514594498171
241   0.02373514594498171
242   0.02373514594498171
243   0.02373514594498171
244   0.02373514594498171
245   0.02373514594498171
246   0.02373514594498171
247   0.02373514594498171
248   0.02373514594498171
249   0.02373514594498171
250   0.02373514594498171
251   0.02373514594498171
252   0.02373514594498171
253   0.02373514594498171
254   0.02373514594498171
255   0.02373514594498171
256   0.02373514594498171
257   0.02373514594498171
258   0.02373514594498171
259   0.02373514594498171
260   0.02373514594498171
261   0.02373514594498171
262   0.02373514594498171
263   0.02373514594498171
264   0.02373514594498171
265   0.02373514594498171
266   0.02373514594498171
267   0.02373514594498171
268   0.02373514594498171
269   0.02373514594498171
270   0.022088339078521133
271   0.022088339078521133
272   0.007434344034250041
273   0.007434344034250041
274   0.007434344034250041
275   0.007434344034250041
276   0.007434344034250041
277   0.007434344034250041
278   0.007434344034250041
279   0.007434344034250041
280   0.007434344034250041
281   0.007434344034250041
282   0.007434344034250041
283   0.007434344034250041
284   0.007434344034250041
285   0.007434344034250041
286   0.007434344034250041
287   0.007434344034250041
288   0.007434344034250041
289   0.007434344034250041
290   0.007434344034250041
291   0.007434344034250041
292   0.007434344034250041
293   0.007434344034250041
294   0.007434344034250041
295   0.007434344034250041
296   0.007434344034250041
297   0.007434344034250041
298   0.007434344034250041
299   0.007434344034250041
300   0.007434344034250041
301   0.007434344034250041
302   0.007434344034250041
303   0.007434344034250041
304   0.007434344034250041
305   0.007434344034250041
306   0.007434344034250041
307   0.007434344034250041
308   0.007434344034250041
309   0.007434344034250041
310   0.007434344034250041
311   0.007434344034250041
312   0.007434344034250041
313   0.007434344034250041
314   0.007434344034250041
315   0.007434344034250041
316   0.007434344034250041
317   0.007434344034250041
318   0.007434344034250041
319   0.0026245883538133165
320   0.0026245883538133165
321   0.0026245883538133165
322   0.0026245883538133165
323   0.0026245883538133165
324   0.0026245883538133165
325   0.0026245883538133165
326   0.0026245883538133165
327   0.0026245883538133165
328   0.0026245883538133165
329   0.0026245883538133165
330   0.0026245883538133165
331   0.0026245883538133165
332   0.0026245883538133165
333   0.0026245883538133165
334   0.0026245883538133165
335   0.0026245883538133165
336   0.0026245883538133165
337   0.0026245883538133165
338   0.0026245883538133165
339   0.0026245883538133165
340   0.0026245883538133165
341   0.0026245883538133165
342   0.0026245883538133165
343   0.0026245883538133165
344   0.0026245883538133165
345   0.0026245883538133165
346   0.0026245883538133165
347   0.0026245883538133165
348   0.0026245883538133165
349   0.0026245883538133165
350   0.0026245883538133165
351   0.0026245883538133165
352   0.0026245883538133165
353   0.0026245883538133165
354   0.0026245883538133165
355   0.0026245883538133165
356   0.0026245883538133165
357   0.0026245883538133165
358   0.0026245883538133165
359   0.0026245883538133165
360   0.0026245883538133165
361   0.0026245883538133165
362   0.0026245883538133165
363   0.0026245883538133165
364   0.0026245883538133165
365   0.0026245883538133165
366   0.0026245883538133165
367   0.0026245883538133165
368   0.0026245883538133165
369   0.0026245883538133165
370   0.0026245883538133165
371   0.0026245883538133165
372   0.0026245883538133165
373   0.0026245883538133165
374   0.0026245883538133165
375   0.0026245883538133165
376   0.0026245883538133165
377   0.0026245883538133165
378   0.0026245883538133165
379   0.0026245883538133165
380   0.0026245883538133165
381   0.0026245883538133165
382   0.0026245883538133165
383   0.0026245883538133165
384   0.0026245883538133165
385   0.0026245883538133165
386   0.0026245883538133165
387   0.0026245883538133165
388   0.0026245883538133165
389   0.0026245883538133165
390   0.0026245883538133165
391   0.0026245883538133165
392   0.0026245883538133165
393   0.0026245883538133165
394   0.0026245883538133165
395   0.0026245883538133165
396   0.0026245883538133165
397   0.0026245883538133165
398   0.0026245883538133165
399   0.0026245883538133165
400   0.0026245883538133165
401   0.0026245883538133165
402   0.0026245883538133165
403   0.0026245883538133165
404   0.0026245883538133165
405   0.0026245883538133165
406   0.0026245883538133165
407   0.0026245883538133165
408   0.0026245883538133165
409   0.0026245883538133165
410   0.0026245883538133165
411   0.0026245883538133165
412   0.0026245883538133165
413   0.0026245883538133165
414   0.0026245883538133165
415   0.0026245883538133165
416   0.0026245883538133165
417   0.0026245883538133165
418   0.0026245883538133165
419   0.0026245883538133165
420   0.0026245883538133165
421   0.0026245883538133165
422   0.0026245883538133165
423   0.0026245883538133165
424   0.0026245883538133165
425   0.0026245883538133165
426   0.0026245883538133165
427   0.0026245883538133165
428   0.0026245883538133165
429   0.0026245883538133165
430   0.0026245883538133165
431   0.0026245883538133165
432   0.0026245883538133165
433   0.0026245883538133165
434   0.0026245883538133165
435   0.0026245883538133165
436   0.0026245883538133165
437   0.0026245883538133165
438   0.0026245883538133165
439   0.0026245883538133165
440   0.0026245883538133165
441   0.0026245883538133165
442   0.0026245883538133165
443   0.0026245883538133165
444   0.0026245883538133165
445   0.0026245883538133165
446   0.0026245883538133165
447   0.0026245883538133165
448   0.0026245883538133165
449   0.0026245883538133165
450   0.0026245883538133165
451   0.0026245883538133165
452   0.0026245883538133165
453   0.0026245883538133165
454   0.0026245883538133165
455   0.0026245883538133165
456   0.0026245883538133165
457   0.0026245883538133165
458   0.0026245883538133165
459   0.0026245883538133165
460   0.0026245883538133165
461   0.0026245883538133165
462   0.0026245883538133165
463   0.0026245883538133165
464   0.0026245883538133165
465   0.0026245883538133165
466   0.0026245883538133165
467   0.0026245883538133165
468   0.0026245883538133165
469   0.0026245883538133165
470   0.0026245883538133165
471   0.0026245883538133165
472   0.0026245883538133165
473   0.0026245883538133165
474   0.0026245883538133165
475   0.0026245883538133165
476   0.0026245883538133165
477   0.0026245883538133165
478   0.0026245883538133165
479   0.0026245883538133165
480   0.0026245883538133165
481   0.0026245883538133165
482   0.0026245883538133165
483   0.0026245883538133165
484   0.0026245883538133165
485   0.0026245883538133165
486   0.0026245883538133165
487   0.0026245883538133165
488   0.0026245883538133165
489   0.0026245883538133165
490   0.0026245883538133165
491   0.0026245883538133165
492   0.0026245883538133165
493   0.0026245883538133165
494   0.0026245883538133165
495   0.0026245883538133165
496   0.0026245883538133165
497   0.0026245883538133165
498   0.0026245883538133165
499   0.0026245883538133165
500   0.0026245883538133165
501   0.0026245883538133165
502   0.0026245883538133165
503   0.0026245883538133165
504   0.0026245883538133165
505   0.0026245883538133165
506   0.0026245883538133165
507   0.0026245883538133165
508   0.0026245883538133165
509   0.0026245883538133165
510   0.0026245883538133165
511   0.0026245883538133165
512   0.0026245883538133165
513   0.0026245883538133165
514   0.0026245883538133165
515   0.0026245883538133165
516   0.0026245883538133165
517   0.0026245883538133165
518   0.0026245883538133165
519   0.0026245883538133165
520   0.0026245883538133165
521   0.0026245883538133165
522   0.0026245883538133165
523   0.0026245883538133165
524   0.0026245883538133165
525   0.0026245883538133165
526   0.0026245883538133165
527   0.0026245883538133165
528   0.0026245883538133165
529   0.0026245883538133165
530   0.0026245883538133165
531   0.0026245883538133165
532   0.0026245883538133165
533   0.0026245883538133165
534   0.0026245883538133165
535   0.0026245883538133165
536   0.0026245883538133165
537   0.0026245883538133165
538   0.0026245883538133165
539   0.0026245883538133165
540   0.0026245883538133165
541   0.0026245883538133165
542   0.0026245883538133165
543   0.0026245883538133165
544   0.0026245883538133165
545   0.0026245883538133165
546   0.0026245883538133165
547   0.0026245883538133165
548   0.0026245883538133165
549   0.0026245883538133165
550   0.0026245883538133165
551   0.0026245883538133165
552   0.0026245883538133165
553   0.0026245883538133165
554   0.0026245883538133165
555   0.0026245883538133165
556   0.0026245883538133165
557   0.0026245883538133165
558   0.0026245883538133165
559   0.0026245883538133165
560   0.0026245883538133165
561   0.0026245883538133165
562   0.0026245883538133165
563   0.0026245883538133165
564   0.0026245883538133165
565   0.0026245883538133165
566   0.0026245883538133165
567   0.0026245883538133165
568   0.0026245883538133165
569   0.0026245883538133165
570   0.0026245883538133165
571   0.0026245883538133165
572   0.0026245883538133165
573   0.0026245883538133165
574   0.0026245883538133165
575   0.0026245883538133165
576   0.0026245883538133165
577   0.0026245883538133165
578   0.0026245883538133165
579   0.0026245883538133165
580   0.0026245883538133165
581   0.0026245883538133165
582   0.0026245883538133165
583   0.0026245883538133165
584   0.0026245883538133165
585   0.0026245883538133165
586   0.0026245883538133165
587   0.0026245883538133165
588   0.0026245883538133165
589   0.0026245883538133165
590   0.0026245883538133165
591   0.0026245883538133165
592   0.0026245883538133165
593   0.0026245883538133165
594   0.0026245883538133165
595   0.0026245883538133165
596   0.0026245883538133165
597   0.0026245883538133165
598   0.0026245883538133165
599   0.0026245883538133165
600   0.0026245883538133165
601   0.0026245883538133165
602   0.0026245883538133165
603   0.0026245883538133165
604   0.0026245883538133165
605   0.0026245883538133165
606   0.0026245883538133165
607   0.0026245883538133165
608   0.0026245883538133165
609   0.0026245883538133165
610   0.0026245883538133165
611   0.0026245883538133165
612   0.0026245883538133165
613   0.0026245883538133165
614   0.0026245883538133165
615   0.0026245883538133165
616   0.0026245883538133165
617   0.0026245883538133165
618   0.0026245883538133165
619   0.0026245883538133165
620   0.0026245883538133165
621   0.0026245883538133165
622   0.0026245883538133165
623   0.0026245883538133165
624   0.0026245883538133165
625   0.0026245883538133165
626   0.0026245883538133165
627   0.0026245883538133165
628   0.0026245883538133165
629   0.0026245883538133165
630   0.0026245883538133165
631   0.0026245883538133165
632   0.0026245883538133165
633   0.0026245883538133165
634   0.0026245883538133165
635   0.0026245883538133165
636   0.0026245883538133165
637   0.0026245883538133165
638   0.0026245883538133165
639   0.0026245883538133165
640   0.0026245883538133165
641   0.0026245883538133165
642   0.0026245883538133165
643   0.0026245883538133165
644   0.0026245883538133165
645   0.0026245883538133165
646   0.0026245883538133165
647   0.0026245883538133165
648   0.0026245883538133165
649   0.0026245883538133165
650   0.0026245883538133165
651   0.0026245883538133165
652   0.0026245883538133165
653   0.0026245883538133165
654   0.0026245883538133165
655   0.0026245883538133165
656   0.0026245883538133165
657   0.0026245883538133165
658   0.0026245883538133165
659   0.0026245883538133165
660   0.0026245883538133165
661   0.0026245883538133165
662   0.0026245883538133165
663   0.0026245883538133165
664   0.0026245883538133165
665   0.0026245883538133165
666   0.0026245883538133165
667   0.0026245883538133165
668   0.0026245883538133165
669   0.0026245883538133165
670   0.0026245883538133165
671   0.0026245883538133165
672   0.0026245883538133165
673   0.0026245883538133165
674   0.0026245883538133165
675   0.0026245883538133165
676   0.0026245883538133165
677   0.0026245883538133165
678   0.0026245883538133165
679   0.0026245883538133165
680   0.0026245883538133165
681   0.0026245883538133165
682   0.0026245883538133165
683   0.0026245883538133165
684   0.0026245883538133165
685   0.0026245883538133165
686   0.0026245883538133165
687   0.0026245883538133165
688   0.0026245883538133165
689   0.0026245883538133165
690   0.0026245883538133165
691   0.0026245883538133165
692   0.0026245883538133165
693   0.0026245883538133165
694   0.0026245883538133165
695   0.0026245883538133165
696   0.0026245883538133165
697   0.0026245883538133165
698   0.0026245883538133165
699   0.0026245883538133165
700   0.0026245883538133165
701   0.0026245883538133165
702   0.0026245883538133165
703   0.0026245883538133165
704   0.0026245883538133165
705   0.0026245883538133165
706   0.0026245883538133165
707   0.0026245883538133165
708   0.0026245883538133165
709   0.0026245883538133165
710   0.0026245883538133165
711   0.0026245883538133165
712   0.0026245883538133165
713   0.0026245883538133165
714   0.0026245883538133165
715   0.0026245883538133165
716   0.0026245883538133165
717   0.0026245883538133165
718   0.0026245883538133165
719   0.0026245883538133165
720   0.0026245883538133165
721   0.0026245883538133165
722   0.0026245883538133165
723   0.0026245883538133165
724   0.0026245883538133165
725   0.0026245883538133165
726   0.0026245883538133165
727   0.0026245883538133165
728   0.0026245883538133165
729   0.0026245883538133165
730   0.0026245883538133165
731   0.0026245883538133165
732   0.0026245883538133165
733   0.0026245883538133165
734   0.0026245883538133165
735   0.0026245883538133165
736   0.0026245883538133165
737   0.0026245883538133165
738   0.0026245883538133165
739   0.0026245883538133165
740   0.0026245883538133165
741   0.0026245883538133165
742   0.0026245883538133165
743   0.0026245883538133165
744   0.0026245883538133165
745   0.0026245883538133165
746   0.0026245883538133165
747   0.0026245883538133165
748   0.0026245883538133165
749   0.0026245883538133165
750   0.0026245883538133165
751   0.0026245883538133165
752   0.0026245883538133165
753   0.0026245883538133165
754   0.0026245883538133165
755   0.0026245883538133165
756   0.0026245883538133165
757   0.0026245883538133165
758   0.0026245883538133165
759   0.0026245883538133165
760   0.0026245883538133165
761   0.0026245883538133165
762   0.0026245883538133165
763   0.0026245883538133165
764   0.0026245883538133165
765   0.0026245883538133165
766   0.0026245883538133165
767   0.0026245883538133165
768   0.0026245883538133165
769   0.0026245883538133165
770   0.0026245883538133165
771   0.0026245883538133165
772   0.0026245883538133165
773   0.0026245883538133165
774   0.0026245883538133165
775   0.0026245883538133165
776   0.0026245883538133165
777   0.0026245883538133165
778   0.0026245883538133165
779   0.0026245883538133165
780   0.0026245883538133165
781   0.0026245883538133165
782   0.0026245883538133165
783   0.0026245883538133165
784   0.0026245883538133165
785   0.0026245883538133165
786   0.0026245883538133165
787   0.0026245883538133165
788   0.0026245883538133165
789   0.0026245883538133165
790   0.0026245883538133165
791   0.0026245883538133165
792   0.0026245883538133165
793   0.0026245883538133165
794   0.0026245883538133165
795   0.0026245883538133165
796   0.0026245883538133165
797   0.0026245883538133165
798   0.0026245883538133165
799   0.0026245883538133165
800   0.0026245883538133165
801   0.0026245883538133165
802   0.0026245883538133165
803   0.0026245883538133165
804   0.0026245883538133165
805   0.0026245883538133165
806   0.0026245883538133165
807   0.0026245883538133165
808   0.0026245883538133165
809   0.0026245883538133165
810   0.0026245883538133165
811   0.0026245883538133165
812   0.0026245883538133165
813   0.0026245883538133165
814   0.0026245883538133165
815   0.0026245883538133165
816   0.0026245883538133165
817   0.0026245883538133165
818   0.0026245883538133165
819   0.0026245883538133165
820   0.0026245883538133165
821   0.0026245883538133165
822   0.0026245883538133165
823   0.0026245883538133165
824   0.0026245883538133165
825   0.0026245883538133165
826   0.0026245883538133165
827   0.0026245883538133165
828   0.0026245883538133165
829   0.0026245883538133165
830   0.0026245883538133165
831   0.0026245883538133165
832   0.0026245883538133165
833   0.0026245883538133165
834   0.0026245883538133165
835   0.0026245883538133165
836   0.0026245883538133165
837   0.0026245883538133165
838   0.0026245883538133165
839   0.0026245883538133165
840   0.0026245883538133165
841   0.0026245883538133165
842   0.0026245883538133165
843   0.0026245883538133165
844   0.0026245883538133165
845   0.0026245883538133165
846   0.0026245883538133165
847   0.0026245883538133165
848   0.0026245883538133165
849   0.0026245883538133165
850   0.0026245883538133165
851   0.0026245883538133165
852   0.0026245883538133165
853   0.0026245883538133165
854   0.0026245883538133165
855   0.0026245883538133165
856   0.0026245883538133165
857   0.0026245883538133165
858   0.0026245883538133165
859   0.0026245883538133165
860   0.0026245883538133165
861   0.0026245883538133165
862   0.0026245883538133165
863   0.0026245883538133165
864   0.0026245883538133165
865   0.0026245883538133165
866   0.0026245883538133165
867   0.0026245883538133165
868   0.0026245883538133165
869   0.0026245883538133165
870   0.0026245883538133165
871   0.0026245883538133165
872   0.0026245883538133165
873   0.0026245883538133165
874   0.0026245883538133165
875   0.0026245883538133165
876   0.0026245883538133165
877   0.0026245883538133165
878   0.0026245883538133165
879   0.0026245883538133165
880   0.0026245883538133165
881   0.0026245883538133165
882   0.0026245883538133165
883   0.0026245883538133165
884   0.0026245883538133165
885   0.0026245883538133165
886   0.0026245883538133165
887   0.0026245883538133165
888   0.0026245883538133165
889   0.0026245883538133165
890   0.0026245883538133165
891   0.0026245883538133165
892   0.0026245883538133165
893   0.0026245883538133165
894   0.0026245883538133165
895   0.0026245883538133165
896   0.0026245883538133165
897   0.0026245883538133165
898   0.0026245883538133165
899   0.0026245883538133165
900   0.0026245883538133165
901   0.0026245883538133165
902   0.0026245883538133165
903   0.0026245883538133165
904   0.0026245883538133165
905   0.0026245883538133165
906   0.0026245883538133165
907   0.0026245883538133165
908   0.0026245883538133165
909   0.0026245883538133165
910   0.0026245883538133165
911   0.0026245883538133165
912   0.0026245883538133165
913   0.0026245883538133165
914   0.0026245883538133165
915   0.0026245883538133165
916   0.0026245883538133165
917   0.0026245883538133165
918   0.0026245883538133165
919   0.0026245883538133165
920   0.0026245883538133165
921   0.0026245883538133165
922   0.0026245883538133165
923   0.0026245883538133165
924   0.0026245883538133165
925   0.0026245883538133165
926   0.0026245883538133165
927   0.0026245883538133165
928   0.0026245883538133165
929   0.0026245883538133165
930   0.0026245883538133165
931   0.0026245883538133165
932   0.0026245883538133165
933   0.0026245883538133165
934   0.0026245883538133165
935   0.0026245883538133165
936   0.0026245883538133165
937   0.0026245883538133165
938   0.0026245883538133165
939   0.0026245883538133165
940   0.0026245883538133165
941   0.0026245883538133165
942   0.0026245883538133165
943   0.0026245883538133165
944   0.0026245883538133165
945   0.0026245883538133165
946   0.0026245883538133165
947   0.0026245883538133165
948   0.0026245883538133165
949   0.0026245883538133165
950   0.0026245883538133165
951   0.0026245883538133165
952   0.0026245883538133165
953   0.0026245883538133165
954   0.0026245883538133165
955   0.0026245883538133165
956   0.0026245883538133165
957   0.0026245883538133165
958   0.0026245883538133165
959   0.0026245883538133165
960   0.0026245883538133165
961   0.0026245883538133165
962   0.0026245883538133165
963   0.0026245883538133165
964   0.0026245883538133165
965   0.0026245883538133165
966   0.0026245883538133165
967   0.0026245883538133165
968   0.0026245883538133165
969   0.0026245883538133165
970   0.0026245883538133165
971   0.0026245883538133165
972   0.0026245883538133165
973   0.0026245883538133165
974   0.0026245883538133165
975   0.0026245883538133165
976   0.0026245883538133165
977   0.0026245883538133165
978   0.0026245883538133165
979   0.0026245883538133165
980   0.0026245883538133165
981   0.0026245883538133165
982   0.0026245883538133165
983   0.0026245883538133165
984   0.0026245883538133165
985   0.0026245883538133165
986   0.0026245883538133165
987   0.0026245883538133165
988   0.0026245883538133165
989   0.0026245883538133165
990   0.0026245883538133165
991   0.0026245883538133165
992   0.0026245883538133165
993   0.0026245883538133165
994   0.0026245883538133165
995   0.0026245883538133165
996   0.0026245883538133165
997   0.0026245883538133165
998   0.0026245883538133165
999   0.0026245883538133165
