1   2.570960671799976
2   1.0439020514553903
3   1.0439020514553903
4   1.0439020514553903
5   1.0439020514553903
6   1.0439020514553903
7   1.0439020514553903
8   1.0439020514553903
9   1.0439020514553903
10   1.0439020514553903
11   1.0439020514553903
12   1.0439020514553903
13   1.0439020514553903
14   1.0439020514553903
15   1.0439020514553903
16   1.0439020514553903
17   1.0439020514553903
18   1.0439020514553903
19   1.0439020514553903
20   1.0439020514553903
21   1.0439020514553903
22   1.0439020514553903
23   1.0439020514553903
24   1.0439020514553903
25   1.0439020514553903
26   1.0439020514553903
27   1.0439020514553903
28   1.0439020514553903
29   1.0439020514553903
30   1.0439020514553903
31   1.0439020514553903
32   1.0439020514553903
33   1.0439020514553903
34   1.0439020514553903
35   1.0439020514553903
36   1.0439020514553903
37   1.0439020514553903
38   1.0439020514553903
39   1.0439020514553903
40   1.0439020514553903
41   1.0439020514553903
42   1.0439020514553903
43   1.0439020514553903
44   1.0439020514553903
45   1.0439020514553903
46   1.0439020514553903
47   1.0439020514553903
48   1.0439020514553903
49   1.0439020514553903
50   1.0439020514553903
51   1.0439020514553903
52   1.0439020514553903
53   1.0439020514553903
54   1.0439020514553903
55   1.0439020514553903
56   1.0439020514553903
57   1.0439020514553903
58   1.0439020514553903
59   1.0439020514553903
60   1.0439020514553903
61   1.0439020514553903
62   1.0439020514553903
63   1.0439020514553903
64   1.0439020514553903
65   1.0439020514553903
66   1.0439020514553903
67   1.0439020514553903
68   1.0439020514553903
69   1.0439020514553903
70   1.0439020514553903
71   1.0439020514553903
72   1.0439020514553903
73   1.0439020514553903
74   1.0439020514553903
75   1.0439020514553903
76   1.0439020514553903
77   1.0439020514553903
78   1.0439020514553903
79   1.0439020514553903
80   1.0439020514553903
81   1.0439020514553903
82   1.0439020514553903
83   1.0439020514553903
84   1.0439020514553903
85   1.0439020514553903
86   1.0439020514553903
87   1.0439020514553903
88   1.0439020514553903
89   1.0439020514553903
90   1.0439020514553903
91   1.0439020514553903
92   1.0439020514553903
93   1.0439020514553903
94   1.0439020514553903
95   1.0439020514553903
96   1.0439020514553903
97   1.0439020514553903
98   1.0439020514553903
99   1.0439020514553903
100   1.0439020514553903
101   1.0439020514553903
102   1.0439020514553903
103   1.0439020514553903
104   1.0439020514553903
105   1.0439020514553903
106   1.0439020514553903
107   1.0439020514553903
108   1.0439020514553903
109   1.0439020514553903
110   1.0439020514553903
111   1.0439020514553903
112   1.0439020514553903
113   1.0439020514553903
114   1.0439020514553903
115   1.0439020514553903
116   1.0439020514553903
117   1.0439020514553903
118   1.0439020514553903
119   1.0439020514553903
120   1.0439020514553903
121   1.0439020514553903
122   1.0439020514553903
123   1.0439020514553903
124   1.0439020514553903
125   1.0439020514553903
126   1.0439020514553903
127   1.0439020514553903
128   1.0439020514553903
129   1.0439020514553903
130   1.0439020514553903
131   1.0439020514553903
132   1.0439020514553903
133   1.0439020514553903
134   1.0439020514553903
135   1.0439020514553903
136   1.0439020514553903
137   1.0439020514553903
138   1.0439020514553903
139   1.0439020514553903
140   1.0439020514553903
141   1.0439020514553903
142   1.0439020514553903
143   1.0439020514553903
144   1.0439020514553903
145   1.0439020514553903
146   1.0439020514553903
147   1.0439020514553903
148   1.0439020514553903
149   1.0439020514553903
150   1.0439020514553903
151   1.0439020514553903
152   1.0439020514553903
153   1.0439020514553903
154   1.0439020514553903
155   1.0439020514553903
156   1.0439020514553903
157   1.0439020514553903
158   1.0439020514553903
159   1.0439020514553903
160   1.0439020514553903
161   1.0439020514553903
162   1.0439020514553903
163   1.0439020514553903
164   1.0439020514553903
165   1.0439020514553903
166   1.0439020514553903
167   1.0439020514553903
168   1.0439020514553903
169   1.0439020514553903
170   1.0439020514553903
171   1.0439020514553903
172   1.0439020514553903
173   1.0439020514553903
174   1.0439020514553903
175   1.0439020514553903
176   1.0439020514553903
177   1.0439020514553903
178   0.9344227086092489
179   0.9344227086092489
180   0.9344227086092489
181   0.9344227086092489
182   0.9344227086092489
183   0.9344227086092489
184   0.9344227086092489
185   0.9344227086092489
186   0.9344227086092489
187   0.9344227086092489
188   0.9344227086092489
189   0.9344227086092489
190   0.9344227086092489
191   0.9344227086092489
192   0.9344227086092489
193   0.9344227086092489
194   0.9344227086092489
195   0.9344227086092489
196   0.9344227086092489
197   0.9344227086092489
198   0.9344227086092489
199   0.9344227086092489
200   0.9344227086092489
201   0.9344227086092489
202   0.9344227086092489
203   0.2716557443762321
204   0.2716557443762321
205   0.2716557443762321
206   0.2716557443762321
207   0.2716557443762321
208   0.2716557443762321
209   0.2716557443762321
210   0.2716557443762321
211   0.2716557443762321
212   0.2716557443762321
213   0.2716557443762321
214   0.2716557443762321
215   0.2716557443762321
216   0.2716557443762321
217   0.2716557443762321
218   0.2716557443762321
219   0.2716557443762321
220   0.2716557443762321
221   0.2716557443762321
222   0.2716557443762321
223   0.2716557443762321
224   0.2716557443762321
225   0.2716557443762321
226   0.2716557443762321
227   0.2716557443762321
228   0.2716557443762321
229   0.2716557443762321
230   0.2716557443762321
231   0.2716557443762321
232   0.2716557443762321
233   0.2716557443762321
234   0.2716557443762321
235   0.2716557443762321
236   0.2716557443762321
237   0.2716557443762321
238   0.2716557443762321
239   0.2716557443762321
240   0.2716557443762321
241   0.2716557443762321
242   0.2716557443762321
243   0.2716557443762321
244   0.2716557443762321
245   0.2716557443762321
246   0.2716557443762321
247   0.2716557443762321
248   0.2716557443762321
249   0.2716557443762321
250   0.2716557443762321
251   0.2716557443762321
252   0.2716557443762321
253   0.2716557443762321
254   0.2716557443762321
255   0.2716557443762321
256   0.2716557443762321
257   0.2716557443762321
258   0.2716557443762321
259   0.2716557443762321
260   0.2716557443762321
261   0.2716557443762321
262   0.2716557443762321
263   0.2716557443762321
264   0.2716557443762321
265   0.2716557443762321
266   0.2716557443762321
267   0.2716557443762321
268   0.2716557443762321
269   0.2716557443762321
270   0.2716557443762321
271   0.2716557443762321
272   0.2716557443762321
273   0.2716557443762321
274   0.2716557443762321
275   0.2716557443762321
276   0.2716557443762321
277   0.2716557443762321
278   0.2716557443762321
279   0.2716557443762321
280   0.2716557443762321
281   0.2716557443762321
282   0.2716557443762321
283   0.2716557443762321
284   0.2716557443762321
285   0.2716557443762321
286   0.2716557443762321
287   0.2716557443762321
288   0.2716557443762321
289   0.2716557443762321
290   0.2716557443762321
291   0.2716557443762321
292   0.2716557443762321
293   0.2716557443762321
294   0.2716557443762321
295   0.2716557443762321
296   0.2716557443762321
297   0.2716557443762321
298   0.2716557443762321
299   0.2716557443762321
300   0.2716557443762321
301   0.2716557443762321
302   0.2716557443762321
303   0.2716557443762321
304   0.2716557443762321
305   0.2716557443762321
306   0.2716557443762321
307   0.2716557443762321
308   0.2716557443762321
309   0.2716557443762321
310   0.2716557443762321
311   0.2716557443762321
312   0.2716557443762321
313   0.2716557443762321
314   0.2716557443762321
315   0.2716557443762321
316   0.2716557443762321
317   0.2716557443762321
318   0.2716557443762321
319   0.2716557443762321
320   0.2716557443762321
321   0.2716557443762321
322   0.2716557443762321
323   0.2716557443762321
324   0.2716557443762321
325   0.2716557443762321
326   0.2716557443762321
327   0.2716557443762321
328   0.2716557443762321
329   0.2716557443762321
330   0.2716557443762321
331   0.2716557443762321
332   0.2716557443762321
333   0.2716557443762321
334   0.2716557443762321
335   0.2716557443762321
336   0.2716557443762321
337   0.2716557443762321
338   0.2716557443762321
339   0.2716557443762321
340   0.2716557443762321
341   0.2716557443762321
342   0.2716557443762321
343   0.2716557443762321
344   0.2716557443762321
345   0.2716557443762321
346   0.2716557443762321
347   0.2716557443762321
348   0.2716557443762321
349   0.2716557443762321
350   0.2716557443762321
351   0.2716557443762321
352   0.2716557443762321
353   0.2716557443762321
354   0.2716557443762321
355   0.2716557443762321
356   0.2716557443762321
357   0.2716557443762321
358   0.2716557443762321
359   0.2716557443762321
360   0.2716557443762321
361   0.2716557443762321
362   0.2716557443762321
363   0.2716557443762321
364   0.2716557443762321
365   0.2716557443762321
366   0.2716557443762321
367   0.2716557443762321
368   0.2716557443762321
369   0.2716557443762321
370   0.2716557443762321
371   0.2716557443762321
372   0.2716557443762321
373   0.2716557443762321
374   0.2716557443762321
375   0.2716557443762321
376   0.2716557443762321
377   0.2716557443762321
378   0.2716557443762321
379   0.2716557443762321
380   0.2716557443762321
381   0.2716557443762321
382   0.2716557443762321
383   0.2716557443762321
384   0.2716557443762321
385   0.2716557443762321
386   0.2716557443762321
387   0.2716557443762321
388   0.2716557443762321
389   0.2716557443762321
390   0.2716557443762321
391   0.2716557443762321
392   0.2716557443762321
393   0.2716557443762321
394   0.2716557443762321
395   0.2716557443762321
396   0.2716557443762321
397   0.2716557443762321
398   0.2716557443762321
399   0.2716557443762321
400   0.2716557443762321
401   0.2716557443762321
402   0.2716557443762321
403   0.2716557443762321
404   0.045832475323205474
405   0.045832475323205474
406   0.045832475323205474
407   0.045832475323205474
408   0.045832475323205474
409   0.045832475323205474
410   0.045832475323205474
411   0.045832475323205474
412   0.045832475323205474
413   0.045832475323205474
414   0.045832475323205474
415   0.045832475323205474
416   0.045832475323205474
417   0.045832475323205474
418   0.045832475323205474
419   0.045832475323205474
420   0.045832475323205474
421   0.045832475323205474
422   0.045832475323205474
423   0.045832475323205474
424   0.045832475323205474
425   0.045832475323205474
426   0.045832475323205474
427   0.045832475323205474
428   0.045832475323205474
429   0.045832475323205474
430   0.045832475323205474
431   0.045832475323205474
432   0.045832475323205474
433   0.045832475323205474
434   0.045832475323205474
435   0.045832475323205474
436   0.045832475323205474
437   0.045832475323205474
438   0.045832475323205474
439   0.045832475323205474
440   0.045832475323205474
441   0.045832475323205474
442   0.045832475323205474
443   0.045832475323205474
444   0.045832475323205474
445   0.045832475323205474
446   0.045832475323205474
447   0.045832475323205474
448   0.045832475323205474
449   0.045832475323205474
450   0.045832475323205474
451   0.045832475323205474
452   0.045832475323205474
453   0.045832475323205474
454   0.045832475323205474
455   0.045832475323205474
456   0.045832475323205474
457   0.045832475323205474
458   0.045832475323205474
459   0.045832475323205474
460   0.045832475323205474
461   0.045832475323205474
462   0.045832475323205474
463   0.045832475323205474
464   0.045832475323205474
465   0.045832475323205474
466   0.045832475323205474
467   0.045832475323205474
468   0.045832475323205474
469   0.045832475323205474
470   0.045832475323205474
471   0.045832475323205474
472   0.045832475323205474
473   0.045832475323205474
474   0.045832475323205474
475   0.045832475323205474
476   0.045832475323205474
477   0.045832475323205474
478   0.045832475323205474
479   0.045832475323205474
480   0.045832475323205474
481   0.045832475323205474
482   0.045832475323205474
483   0.045832475323205474
484   0.045832475323205474
485   0.045832475323205474
486   0.045832475323205474
487   0.045832475323205474
488   0.045832475323205474
489   0.045832475323205474
490   0.045832475323205474
491   0.045832475323205474
492   0.045832475323205474
493   0.045832475323205474
494   0.045832475323205474
495   0.045832475323205474
496   0.045832475323205474
497   0.045832475323205474
498   0.045832475323205474
499   0.045832475323205474
500   0.045832475323205474
501   0.045832475323205474
502   0.045832475323205474
503   0.045832475323205474
504   0.045832475323205474
505   0.045832475323205474
506   0.045832475323205474
507   0.045832475323205474
508   0.045832475323205474
509   0.045832475323205474
510   0.045832475323205474
511   0.045832475323205474
512   0.045832475323205474
513   0.045832475323205474
514   0.045832475323205474
515   0.045832475323205474
516   0.045832475323205474
517   0.045832475323205474
518   0.045832475323205474
519   0.045832475323205474
520   0.045832475323205474
521   0.045832475323205474
522   0.045832475323205474
523   0.045832475323205474
524   0.045832475323205474
525   0.045832475323205474
526   0.045832475323205474
527   0.045832475323205474
528   0.045832475323205474
529   0.045832475323205474
530   0.045832475323205474
531   0.045832475323205474
532   0.045832475323205474
533   0.045832475323205474
534   0.045832475323205474
535   0.045832475323205474
536   0.045832475323205474
537   0.045832475323205474
538   0.045832475323205474
539   0.045832475323205474
540   0.045832475323205474
541   0.045832475323205474
542   0.045832475323205474
543   0.045832475323205474
544   0.045832475323205474
545   0.045832475323205474
546   0.045832475323205474
547   0.045832475323205474
548   0.045832475323205474
549   0.045832475323205474
550   0.045832475323205474
551   0.045832475323205474
552   0.045832475323205474
553   0.045832475323205474
554   0.045832475323205474
555   0.045832475323205474
556   0.045832475323205474
557   0.045832475323205474
558   0.045832475323205474
559   0.045832475323205474
560   0.045832475323205474
561   0.045832475323205474
562   0.045832475323205474
563   0.045832475323205474
564   0.045832475323205474
565   0.045832475323205474
566   0.045832475323205474
567   0.045832475323205474
568   0.045832475323205474
569   0.045832475323205474
570   0.045832475323205474
571   0.045832475323205474
572   0.045832475323205474
573   0.045832475323205474
574   0.045832475323205474
575   0.045832475323205474
576   0.045832475323205474
577   0.045832475323205474
578   0.045832475323205474
579   0.045832475323205474
580   0.045832475323205474
581   0.045832475323205474
582   0.045832475323205474
583   0.045832475323205474
584   0.045832475323205474
585   0.045832475323205474
586   0.045832475323205474
587   0.045832475323205474
588   0.045832475323205474
589   0.045832475323205474
590   0.045832475323205474
591   0.045832475323205474
592   0.045832475323205474
593   0.045832475323205474
594   0.045832475323205474
595   0.045832475323205474
596   0.045832475323205474
597   0.045832475323205474
598   0.045832475323205474
599   0.045832475323205474
600   0.045832475323205474
601   0.045832475323205474
602   0.045832475323205474
603   0.045832475323205474
604   0.045832475323205474
605   0.045832475323205474
606   0.045832475323205474
607   0.045832475323205474
608   0.045832475323205474
609   0.045832475323205474
610   0.045832475323205474
611   0.045832475323205474
612   0.045832475323205474
613   0.045832475323205474
614   0.045832475323205474
615   0.045832475323205474
616   0.045832475323205474
617   0.045832475323205474
618   0.045832475323205474
619   0.045832475323205474
620   0.045832475323205474
621   0.045832475323205474
622   0.045832475323205474
623   0.045832475323205474
624   0.045832475323205474
625   0.045832475323205474
626   0.045832475323205474
627   0.045832475323205474
628   0.045832475323205474
629   0.045832475323205474
630   0.045832475323205474
631   0.045832475323205474
632   0.045832475323205474
633   0.045832475323205474
634   0.045832475323205474
635   0.045832475323205474
636   0.045832475323205474
637   0.045832475323205474
638   0.045832475323205474
639   0.045832475323205474
640   0.045832475323205474
641   0.045832475323205474
642   0.045832475323205474
643   0.045832475323205474
644   0.045832475323205474
645   0.045832475323205474
646   0.045832475323205474
647   0.045832475323205474
648   0.045832475323205474
649   0.045832475323205474
650   0.045832475323205474
651   0.045832475323205474
652   0.045832475323205474
653   0.045832475323205474
654   0.045832475323205474
655   0.045832475323205474
656   0.045832475323205474
657   0.045832475323205474
658   0.045832475323205474
659   0.045832475323205474
660   0.045832475323205474
661   0.045832475323205474
662   0.045832475323205474
663   0.045832475323205474
664   0.045832475323205474
665   0.045832475323205474
666   0.045832475323205474
667   0.045832475323205474
668   0.045832475323205474
669   0.045832475323205474
670   0.045832475323205474
671   0.045832475323205474
672   0.045832475323205474
673   0.045832475323205474
674   0.045832475323205474
675   0.045832475323205474
676   0.045832475323205474
677   0.045832475323205474
678   0.045832475323205474
679   0.045832475323205474
680   0.045832475323205474
681   0.045832475323205474
682   0.045832475323205474
683   0.045832475323205474
684   0.045832475323205474
685   0.045832475323205474
686   0.045832475323205474
687   0.04578141566754176
688   0.04578141566754176
689   0.04578141566754176
690   0.04578141566754176
691   0.04578141566754176
692   0.04578141566754176
693   0.04578141566754176
694   0.04578141566754176
695   0.04578141566754176
696   0.04578141566754176
697   0.04578141566754176
698   0.04578141566754176
699   0.04578141566754176
700   0.04578141566754176
701   0.04578141566754176
702   0.04578141566754176
703   0.04578141566754176
704   0.04578141566754176
705   0.04578141566754176
706   0.04578141566754176
707   0.04578141566754176
708   0.04578141566754176
709   0.04578141566754176
710   0.04578141566754176
711   0.04578141566754176
712   0.04578141566754176
713   0.04578141566754176
714   0.04578141566754176
715   0.04578141566754176
716   0.04578141566754176
717   0.04578141566754176
718   0.04578141566754176
719   0.04578141566754176
720   0.04578141566754176
721   0.04578141566754176
722   0.04578141566754176
723   0.04578141566754176
724   0.04578141566754176
725   0.04578141566754176
726   0.04578141566754176
727   0.04578141566754176
728   0.04578141566754176
729   0.04578141566754176
730   0.04578141566754176
731   0.04578141566754176
732   0.04578141566754176
733   0.04578141566754176
734   0.04578141566754176
735   0.04578141566754176
736   0.04578141566754176
737   0.04578141566754176
738   0.04578141566754176
739   0.04578141566754176
740   0.04578141566754176
741   0.04578141566754176
742   0.04578141566754176
743   0.04578141566754176
744   0.04578141566754176
745   0.04578141566754176
746   0.04578141566754176
747   0.04578141566754176
748   0.04578141566754176
749   0.04578141566754176
750   0.04578141566754176
751   0.04578141566754176
752   0.04578141566754176
753   0.04578141566754176
754   0.04578141566754176
755   0.04578141566754176
756   0.04578141566754176
757   0.04578141566754176
758   0.04578141566754176
759   0.04578141566754176
760   0.04578141566754176
761   0.04578141566754176
762   0.04578141566754176
763   0.04578141566754176
764   0.04578141566754176
765   0.04578141566754176
766   0.04578141566754176
767   0.04578141566754176
768   0.04578141566754176
769   0.04578141566754176
770   0.04578141566754176
771   0.04578141566754176
772   0.04578141566754176
773   0.04578141566754176
774   0.04578141566754176
775   0.04578141566754176
776   0.04578141566754176
777   0.04578141566754176
778   0.04578141566754176
779   0.04578141566754176
780   0.04578141566754176
781   0.04578141566754176
782   0.04578141566754176
783   0.04578141566754176
784   0.04578141566754176
785   0.04578141566754176
786   0.04578141566754176
787   0.04578141566754176
788   0.04578141566754176
789   0.04578141566754176
790   0.04578141566754176
791   0.04578141566754176
792   0.04578141566754176
793   0.04578141566754176
794   0.04578141566754176
795   0.04578141566754176
796   0.04578141566754176
797   0.04578141566754176
798   0.04578141566754176
799   0.04578141566754176
800   0.04578141566754176
801   0.04578141566754176
802   0.04578141566754176
803   0.04578141566754176
804   0.04578141566754176
805   0.04578141566754176
806   0.04578141566754176
807   0.04578141566754176
808   0.04578141566754176
809   0.04578141566754176
810   0.04578141566754176
811   0.04578141566754176
812   0.04578141566754176
813   0.04578141566754176
814   0.04578141566754176
815   0.04578141566754176
816   0.003756033097943392
817   0.003756033097943392
818   0.003756033097943392
819   0.003756033097943392
820   0.003756033097943392
821   0.003756033097943392
822   0.003756033097943392
823   0.003756033097943392
824   0.003756033097943392
825   0.003756033097943392
826   0.003756033097943392
827   0.003756033097943392
828   0.003756033097943392
829   0.003756033097943392
830   0.003756033097943392
831   0.003756033097943392
832   0.003756033097943392
833   0.003756033097943392
834   0.003756033097943392
835   0.003756033097943392
836   0.003756033097943392
837   0.003756033097943392
838   0.003756033097943392
839   0.003756033097943392
840   0.003756033097943392
841   0.003756033097943392
842   0.003756033097943392
843   0.003756033097943392
844   0.003756033097943392
845   0.003756033097943392
846   0.003756033097943392
847   0.003756033097943392
848   0.003756033097943392
849   0.003756033097943392
850   0.003756033097943392
851   0.003756033097943392
852   0.003756033097943392
853   0.003756033097943392
854   0.003756033097943392
855   0.003756033097943392
856   0.003756033097943392
857   0.003756033097943392
858   0.003756033097943392
859   0.003756033097943392
860   0.003756033097943392
861   0.003756033097943392
862   0.003756033097943392
863   0.003756033097943392
864   0.003756033097943392
865   0.003756033097943392
866   0.003756033097943392
867   0.003756033097943392
868   0.003756033097943392
869   0.003756033097943392
870   0.003756033097943392
871   0.003756033097943392
872   0.003756033097943392
873   0.003756033097943392
874   0.003756033097943392
875   0.003756033097943392
876   0.003756033097943392
877   0.003756033097943392
878   0.003756033097943392
879   0.003756033097943392
880   0.003756033097943392
881   0.003756033097943392
882   0.003756033097943392
883   0.003756033097943392
884   0.003756033097943392
885   0.003756033097943392
886   0.003756033097943392
887   0.003756033097943392
888   0.003756033097943392
889   0.003756033097943392
890   0.003756033097943392
891   0.003756033097943392
892   0.003756033097943392
893   0.003756033097943392
894   0.003756033097943392
895   0.003756033097943392
896   0.003756033097943392
897   0.003756033097943392
898   0.003756033097943392
899   0.003756033097943392
900   0.003756033097943392
901   0.003756033097943392
902   0.003756033097943392
903   0.003756033097943392
904   0.003756033097943392
905   0.003756033097943392
906   0.003756033097943392
907   0.003756033097943392
908   0.003756033097943392
909   0.003756033097943392
910   0.003756033097943392
911   0.003756033097943392
912   0.003756033097943392
913   0.003756033097943392
914   0.003756033097943392
915   0.003756033097943392
916   0.003756033097943392
917   0.003756033097943392
918   0.003756033097943392
919   0.003756033097943392
920   0.003756033097943392
921   0.003756033097943392
922   0.003756033097943392
923   0.003756033097943392
924   0.003756033097943392
925   0.0035857725029892038
926   0.0035857725029892038
927   0.0035857725029892038
928   0.0035857725029892038
929   0.0035857725029892038
930   0.0035857725029892038
931   0.0035857725029892038
932   0.0035857725029892038
933   0.0035857725029892038
934   0.0035857725029892038
935   0.0035857725029892038
936   0.0035857725029892038
937   0.0035857725029892038
938   0.0035857725029892038
939   0.0035857725029892038
940   0.0035857725029892038
941   0.0035857725029892038
942   0.0035857725029892038
943   0.0035857725029892038
944   0.0035857725029892038
945   0.0035857725029892038
946   0.0035857725029892038
947   0.0035857725029892038
948   0.0035857725029892038
949   0.0035857725029892038
950   0.0035857725029892038
951   0.0035857725029892038
952   0.0035857725029892038
953   0.0035857725029892038
954   0.0035857725029892038
955   0.0035857725029892038
956   0.0035857725029892038
957   0.0035857725029892038
958   0.0035857725029892038
959   0.0035857725029892038
960   0.0035857725029892038
961   0.0035857725029892038
962   0.0035857725029892038
963   0.0035857725029892038
964   0.0035857725029892038
965   0.0035857725029892038
966   0.0035857725029892038
967   0.0035857725029892038
968   0.0035857725029892038
969   0.0035857725029892038
970   0.0035857725029892038
971   0.0035857725029892038
972   0.0035857725029892038
973   0.0035857725029892038
974   0.0035857725029892038
975   0.0035857725029892038
976   0.0035857725029892038
977   0.0035857725029892038
978   0.0035857725029892038
979   0.0035857725029892038
980   0.0035857725029892038
981   0.0035857725029892038
982   0.0035857725029892038
983   0.0035857725029892038
984   0.0035857725029892038
985   0.0035857725029892038
986   0.0035857725029892038
987   0.0035857725029892038
988   0.0025801834327554797
989   0.0025801834327554797
990   0.0025801834327554797
991   0.0025801834327554797
992   0.0025801834327554797
993   0.0025801834327554797
994   0.0025801834327554797
995   0.0025801834327554797
996   0.0025801834327554797
997   0.0025801834327554797
998   0.0025801834327554797
999   0.0025801834327554797
