1   1.0098732999493079
2   1.0098732999493079
3   1.0098732999493079
4   1.0098732999493079
5   1.0098732999493079
6   0.07210815900556868
7   0.07210815900556868
8   0.07210815900556868
9   0.07210815900556868
10   0.07210815900556868
11   0.07210815900556868
12   0.07210815900556868
13   0.07210815900556868
14   0.07210815900556868
15   0.07210815900556868
16   0.07210815900556868
17   0.07210815900556868
18   0.07210815900556868
19   0.07210815900556868
20   0.07210815900556868
21   0.07210815900556868
22   0.07210815900556868
23   0.07210815900556868
24   0.07210815900556868
25   0.07210815900556868
26   0.07210815900556868
27   0.07210815900556868
28   0.07210815900556868
29   0.07210815900556868
30   0.07210815900556868
31   0.07210815900556868
32   0.07210815900556868
33   0.07210815900556868
34   0.07210815900556868
35   0.07210815900556868
36   0.07210815900556868
37   0.07210815900556868
38   0.07210815900556868
39   0.07210815900556868
40   0.07210815900556868
41   0.07210815900556868
42   0.07210815900556868
43   0.07210815900556868
44   0.07210815900556868
45   0.07210815900556868
46   0.07210815900556868
47   0.07210815900556868
48   0.07210815900556868
49   0.07210815900556868
50   0.07210815900556868
51   0.07210815900556868
52   0.07210815900556868
53   0.07210815900556868
54   0.07210815900556868
55   0.07210815900556868
56   0.07210815900556868
57   0.07210815900556868
58   0.07210815900556868
59   0.07210815900556868
60   0.07210815900556868
61   0.07210815900556868
62   0.07210815900556868
63   0.07210815900556868
64   0.07210815900556868
65   0.07210815900556868
66   0.07210815900556868
67   0.07210815900556868
68   0.07210815900556868
69   0.07210815900556868
70   0.07210815900556868
71   0.07210815900556868
72   0.07210815900556868
73   0.07210815900556868
74   0.07210815900556868
75   0.07210815900556868
76   0.07210815900556868
77   0.07210815900556868
78   0.07210815900556868
79   0.07210815900556868
80   0.07210815900556868
81   0.07210815900556868
82   0.07210815900556868
83   0.07210815900556868
84   0.07210815900556868
85   0.07210815900556868
86   0.07210815900556868
87   0.07210815900556868
88   0.07210815900556868
89   0.07210815900556868
90   0.07210815900556868
91   0.07210815900556868
92   0.07210815900556868
93   0.07210815900556868
94   0.07210815900556868
95   0.07210815900556868
96   0.07210815900556868
97   0.07210815900556868
98   0.07210815900556868
99   0.07210815900556868
100   0.07210815900556868
101   0.07210815900556868
102   0.07210815900556868
103   0.07210815900556868
104   0.07210815900556868
105   0.07210815900556868
106   0.07210815900556868
107   0.07210815900556868
108   0.07210815900556868
109   0.07210815900556868
110   0.07210815900556868
111   0.07210815900556868
112   0.07210815900556868
113   0.07210815900556868
114   0.07210815900556868
115   0.07210815900556868
116   0.07210815900556868
117   0.07210815900556868
118   0.07210815900556868
119   0.07210815900556868
120   0.07210815900556868
121   0.07210815900556868
122   0.07210815900556868
123   0.07210815900556868
124   0.07210815900556868
125   0.07210815900556868
126   0.07210815900556868
127   0.07210815900556868
128   0.07210815900556868
129   0.07210815900556868
130   0.07210815900556868
131   0.07210815900556868
132   0.07210815900556868
133   0.07210815900556868
134   0.07210815900556868
135   0.07210815900556868
136   0.07210815900556868
137   0.07210815900556868
138   0.07210815900556868
139   0.07210815900556868
140   0.07210815900556868
141   0.07210815900556868
142   0.07210815900556868
143   0.07210815900556868
144   0.07210815900556868
145   0.07210815900556868
146   0.07210815900556868
147   0.07210815900556868
148   0.07210815900556868
149   0.07210815900556868
150   0.07210815900556868
151   0.07210815900556868
152   0.07210815900556868
153   0.07210815900556868
154   0.07210815900556868
155   0.07210815900556868
156   0.07210815900556868
157   0.07210815900556868
158   0.07210815900556868
159   0.07210815900556868
160   0.07210815900556868
161   0.07210815900556868
162   0.07210815900556868
163   0.07210815900556868
164   0.07210815900556868
165   0.07210815900556868
166   0.07210815900556868
167   0.07210815900556868
168   0.07210815900556868
169   0.07210815900556868
170   0.07210815900556868
171   0.07210815900556868
172   0.07210815900556868
173   0.07210815900556868
174   0.07210815900556868
175   0.07210815900556868
176   0.07210815900556868
177   0.07210815900556868
178   0.07210815900556868
179   0.07210815900556868
180   0.07210815900556868
181   0.07210815900556868
182   0.07210815900556868
183   0.07210815900556868
184   0.07210815900556868
185   0.07210815900556868
186   0.07210815900556868
187   0.07210815900556868
188   0.07210815900556868
189   0.07210815900556868
190   0.07210815900556868
191   0.07210815900556868
192   0.07210815900556868
193   0.07210815900556868
194   0.07210815900556868
195   0.07210815900556868
196   0.07210815900556868
197   0.07210815900556868
198   0.07210815900556868
199   0.07210815900556868
200   0.07210815900556868
201   0.07210815900556868
202   0.07210815900556868
203   0.07210815900556868
204   0.07210815900556868
205   0.07210815900556868
206   0.07210815900556868
207   0.07210815900556868
208   0.07210815900556868
209   0.07210815900556868
210   0.07210815900556868
211   0.07210815900556868
212   0.07210815900556868
213   0.07210815900556868
214   0.07210815900556868
215   0.07210815900556868
216   0.07210815900556868
217   0.07210815900556868
218   0.07210815900556868
219   0.07210815900556868
220   0.07210815900556868
221   0.07210815900556868
222   0.07210815900556868
223   0.07210815900556868
224   0.07210815900556868
225   0.07210815900556868
226   0.07210815900556868
227   0.07210815900556868
228   0.07210815900556868
229   0.07210815900556868
230   0.07210815900556868
231   0.07210815900556868
232   0.07210815900556868
233   0.07210815900556868
234   0.07210815900556868
235   0.07210815900556868
236   0.07210815900556868
237   0.07210815900556868
238   0.07210815900556868
239   0.07210815900556868
240   0.07210815900556868
241   0.07210815900556868
242   0.015034606013466203
243   0.015034606013466203
244   0.015034606013466203
245   0.015034606013466203
246   0.015034606013466203
247   0.015034606013466203
248   0.015034606013466203
249   0.015034606013466203
250   0.015034606013466203
251   0.015034606013466203
252   0.015034606013466203
253   0.015034606013466203
254   0.015034606013466203
255   0.015034606013466203
256   0.015034606013466203
257   0.015034606013466203
258   0.015034606013466203
259   0.015034606013466203
260   0.015034606013466203
261   0.015034606013466203
262   0.015034606013466203
263   0.015034606013466203
264   0.015034606013466203
265   0.015034606013466203
266   0.015034606013466203
267   0.015034606013466203
268   0.015034606013466203
269   0.015034606013466203
270   0.015034606013466203
271   0.015034606013466203
272   0.015034606013466203
273   0.015034606013466203
274   0.015034606013466203
275   0.015034606013466203
276   0.015034606013466203
277   0.015034606013466203
278   0.015034606013466203
279   0.015034606013466203
280   0.015034606013466203
281   0.015034606013466203
282   0.015034606013466203
283   0.015034606013466203
284   0.015034606013466203
285   0.015034606013466203
286   0.015034606013466203
287   0.015034606013466203
288   0.015034606013466203
289   0.015034606013466203
290   0.015034606013466203
291   0.015034606013466203
292   0.015034606013466203
293   0.015034606013466203
294   0.015034606013466203
295   0.015034606013466203
296   0.015034606013466203
297   0.015034606013466203
298   0.015034606013466203
299   0.015034606013466203
300   0.015034606013466203
301   0.015034606013466203
302   0.015034606013466203
303   0.015034606013466203
304   0.015034606013466203
305   0.015034606013466203
306   0.015034606013466203
307   0.015034606013466203
308   0.015034606013466203
309   0.015034606013466203
310   0.015034606013466203
311   0.015034606013466203
312   0.015034606013466203
313   0.015034606013466203
314   0.015034606013466203
315   0.015034606013466203
316   0.015034606013466203
317   0.015034606013466203
318   0.015034606013466203
319   0.015034606013466203
320   0.015034606013466203
321   0.015034606013466203
322   0.015034606013466203
323   0.015034606013466203
324   0.015034606013466203
325   0.015034606013466203
326   0.015034606013466203
327   0.015034606013466203
328   0.015034606013466203
329   0.015034606013466203
330   0.015034606013466203
331   0.015034606013466203
332   0.015034606013466203
333   0.015034606013466203
334   0.015034606013466203
335   0.015034606013466203
336   0.015034606013466203
337   0.015034606013466203
338   0.015034606013466203
339   0.015034606013466203
340   0.015034606013466203
341   0.015034606013466203
342   0.015034606013466203
343   0.015034606013466203
344   0.015034606013466203
345   0.015034606013466203
346   0.015034606013466203
347   0.015034606013466203
348   0.015034606013466203
349   0.015034606013466203
350   0.015034606013466203
351   0.015034606013466203
352   0.015034606013466203
353   0.015034606013466203
354   0.015034606013466203
355   0.015034606013466203
356   0.015034606013466203
357   0.015034606013466203
358   0.015034606013466203
359   0.015034606013466203
360   0.015034606013466203
361   0.015034606013466203
362   0.015034606013466203
363   0.015034606013466203
364   0.015034606013466203
365   0.015034606013466203
366   0.015034606013466203
367   0.015034606013466203
368   0.015034606013466203
369   0.015034606013466203
370   0.015034606013466203
371   0.015034606013466203
372   0.015034606013466203
373   0.015034606013466203
374   0.015034606013466203
375   0.015034606013466203
376   0.015034606013466203
377   0.015034606013466203
378   0.015034606013466203
379   0.015034606013466203
380   0.015034606013466203
381   0.015034606013466203
382   0.015034606013466203
383   0.015034606013466203
384   0.015034606013466203
385   0.015034606013466203
386   0.015034606013466203
387   0.015034606013466203
388   0.015034606013466203
389   0.015034606013466203
390   0.015034606013466203
391   0.015034606013466203
392   0.015034606013466203
393   0.015034606013466203
394   0.015034606013466203
395   0.015034606013466203
396   0.015034606013466203
397   0.015034606013466203
398   0.015034606013466203
399   0.015034606013466203
400   0.015034606013466203
401   0.015034606013466203
402   0.015034606013466203
403   0.015034606013466203
404   0.015034606013466203
405   0.015034606013466203
406   0.015034606013466203
407   0.015034606013466203
408   0.015034606013466203
409   0.015034606013466203
410   0.015034606013466203
411   0.015034606013466203
412   0.015034606013466203
413   0.015034606013466203
414   0.015034606013466203
415   0.015034606013466203
416   0.015034606013466203
417   0.015034606013466203
418   0.015034606013466203
419   0.015034606013466203
420   0.015034606013466203
421   0.015034606013466203
422   0.015034606013466203
423   0.015034606013466203
424   0.015034606013466203
425   0.015034606013466203
426   0.015034606013466203
427   0.015034606013466203
428   0.015034606013466203
429   0.015034606013466203
430   0.015034606013466203
431   0.015034606013466203
432   0.015034606013466203
433   0.015034606013466203
434   0.015034606013466203
435   0.015034606013466203
436   0.015034606013466203
437   0.015034606013466203
438   0.015034606013466203
439   0.015034606013466203
440   0.015034606013466203
441   0.015034606013466203
442   0.015034606013466203
443   0.015034606013466203
444   0.015034606013466203
445   0.015034606013466203
446   0.015034606013466203
447   0.015034606013466203
448   0.015034606013466203
449   0.015034606013466203
450   0.015034606013466203
451   0.015034606013466203
452   0.015034606013466203
453   0.015034606013466203
454   0.015034606013466203
455   0.015034606013466203
456   0.015034606013466203
457   0.015034606013466203
458   0.015034606013466203
459   0.015034606013466203
460   0.015034606013466203
461   0.015034606013466203
462   0.015034606013466203
463   0.015034606013466203
464   0.015034606013466203
465   0.015034606013466203
466   0.015034606013466203
467   0.015034606013466203
468   0.015034606013466203
469   0.015034606013466203
470   0.015034606013466203
471   0.015034606013466203
472   0.015034606013466203
473   0.015034606013466203
474   0.015034606013466203
475   0.015034606013466203
476   0.015034606013466203
477   0.015034606013466203
478   0.015034606013466203
479   0.015034606013466203
480   0.015034606013466203
481   0.015034606013466203
482   0.015034606013466203
483   0.015034606013466203
484   0.015034606013466203
485   0.015034606013466203
486   0.015034606013466203
487   0.015034606013466203
488   0.015034606013466203
489   0.015034606013466203
490   0.015034606013466203
491   0.015034606013466203
492   0.015034606013466203
493   0.015034606013466203
494   0.015034606013466203
495   0.0077967423644356056
496   0.007393248397465331
497   0.007393248397465331
498   0.007393248397465331
499   0.007393248397465331
500   0.007393248397465331
501   0.007393248397465331
502   0.007393248397465331
503   0.007393248397465331
504   0.007393248397465331
505   0.007393248397465331
506   0.007393248397465331
507   0.007393248397465331
508   0.007393248397465331
509   0.007393248397465331
510   0.007393248397465331
511   0.007393248397465331
512   0.007393248397465331
513   0.007393248397465331
514   0.007393248397465331
515   0.007393248397465331
516   0.007393248397465331
517   0.007393248397465331
518   0.007393248397465331
519   0.007393248397465331
520   0.007393248397465331
521   0.007393248397465331
522   0.007393248397465331
523   0.007393248397465331
524   0.007393248397465331
525   0.007393248397465331
526   0.003571721007064558
527   0.003571721007064558
528   0.003571721007064558
529   0.003571721007064558
530   0.003571721007064558
531   0.003571721007064558
532   0.003571721007064558
533   0.003571721007064558
534   0.003571721007064558
535   0.003571721007064558
536   0.003571721007064558
537   0.003571721007064558
538   0.003571721007064558
539   0.003571721007064558
540   0.003571721007064558
541   0.003571721007064558
542   0.003571721007064558
543   0.003571721007064558
544   0.003571721007064558
545   0.003571721007064558
546   0.003571721007064558
547   0.003571721007064558
548   0.003571721007064558
549   0.003571721007064558
550   0.003571721007064558
551   0.003571721007064558
552   0.003571721007064558
553   0.003571721007064558
554   0.003571721007064558
555   0.003571721007064558
556   0.003571721007064558
557   0.003571721007064558
558   0.003571721007064558
559   0.003571721007064558
560   0.003571721007064558
561   0.003571721007064558
562   0.003571721007064558
563   0.003571721007064558
564   0.003571721007064558
565   0.003571721007064558
566   0.003571721007064558
567   0.003571721007064558
568   0.003571721007064558
569   0.003571721007064558
570   0.003571721007064558
571   0.003571721007064558
572   0.003571721007064558
573   0.003571721007064558
574   0.003571721007064558
575   0.003571721007064558
576   0.003571721007064558
577   0.003571721007064558
578   0.003571721007064558
579   0.003571721007064558
580   0.003571721007064558
581   0.003571721007064558
582   0.003571721007064558
583   0.003571721007064558
584   0.003571721007064558
585   0.003571721007064558
586   0.003571721007064558
587   0.003571721007064558
588   0.003571721007064558
589   0.003571721007064558
590   0.003571721007064558
591   0.003571721007064558
592   0.003571721007064558
593   0.003571721007064558
594   0.003571721007064558
595   0.003571721007064558
596   0.003571721007064558
597   0.003571721007064558
598   0.003571721007064558
599   0.003571721007064558
600   0.003571721007064558
601   0.003571721007064558
602   0.003571721007064558
603   0.003571721007064558
604   0.003571721007064558
605   0.003571721007064558
606   0.003571721007064558
607   0.003571721007064558
608   0.003571721007064558
609   0.003571721007064558
610   0.003571721007064558
611   0.003571721007064558
612   0.003571721007064558
613   0.003571721007064558
614   0.003571721007064558
615   0.003571721007064558
616   0.003571721007064558
617   0.003571721007064558
618   0.003571721007064558
619   0.003571721007064558
620   0.003571721007064558
621   0.003571721007064558
622   0.003571721007064558
623   0.003571721007064558
624   0.003571721007064558
625   0.003571721007064558
626   0.003571721007064558
627   0.003571721007064558
628   0.003571721007064558
629   0.003571721007064558
630   0.003571721007064558
631   0.003571721007064558
632   0.003571721007064558
633   0.003571721007064558
634   0.003571721007064558
635   0.003571721007064558
636   0.003571721007064558
637   0.003571721007064558
638   0.003571721007064558
639   0.003571721007064558
640   0.003571721007064558
641   0.003571721007064558
642   0.003571721007064558
643   0.003571721007064558
644   0.003571721007064558
645   0.003571721007064558
646   0.003571721007064558
647   0.003571721007064558
648   0.003571721007064558
649   0.003571721007064558
650   0.003571721007064558
651   0.003571721007064558
652   0.003571721007064558
653   0.003571721007064558
654   0.003571721007064558
655   0.003571721007064558
656   0.003571721007064558
657   0.003571721007064558
658   0.003571721007064558
659   0.003571721007064558
660   0.003571721007064558
661   0.003571721007064558
662   0.003571721007064558
663   0.003571721007064558
664   0.003571721007064558
665   0.003571721007064558
666   0.003571721007064558
667   0.003571721007064558
668   0.003571721007064558
669   0.003571721007064558
670   0.003571721007064558
671   0.003571721007064558
672   0.003571721007064558
673   0.003571721007064558
674   0.003571721007064558
675   0.003571721007064558
676   0.003571721007064558
677   0.003571721007064558
678   0.003571721007064558
679   0.003571721007064558
680   0.003571721007064558
681   0.003571721007064558
682   0.003571721007064558
683   0.003571721007064558
684   0.003571721007064558
685   0.003571721007064558
686   0.003571721007064558
687   0.002823648232867136
688   0.002823648232867136
689   0.002823648232867136
690   0.002823648232867136
691   0.002721098839789969
692   0.002721098839789969
693   0.002721098839789969
694   0.002721098839789969
695   0.002721098839789969
696   0.002721098839789969
697   0.002721098839789969
698   0.002721098839789969
699   0.002721098839789969
700   0.002721098839789969
701   0.002721098839789969
702   0.002721098839789969
703   0.002721098839789969
704   0.002721098839789969
705   0.002653060048873236
706   0.002653060048873236
707   0.002653060048873236
708   0.002653060048873236
709   0.002653060048873236
710   0.002653060048873236
711   0.002653060048873236
712   0.002653060048873236
713   0.002653060048873236
714   0.002653060048873236
715   0.002653060048873236
716   0.002653060048873236
717   0.002653060048873236
718   0.002653060048873236
719   0.002653060048873236
720   0.002653060048873236
721   0.002653060048873236
722   0.002653060048873236
723   0.002653060048873236
724   0.002653060048873236
725   0.0022180666957968232
726   0.0022180666957968232
727   0.0022180666957968232
728   0.0022180666957968232
729   0.0022180666957968232
730   0.0022180666957968232
731   0.0022180666957968232
732   0.0022180666957968232
733   0.0022180666957968232
734   0.0022180666957968232
735   0.0022180666957968232
736   0.0022180666957968232
737   0.0022180666957968232
738   0.0022180666957968232
739   0.0022180666957968232
740   0.0022180666957968232
741   0.0022180666957968232
742   0.0022180666957968232
743   0.0022180666957968232
744   0.0022180666957968232
745   0.0022180666957968232
746   0.0022180666957968232
747   0.0022180666957968232
748   0.0022180666957968232
749   0.0022180666957968232
750   0.0022180666957968232
751   0.0022180666957968232
752   0.0022180666957968232
753   0.0022180666957968232
754   0.0022180666957968232
755   0.0022180666957968232
756   0.0022180666957968232
757   0.0022180666957968232
758   0.0022180666957968232
759   0.0022180666957968232
760   0.0022180666957968232
761   0.0022180666957968232
762   0.0016429904737391646
763   0.0016429904737391646
764   0.0016429904737391646
765   0.0016429904737391646
766   0.0016429904737391646
767   0.0016429904737391646
768   0.0016429904737391646
769   0.0016429904737391646
770   0.0015459893903784344
771   0.0015459893903784344
772   0.0015459893903784344
773   0.0015459893903784344
774   0.0015459893903784344
775   0.0015459893903784344
776   0.0015459893903784344
777   0.0015459893903784344
778   0.0015459893903784344
779   0.0015459893903784344
780   0.0015459893903784344
781   0.0015459893903784344
782   0.0015459893903784344
783   0.0015459893903784344
784   0.0015459893903784344
785   0.0015459893903784344
786   0.0015459893903784344
787   0.0015459893903784344
788   0.0015459893903784344
789   0.0015459893903784344
790   0.0015459893903784344
791   0.0015459893903784344
792   0.0015459893903784344
793   0.0015459893903784344
794   0.0015459893903784344
795   0.0015459893903784344
796   0.0015459893903784344
797   0.0015459893903784344
798   0.0015459893903784344
799   0.0015459893903784344
800   0.0015459893903784344
801   0.0015459893903784344
802   0.0015459893903784344
803   0.0015459893903784344
804   0.0015459893903784344
805   0.0015459893903784344
806   0.0015459893903784344
807   0.0015459893903784344
808   0.0015459893903784344
809   0.0015459893903784344
810   0.0015459893903784344
811   0.0015459893903784344
812   0.0015459893903784344
813   0.0015459893903784344
814   0.0015459893903784344
815   0.0015459893903784344
816   0.0015459893903784344
817   0.0015459893903784344
818   0.0015459893903784344
819   0.0015459893903784344
820   0.0015459893903784344
821   0.0015459893903784344
822   0.0015459893903784344
823   0.0015459893903784344
824   0.0015459893903784344
825   0.0015459893903784344
826   0.0015459893903784344
827   0.0015459893903784344
828   0.0015459893903784344
829   0.0015459893903784344
830   0.0012496251271696273
831   0.0012496251271696273
832   0.0012496251271696273
833   0.0012496251271696273
834   0.0012496251271696273
835   0.0012496251271696273
836   0.0012496251271696273
837   6.983398998474553E-4
838   6.983398998474553E-4
839   6.983398998474553E-4
840   6.983398998474553E-4
841   6.983398998474553E-4
842   6.983398998474553E-4
843   6.983398998474553E-4
844   6.983398998474553E-4
845   6.983398998474553E-4
846   6.983398998474553E-4
847   6.983398998474553E-4
848   6.983398998474553E-4
849   6.983398998474553E-4
850   6.983398998474553E-4
851   5.69375348917565E-4
852   5.69375348917565E-4
853   5.69375348917565E-4
854   5.69375348917565E-4
855   5.69375348917565E-4
856   5.69375348917565E-4
857   5.69375348917565E-4
858   5.69375348917565E-4
859   5.69375348917565E-4
860   5.69375348917565E-4
861   5.69375348917565E-4
862   5.69375348917565E-4
863   5.69375348917565E-4
864   5.69375348917565E-4
865   3.0698809414862814E-4
866   3.0698809414862814E-4
867   3.0698809414862814E-4
868   3.0698809414862814E-4
869   3.0698809414862814E-4
870   3.0698809414862814E-4
871   3.0698809414862814E-4
872   3.0698809414862814E-4
873   3.0698809414862814E-4
874   3.0698809414862814E-4
875   3.0698809414862814E-4
876   3.0698809414862814E-4
877   3.0698809414862814E-4
878   3.0698809414862814E-4
879   3.0698809414862814E-4
880   3.0698809414862814E-4
881   3.0698809414862814E-4
882   3.0698809414862814E-4
883   3.0698809414862814E-4
884   3.0698809414862814E-4
885   3.0698809414862814E-4
886   3.0698809414862814E-4
887   3.0698809414862814E-4
888   3.0698809414862814E-4
889   3.0698809414862814E-4
890   3.0698809414862814E-4
891   3.0698809414862814E-4
892   3.0698809414862814E-4
893   3.0698809414862814E-4
894   3.0698809414862814E-4
895   3.0698809414862814E-4
896   3.0698809414862814E-4
897   5.934599154320554E-5
898   5.934599154320554E-5
899   5.934599154320554E-5
900   5.934599154320554E-5
901   5.934599154320554E-5
902   5.934599154320554E-5
903   5.934599154320554E-5
904   5.934599154320554E-5
905   5.934599154320554E-5
906   5.934599154320554E-5
907   5.934599154320554E-5
908   5.934599154320554E-5
909   5.934599154320554E-5
910   5.934599154320554E-5
911   5.934599154320554E-5
912   5.934599154320554E-5
913   5.934599154320554E-5
914   5.934599154320554E-5
915   5.934599154320554E-5
916   5.934599154320554E-5
917   5.934599154320554E-5
918   5.934599154320554E-5
919   5.934599154320554E-5
920   5.934599154320554E-5
921   5.934599154320554E-5
922   5.934599154320554E-5
923   5.934599154320554E-5
924   5.934599154320554E-5
925   5.934599154320554E-5
926   5.934599154320554E-5
927   5.934599154320554E-5
928   5.934599154320554E-5
929   5.934599154320554E-5
930   5.934599154320554E-5
931   5.934599154320554E-5
932   5.934599154320554E-5
933   5.934599154320554E-5
934   5.934599154320554E-5
935   5.934599154320554E-5
936   5.934599154320554E-5
937   5.934599154320554E-5
938   5.934599154320554E-5
939   5.934599154320554E-5
940   5.934599154320554E-5
941   5.934599154320554E-5
942   5.934599154320554E-5
943   5.934599154320554E-5
944   5.934599154320554E-5
945   5.934599154320554E-5
946   5.934599154320554E-5
947   5.934599154320554E-5
948   5.934599154320554E-5
949   5.934599154320554E-5
950   5.934599154320554E-5
951   5.934599154320554E-5
952   5.934599154320554E-5
953   5.934599154320554E-5
954   5.934599154320554E-5
955   5.934599154320554E-5
956   5.934599154320554E-5
957   5.934599154320554E-5
958   5.934599154320554E-5
959   5.934599154320554E-5
960   5.934599154320554E-5
961   5.934599154320554E-5
962   5.934599154320554E-5
963   5.934599154320554E-5
964   5.934599154320554E-5
965   5.934599154320554E-5
966   5.934599154320554E-5
967   5.934599154320554E-5
968   5.934599154320554E-5
969   5.934599154320554E-5
970   5.934599154320554E-5
971   5.934599154320554E-5
972   5.934599154320554E-5
973   5.934599154320554E-5
974   5.934599154320554E-5
975   5.934599154320554E-5
976   5.934599154320554E-5
977   5.934599154320554E-5
978   5.934599154320554E-5
979   5.934599154320554E-5
980   5.934599154320554E-5
981   5.934599154320554E-5
982   5.934599154320554E-5
983   5.934599154320554E-5
984   5.934599154320554E-5
985   5.934599154320554E-5
986   5.934599154320554E-5
987   5.934599154320554E-5
988   5.934599154320554E-5
989   5.934599154320554E-5
990   5.934599154320554E-5
991   5.934599154320554E-5
992   5.934599154320554E-5
993   5.934599154320554E-5
994   5.934599154320554E-5
995   5.934599154320554E-5
996   5.934599154320554E-5
997   5.934599154320554E-5
998   5.934599154320554E-5
999   5.934599154320554E-5
