1   219.06100199541777
2   182.0479786697157
3   182.0479786697157
4   182.0479786697157
5   182.0479786697157
6   182.0479786697157
7   182.0479786697157
8   182.0479786697157
9   182.0479786697157
10   182.0479786697157
11   182.0479786697157
12   182.0479786697157
13   182.0479786697157
14   182.0479786697157
15   182.0479786697157
16   182.0479786697157
17   182.0479786697157
18   182.0479786697157
19   182.0479786697157
20   182.0479786697157
21   182.0479786697157
22   182.0479786697157
23   182.0479786697157
24   182.0479786697157
25   182.0479786697157
26   182.0479786697157
27   182.0479786697157
28   182.0479786697157
29   182.0479786697157
30   182.0479786697157
31   182.0479786697157
32   182.0479786697157
33   182.0479786697157
34   182.0479786697157
35   182.0479786697157
36   182.0479786697157
37   182.0479786697157
38   182.0479786697157
39   182.0479786697157
40   182.0479786697157
41   182.0479786697157
42   182.0479786697157
43   182.0479786697157
44   182.0479786697157
45   182.0479786697157
46   182.0479786697157
47   182.0479786697157
48   182.0479786697157
49   182.0479786697157
50   182.0479786697157
51   182.0479786697157
52   182.0479786697157
53   182.0479786697157
54   182.0479786697157
55   182.0479786697157
56   182.0479786697157
57   182.0479786697157
58   182.0479786697157
59   182.0479786697157
60   182.0479786697157
61   182.0479786697157
62   182.0479786697157
63   182.0479786697157
64   182.0479786697157
65   182.0479786697157
66   182.0479786697157
67   182.0479786697157
68   182.0479786697157
69   182.0479786697157
70   182.0479786697157
71   182.0479786697157
72   182.0479786697157
73   182.0479786697157
74   182.0479786697157
75   182.0479786697157
76   182.0479786697157
77   182.0479786697157
78   182.0479786697157
79   182.0479786697157
80   182.0479786697157
81   182.0479786697157
82   182.0479786697157
83   182.0479786697157
84   182.0479786697157
85   182.0479786697157
86   182.0479786697157
87   182.0479786697157
88   182.0479786697157
89   182.0479786697157
90   182.0479786697157
91   182.0479786697157
92   182.0479786697157
93   182.0479786697157
94   182.0479786697157
95   182.0479786697157
96   182.0479786697157
97   182.0479786697157
98   182.0479786697157
99   182.0479786697157
100   182.0479786697157
101   182.0479786697157
102   182.0479786697157
103   182.0479786697157
104   182.0479786697157
105   182.0479786697157
106   182.0479786697157
107   182.0479786697157
108   182.0479786697157
109   182.0479786697157
110   182.0479786697157
111   182.0479786697157
112   182.0479786697157
113   182.0479786697157
114   182.0479786697157
115   182.0479786697157
116   182.0479786697157
117   182.0479786697157
118   182.0479786697157
119   182.0479786697157
120   182.0479786697157
121   182.0479786697157
122   182.0479786697157
123   182.0479786697157
124   182.0479786697157
125   182.0479786697157
126   182.0479786697157
127   182.0479786697157
128   182.0479786697157
129   182.0479786697157
130   182.0479786697157
131   182.0479786697157
132   182.0479786697157
133   182.0479786697157
134   182.0479786697157
135   182.0479786697157
136   182.0479786697157
137   182.0479786697157
138   182.0479786697157
139   182.0479786697157
140   182.0479786697157
141   182.0479786697157
142   182.0479786697157
143   182.0479786697157
144   182.0479786697157
145   182.0479786697157
146   182.0479786697157
147   182.0479786697157
148   182.0479786697157
149   182.0479786697157
150   182.0479786697157
151   182.0479786697157
152   182.0479786697157
153   182.0479786697157
154   182.0479786697157
155   182.0479786697157
156   182.0479786697157
157   182.0479786697157
158   182.0479786697157
159   182.0479786697157
160   182.0479786697157
161   182.0479786697157
162   182.0479786697157
163   182.0479786697157
164   182.0479786697157
165   182.0479786697157
166   182.0479786697157
167   182.0479786697157
168   182.0479786697157
169   182.0479786697157
170   182.0479786697157
171   182.0479786697157
172   182.0479786697157
173   182.0479786697157
174   182.0479786697157
175   182.0479786697157
176   182.0479786697157
177   182.0479786697157
178   182.0479786697157
179   182.0479786697157
180   182.0479786697157
181   182.0479786697157
182   182.0479786697157
183   182.0479786697157
184   182.0479786697157
185   182.0479786697157
186   182.0479786697157
187   182.0479786697157
188   182.0479786697157
189   182.0479786697157
190   182.0479786697157
191   182.0479786697157
192   182.0479786697157
193   182.0479786697157
194   182.0479786697157
195   182.0479786697157
196   182.0479786697157
197   182.0479786697157
198   182.0479786697157
199   182.0479786697157
200   182.0479786697157
201   182.0479786697157
202   182.0479786697157
203   182.0479786697157
204   182.0479786697157
205   182.0479786697157
206   182.0479786697157
207   182.0479786697157
208   182.0479786697157
209   182.0479786697157
210   182.0479786697157
211   182.0479786697157
212   182.0479786697157
213   182.0479786697157
214   182.0479786697157
215   182.0479786697157
216   182.0479786697157
217   182.0479786697157
218   182.0479786697157
219   182.0479786697157
220   182.0479786697157
221   182.0479786697157
222   182.0479786697157
223   182.0479786697157
224   182.0479786697157
225   182.0479786697157
226   182.0479786697157
227   182.0479786697157
228   182.0479786697157
229   182.0479786697157
230   182.0479786697157
231   182.0479786697157
232   182.0479786697157
233   182.0479786697157
234   182.0479786697157
235   182.0479786697157
236   182.0479786697157
237   182.0479786697157
238   182.0479786697157
239   182.0479786697157
240   182.0479786697157
241   182.0479786697157
242   182.0479786697157
243   182.0479786697157
244   182.0479786697157
245   182.0479786697157
246   182.0479786697157
247   182.0479786697157
248   182.0479786697157
249   182.0479786697157
250   182.0479786697157
251   182.0479786697157
252   182.0479786697157
253   182.0479786697157
254   182.0479786697157
255   182.0479786697157
256   182.0479786697157
257   182.0479786697157
258   182.0479786697157
259   182.0479786697157
260   182.0479786697157
261   182.0479786697157
262   182.0479786697157
263   182.0479786697157
264   182.0479786697157
265   182.0479786697157
266   182.0479786697157
267   182.0479786697157
268   182.0479786697157
269   182.0479786697157
270   182.0479786697157
271   182.0479786697157
272   182.0479786697157
273   182.0479786697157
274   182.0479786697157
275   182.0479786697157
276   182.0479786697157
277   182.0479786697157
278   182.0479786697157
279   182.0479786697157
280   182.0479786697157
281   182.0479786697157
282   182.0479786697157
283   182.0479786697157
284   182.0479786697157
285   182.0479786697157
286   182.0479786697157
287   182.0479786697157
288   182.0479786697157
289   182.0479786697157
290   182.0479786697157
291   182.0479786697157
292   182.0479786697157
293   182.0479786697157
294   182.0479786697157
295   182.0479786697157
296   182.0479786697157
297   182.0479786697157
298   182.0479786697157
299   182.0479786697157
300   182.0479786697157
301   182.0479786697157
302   182.0479786697157
303   182.0479786697157
304   182.0479786697157
305   182.0479786697157
306   182.0479786697157
307   182.0479786697157
308   182.0479786697157
309   182.0479786697157
310   182.0479786697157
311   182.0479786697157
312   182.0479786697157
313   182.0479786697157
314   182.0479786697157
315   182.0479786697157
316   182.0479786697157
317   182.0479786697157
318   182.0479786697157
319   182.0479786697157
320   182.0479786697157
321   182.0479786697157
322   182.0479786697157
323   182.0479786697157
324   182.0479786697157
325   182.0479786697157
326   182.0479786697157
327   182.0479786697157
328   182.0479786697157
329   182.0479786697157
330   182.0479786697157
331   182.0479786697157
332   182.0479786697157
333   182.0479786697157
334   182.0479786697157
335   182.0479786697157
336   182.0479786697157
337   182.0479786697157
338   182.0479786697157
339   182.0479786697157
340   182.0479786697157
341   182.0479786697157
342   182.0479786697157
343   182.0479786697157
344   182.0479786697157
345   182.0479786697157
346   182.0479786697157
347   182.0479786697157
348   182.0479786697157
349   182.0479786697157
350   182.0479786697157
351   182.0479786697157
352   182.0479786697157
353   182.0479786697157
354   182.0479786697157
355   182.0479786697157
356   182.0479786697157
357   182.0479786697157
358   182.0479786697157
359   182.0479786697157
360   182.0479786697157
361   182.0479786697157
362   182.0479786697157
363   182.0479786697157
364   182.0479786697157
365   182.0479786697157
366   182.0479786697157
367   182.0479786697157
368   182.0479786697157
369   182.0479786697157
370   182.0479786697157
371   182.0479786697157
372   182.0479786697157
373   182.0479786697157
374   182.0479786697157
375   182.0479786697157
376   182.0479786697157
377   182.0479786697157
378   182.0479786697157
379   182.0479786697157
380   182.0479786697157
381   182.0479786697157
382   182.0479786697157
383   182.0479786697157
384   182.0479786697157
385   182.0479786697157
386   182.0479786697157
387   182.0479786697157
388   182.0479786697157
389   182.0479786697157
390   182.0479786697157
391   182.0479786697157
392   182.0479786697157
393   182.0479786697157
394   182.0479786697157
395   182.0479786697157
396   182.0479786697157
397   182.0479786697157
398   182.0479786697157
399   182.0479786697157
400   182.0479786697157
401   182.0479786697157
402   182.0479786697157
403   182.0479786697157
404   182.0479786697157
405   182.0479786697157
406   182.0479786697157
407   182.0479786697157
408   182.0479786697157
409   182.0479786697157
410   182.0479786697157
411   182.0479786697157
412   182.0479786697157
413   182.0479786697157
414   182.0479786697157
415   182.0479786697157
416   182.0479786697157
417   182.0479786697157
418   182.0479786697157
419   182.0479786697157
420   182.0479786697157
421   182.0479786697157
422   182.0479786697157
423   182.0479786697157
424   182.0479786697157
425   182.0479786697157
426   182.0479786697157
427   182.0479786697157
428   182.0479786697157
429   182.0479786697157
430   182.0479786697157
431   182.0479786697157
432   182.0479786697157
433   182.0479786697157
434   182.0479786697157
435   182.0479786697157
436   182.0479786697157
437   182.0479786697157
438   182.0479786697157
439   182.0479786697157
440   182.0479786697157
441   182.0479786697157
442   182.0479786697157
443   182.0479786697157
444   182.0479786697157
445   182.0479786697157
446   182.0479786697157
447   182.0479786697157
448   182.0479786697157
449   182.0479786697157
450   182.0479786697157
451   182.0479786697157
452   182.0479786697157
453   182.0479786697157
454   182.0479786697157
455   182.0479786697157
456   182.0479786697157
457   182.0479786697157
458   182.0479786697157
459   182.0479786697157
460   182.0479786697157
461   182.0479786697157
462   182.0479786697157
463   182.0479786697157
464   182.0479786697157
465   182.0479786697157
466   182.0479786697157
467   182.0479786697157
468   182.0479786697157
469   182.0479786697157
470   182.0479786697157
471   182.0479786697157
472   182.0479786697157
473   182.0479786697157
474   182.0479786697157
475   182.0479786697157
476   182.0479786697157
477   182.0479786697157
478   182.0479786697157
479   182.0479786697157
480   182.0479786697157
481   182.0479786697157
482   182.0479786697157
483   182.0479786697157
484   182.0479786697157
485   182.0479786697157
486   182.0479786697157
487   182.0479786697157
488   182.0479786697157
489   182.0479786697157
490   182.0479786697157
491   182.0479786697157
492   182.0479786697157
493   182.0479786697157
494   182.0479786697157
495   182.0479786697157
496   182.0479786697157
497   182.0479786697157
498   182.0479786697157
499   182.0479786697157
500   182.0479786697157
501   182.0479786697157
502   182.0479786697157
503   182.0479786697157
504   182.0479786697157
505   182.0479786697157
506   182.0479786697157
507   182.0479786697157
508   182.0479786697157
509   182.0479786697157
510   182.0479786697157
511   182.0479786697157
512   182.0479786697157
513   182.0479786697157
514   182.0479786697157
515   182.0479786697157
516   182.0479786697157
517   182.0479786697157
518   182.0479786697157
519   182.0479786697157
520   182.0479786697157
521   182.0479786697157
522   182.0479786697157
523   182.0479786697157
524   182.0479786697157
525   182.0479786697157
526   182.0479786697157
527   182.0479786697157
528   182.0479786697157
529   182.0479786697157
530   182.0479786697157
531   182.0479786697157
532   182.0479786697157
533   182.0479786697157
534   182.0479786697157
535   182.0479786697157
536   182.0479786697157
537   182.0479786697157
538   182.0479786697157
539   182.0479786697157
540   182.0479786697157
541   182.0479786697157
542   182.0479786697157
543   182.0479786697157
544   182.0479786697157
545   182.0479786697157
546   182.0479786697157
547   182.0479786697157
548   182.0479786697157
549   182.0479786697157
550   182.0479786697157
551   182.0479786697157
552   182.0479786697157
553   182.0479786697157
554   182.0479786697157
555   182.0479786697157
556   182.0479786697157
557   182.0479786697157
558   182.0479786697157
559   182.0479786697157
560   182.0479786697157
561   182.0479786697157
562   182.0479786697157
563   182.0479786697157
564   182.0479786697157
565   182.0479786697157
566   182.0479786697157
567   182.0479786697157
568   182.0479786697157
569   182.0479786697157
570   182.0479786697157
571   182.0479786697157
572   182.0479786697157
573   182.0479786697157
574   182.0479786697157
575   182.0479786697157
576   182.0479786697157
577   182.0479786697157
578   182.0479786697157
579   182.0479786697157
580   182.0479786697157
581   182.0479786697157
582   182.0479786697157
583   182.0479786697157
584   182.0479786697157
585   182.0479786697157
586   182.0479786697157
587   182.0479786697157
588   182.0479786697157
589   182.0479786697157
590   182.0479786697157
591   182.0479786697157
592   182.0479786697157
593   182.0479786697157
594   182.0479786697157
595   182.0479786697157
596   182.0479786697157
597   182.0479786697157
598   182.0479786697157
599   182.0479786697157
600   182.0479786697157
601   182.0479786697157
602   182.0479786697157
603   182.0479786697157
604   182.0479786697157
605   182.0479786697157
606   182.0479786697157
607   182.0479786697157
608   182.0479786697157
609   182.0479786697157
610   182.0479786697157
611   182.0479786697157
612   182.0479786697157
613   182.0479786697157
614   182.0479786697157
615   182.0479786697157
616   182.0479786697157
617   182.0479786697157
618   182.0479786697157
619   182.0479786697157
620   182.0479786697157
621   182.0479786697157
622   182.0479786697157
623   182.0479786697157
624   182.0479786697157
625   182.0479786697157
626   182.0479786697157
627   182.0479786697157
628   182.0479786697157
629   182.0479786697157
630   182.0479786697157
631   182.0479786697157
632   182.0479786697157
633   182.0479786697157
634   182.0479786697157
635   182.0479786697157
636   182.0479786697157
637   182.0479786697157
638   182.0479786697157
639   182.0479786697157
640   182.0479786697157
641   182.0479786697157
642   182.0479786697157
643   182.0479786697157
644   182.0479786697157
645   182.0479786697157
646   182.0479786697157
647   182.0479786697157
648   182.0479786697157
649   182.0479786697157
650   182.0479786697157
651   182.0479786697157
652   182.0479786697157
653   182.0479786697157
654   182.0479786697157
655   182.0479786697157
656   182.0479786697157
657   182.0479786697157
658   182.0479786697157
659   182.0479786697157
660   182.0479786697157
661   182.0479786697157
662   182.0479786697157
663   182.0479786697157
664   182.0479786697157
665   182.0479786697157
666   182.0479786697157
667   182.0479786697157
668   182.0479786697157
669   182.0479786697157
670   182.0479786697157
671   182.0479786697157
672   182.0479786697157
673   182.0479786697157
674   182.0479786697157
675   182.0479786697157
676   182.0479786697157
677   182.0479786697157
678   182.0479786697157
679   182.0479786697157
680   182.0479786697157
681   182.0479786697157
682   182.0479786697157
683   182.0479786697157
684   182.0479786697157
685   182.0479786697157
686   182.0479786697157
687   182.0479786697157
688   182.0479786697157
689   182.0479786697157
690   182.0479786697157
691   182.0479786697157
692   182.0479786697157
693   182.0479786697157
694   182.0479786697157
695   182.0479786697157
696   182.0479786697157
697   182.0479786697157
698   182.0479786697157
699   182.0479786697157
700   182.0479786697157
701   182.0479786697157
702   182.0479786697157
703   182.0479786697157
704   182.0479786697157
705   182.0479786697157
706   182.0479786697157
707   182.0479786697157
708   182.0479786697157
709   182.0479786697157
710   182.0479786697157
711   182.0479786697157
712   182.0479786697157
713   182.0479786697157
714   182.0479786697157
715   182.0479786697157
716   182.0479786697157
717   182.0479786697157
718   182.0479786697157
719   182.0479786697157
720   182.0479786697157
721   182.0479786697157
722   182.0479786697157
723   182.0479786697157
724   182.0479786697157
725   182.0479786697157
726   182.0479786697157
727   182.0479786697157
728   182.0479786697157
729   182.0479786697157
730   182.0479786697157
731   182.0479786697157
732   182.0479786697157
733   182.0479786697157
734   182.0479786697157
735   182.0479786697157
736   182.0479786697157
737   182.0479786697157
738   182.0479786697157
739   182.0479786697157
740   182.0479786697157
741   182.0479786697157
742   182.0479786697157
743   182.0479786697157
744   182.0479786697157
745   182.0479786697157
746   182.0479786697157
747   182.0479786697157
748   182.0479786697157
749   182.0479786697157
750   182.0479786697157
751   182.0479786697157
752   182.0479786697157
753   182.0479786697157
754   182.0479786697157
755   182.0479786697157
756   182.0479786697157
757   182.0479786697157
758   182.0479786697157
759   182.0479786697157
760   182.0479786697157
761   182.0479786697157
762   182.0479786697157
763   182.0479786697157
764   182.0479786697157
765   182.0479786697157
766   182.0479786697157
767   182.0479786697157
768   182.0479786697157
769   182.0479786697157
770   182.0479786697157
771   182.0479786697157
772   182.0479786697157
773   182.0479786697157
774   182.0479786697157
775   182.0479786697157
776   182.0479786697157
777   182.0479786697157
778   182.0479786697157
779   182.0479786697157
780   182.0479786697157
781   182.0479786697157
782   182.0479786697157
783   182.0479786697157
784   182.0479786697157
785   182.0479786697157
786   182.0479786697157
787   182.0479786697157
788   182.0479786697157
789   182.0479786697157
790   182.0479786697157
791   182.0479786697157
792   182.0479786697157
793   182.0479786697157
794   182.0479786697157
795   182.0479786697157
796   182.0479786697157
797   182.0479786697157
798   182.0479786697157
799   182.0479786697157
800   182.0479786697157
801   182.0479786697157
802   182.0479786697157
803   182.0479786697157
804   182.0479786697157
805   182.0479786697157
806   182.0479786697157
807   182.0479786697157
808   182.0479786697157
809   182.0479786697157
810   182.0479786697157
811   182.0479786697157
812   182.0479786697157
813   182.0479786697157
814   182.0479786697157
815   182.0479786697157
816   182.0479786697157
817   182.0479786697157
818   182.0479786697157
819   182.0479786697157
820   182.0479786697157
821   182.0479786697157
822   182.0479786697157
823   182.0479786697157
824   182.0479786697157
825   182.0479786697157
826   182.0479786697157
827   182.0479786697157
828   182.0479786697157
829   182.0479786697157
830   182.0479786697157
831   182.0479786697157
832   182.0479786697157
833   182.0479786697157
834   182.0479786697157
835   182.0479786697157
836   182.0479786697157
837   182.0479786697157
838   182.0479786697157
839   182.0479786697157
840   182.0479786697157
841   182.0479786697157
842   182.0479786697157
843   182.0479786697157
844   182.0479786697157
845   182.0479786697157
846   182.0479786697157
847   182.0479786697157
848   182.0479786697157
849   182.0479786697157
850   182.0479786697157
851   182.0479786697157
852   182.0479786697157
853   182.0479786697157
854   182.0479786697157
855   182.0479786697157
856   182.0479786697157
857   182.0479786697157
858   182.0479786697157
859   182.0479786697157
860   182.0479786697157
861   182.0479786697157
862   182.0479786697157
863   182.0479786697157
864   182.0479786697157
865   182.0479786697157
866   182.0479786697157
867   182.0479786697157
868   182.0479786697157
869   182.0479786697157
870   182.0479786697157
871   182.0479786697157
872   182.0479786697157
873   182.0479786697157
874   182.0479786697157
875   182.0479786697157
876   182.0479786697157
877   182.0479786697157
878   182.0479786697157
879   182.0479786697157
880   182.0479786697157
881   182.0479786697157
882   182.0479786697157
883   182.0479786697157
884   182.0479786697157
885   182.0479786697157
886   182.0479786697157
887   182.0479786697157
888   182.0479786697157
889   182.0479786697157
890   182.0479786697157
891   182.0479786697157
892   182.0479786697157
893   182.0479786697157
894   182.0479786697157
895   182.0479786697157
896   182.0479786697157
897   182.0479786697157
898   182.0479786697157
899   182.0479786697157
900   182.0479786697157
901   182.0479786697157
902   182.0479786697157
903   182.0479786697157
904   182.0479786697157
905   182.0479786697157
906   182.0479786697157
907   182.0479786697157
908   182.0479786697157
909   182.0479786697157
910   182.0479786697157
911   182.0479786697157
912   182.0479786697157
913   182.0479786697157
914   182.0479786697157
915   182.0479786697157
916   182.0479786697157
917   182.0479786697157
918   182.0479786697157
919   182.0479786697157
920   182.0479786697157
921   182.0479786697157
922   182.0479786697157
923   182.0479786697157
924   182.0479786697157
925   182.0479786697157
926   182.0479786697157
927   182.0479786697157
928   182.0479786697157
929   182.0479786697157
930   182.0479786697157
931   182.0479786697157
932   182.0479786697157
933   182.0479786697157
934   182.0479786697157
935   182.0479786697157
936   182.0479786697157
937   182.0479786697157
938   182.0479786697157
939   182.0479786697157
940   182.0479786697157
941   182.0479786697157
942   182.0479786697157
943   182.0479786697157
944   182.0479786697157
945   182.0479786697157
946   182.0479786697157
947   182.0479786697157
948   182.0479786697157
949   182.0479786697157
950   182.0479786697157
951   182.0479786697157
952   182.0479786697157
953   182.0479786697157
954   182.0479786697157
955   182.0479786697157
956   182.0479786697157
957   182.0479786697157
958   182.0479786697157
959   182.0479786697157
960   182.0479786697157
961   182.0479786697157
962   182.0479786697157
963   182.0479786697157
964   182.0479786697157
965   182.0479786697157
966   182.0479786697157
967   182.0479786697157
968   182.0479786697157
969   182.0479786697157
970   182.0479786697157
971   182.0479786697157
972   182.0479786697157
973   182.0479786697157
974   182.0479786697157
975   182.0479786697157
976   182.0479786697157
977   182.0479786697157
978   182.0479786697157
979   182.0479786697157
980   182.0479786697157
981   182.0479786697157
982   182.0479786697157
983   182.0479786697157
984   182.0479786697157
985   182.0479786697157
986   182.0479786697157
987   182.0479786697157
988   182.0479786697157
989   182.0479786697157
990   182.0479786697157
991   182.0479786697157
992   182.0479786697157
993   182.0479786697157
994   182.0479786697157
995   182.0479786697157
996   182.0479786697157
997   182.0479786697157
998   182.0479786697157
999   182.0479786697157
