1   2.4481514502676314
2   2.4481514502676314
3   2.4481514502676314
4   2.4481514502676314
5   2.4481514502676314
6   2.4481514502676314
7   2.4481514502676314
8   2.4481514502676314
9   2.4481514502676314
10   2.4481514502676314
11   2.4481514502676314
12   2.4481514502676314
13   2.4481514502676314
14   2.4481514502676314
15   2.4481514502676314
16   2.4481514502676314
17   2.4481514502676314
18   2.4481514502676314
19   2.4481514502676314
20   2.4481514502676314
21   2.4481514502676314
22   2.4481514502676314
23   2.4481514502676314
24   2.4481514502676314
25   2.4481514502676314
26   2.4481514502676314
27   2.4481514502676314
28   2.4481514502676314
29   2.4481514502676314
30   2.4481514502676314
31   2.4481514502676314
32   2.4481514502676314
33   2.4481514502676314
34   2.4481514502676314
35   2.4481514502676314
36   2.4481514502676314
37   2.4481514502676314
38   2.4481514502676314
39   2.4481514502676314
40   2.4481514502676314
41   2.4481514502676314
42   2.4481514502676314
43   1.2131346383641184
44   1.2131346383641184
45   1.2131346383641184
46   1.2131346383641184
47   1.2131346383641184
48   1.2131346383641184
49   1.2131346383641184
50   1.2131346383641184
51   1.2131346383641184
52   1.2131346383641184
53   1.2131346383641184
54   1.2131346383641184
55   1.2131346383641184
56   1.2131346383641184
57   1.2131346383641184
58   1.2131346383641184
59   1.2131346383641184
60   1.2131346383641184
61   1.2131346383641184
62   1.2131346383641184
63   1.2131346383641184
64   1.2131346383641184
65   1.2131346383641184
66   1.2131346383641184
67   1.2131346383641184
68   1.2131346383641184
69   1.2131346383641184
70   1.2131346383641184
71   1.2131346383641184
72   1.2131346383641184
73   1.2131346383641184
74   1.2131346383641184
75   1.2131346383641184
76   1.2131346383641184
77   1.2131346383641184
78   1.2131346383641184
79   0.8963747038899683
80   0.8963747038899683
81   0.8963747038899683
82   0.8963747038899683
83   0.8963747038899683
84   0.8963747038899683
85   0.8963747038899683
86   0.8963747038899683
87   0.8963747038899683
88   0.8963747038899683
89   0.8963747038899683
90   0.8963747038899683
91   0.8963747038899683
92   0.8963747038899683
93   0.8963747038899683
94   0.8963747038899683
95   0.8963747038899683
96   0.8963747038899683
97   0.8963747038899683
98   0.8963747038899683
99   0.8963747038899683
100   0.8963747038899683
101   0.8963747038899683
102   0.8963747038899683
103   0.5488347548441974
104   0.5488347548441974
105   0.5488347548441974
106   0.5488347548441974
107   0.5488347548441974
108   0.5488347548441974
109   0.5488347548441974
110   0.5488347548441974
111   0.5488347548441974
112   0.5488347548441974
113   0.09682159615666308
114   0.09682159615666308
115   0.09682159615666308
116   0.09682159615666308
117   0.09682159615666308
118   0.09682159615666308
119   0.09682159615666308
120   0.09682159615666308
121   0.09682159615666308
122   0.09682159615666308
123   0.09682159615666308
124   0.09682159615666308
125   0.09682159615666308
126   0.09682159615666308
127   0.09682159615666308
128   0.09682159615666308
129   0.09682159615666308
130   0.09682159615666308
131   0.09682159615666308
132   0.09682159615666308
133   0.09682159615666308
134   0.09682159615666308
135   0.09682159615666308
136   0.09682159615666308
137   0.09682159615666308
138   0.09682159615666308
139   0.09682159615666308
140   0.09682159615666308
141   0.09682159615666308
142   0.09682159615666308
143   0.09682159615666308
144   0.09682159615666308
145   0.09682159615666308
146   0.09682159615666308
147   0.09682159615666308
148   0.09682159615666308
149   0.09682159615666308
150   0.09682159615666308
151   0.09682159615666308
152   0.09682159615666308
153   0.09682159615666308
154   0.09682159615666308
155   0.09682159615666308
156   0.09682159615666308
157   0.09682159615666308
158   0.09682159615666308
159   0.09682159615666308
160   0.09682159615666308
161   0.09682159615666308
162   0.09682159615666308
163   0.09682159615666308
164   0.09682159615666308
165   0.07578223966433745
166   0.07578223966433745
167   0.07578223966433745
168   0.07578223966433745
169   0.07578223966433745
170   0.07578223966433745
171   0.07578223966433745
172   0.07578223966433745
173   0.07578223966433745
174   0.07578223966433745
175   0.07578223966433745
176   0.07578223966433745
177   0.07578223966433745
178   0.07578223966433745
179   0.07578223966433745
180   0.07578223966433745
181   0.07578223966433745
182   0.07578223966433745
183   0.07578223966433745
184   0.07578223966433745
185   0.07578223966433745
186   0.07578223966433745
187   0.07578223966433745
188   0.07578223966433745
189   0.07578223966433745
190   0.07578223966433745
191   0.07578223966433745
192   0.07578223966433745
193   0.07578223966433745
194   0.07578223966433745
195   0.07578223966433745
196   0.07578223966433745
197   0.07578223966433745
198   0.07578223966433745
199   0.07578223966433745
200   0.07578223966433745
201   0.07578223966433745
202   0.05808832884448581
203   0.05808832884448581
204   0.05808832884448581
205   0.05808832884448581
206   0.05808832884448581
207   0.05808832884448581
208   0.05808832884448581
209   0.05808832884448581
210   0.05808832884448581
211   0.05808832884448581
212   0.05808832884448581
213   0.05808832884448581
214   0.05808832884448581
215   0.05808832884448581
216   0.05808832884448581
217   0.05808832884448581
218   0.05808832884448581
219   0.05808832884448581
220   0.05808832884448581
221   0.05808832884448581
222   0.05808832884448581
223   0.05808832884448581
224   0.03147770840042129
225   0.03147770840042129
226   0.03147770840042129
227   0.03147770840042129
228   0.03147770840042129
229   0.03147770840042129
230   0.03147770840042129
231   0.03147770840042129
232   0.03147770840042129
233   0.03147770840042129
234   0.03147770840042129
235   0.03147770840042129
236   0.025582376334059884
237   0.025582376334059884
238   0.025582376334059884
239   0.025582376334059884
240   0.025582376334059884
241   0.025582376334059884
242   0.025582376334059884
243   0.025582376334059884
244   0.025582376334059884
245   0.025582376334059884
246   0.025582376334059884
247   0.025582376334059884
248   0.025582376334059884
249   0.025582376334059884
250   0.025582376334059884
251   0.025582376334059884
252   0.025582376334059884
253   0.025582376334059884
254   0.025582376334059884
255   0.025582376334059884
256   0.025582376334059884
257   0.025582376334059884
258   0.025582376334059884
259   0.025582376334059884
260   0.025582376334059884
261   0.025582376334059884
262   0.025582376334059884
263   0.025582376334059884
264   0.025582376334059884
265   0.025582376334059884
266   0.025582376334059884
267   0.025582376334059884
268   0.025582376334059884
269   0.025582376334059884
270   0.025582376334059884
271   0.025582376334059884
272   0.025582376334059884
273   0.02191032139417562
274   0.02191032139417562
275   0.02191032139417562
276   0.02191032139417562
277   0.02191032139417562
278   0.017945119259570836
279   0.017945119259570836
280   0.017945119259570836
281   0.017945119259570836
282   0.017945119259570836
283   0.017945119259570836
284   0.017945119259570836
285   0.017945119259570836
286   0.017945119259570836
287   0.017945119259570836
288   0.007851631071448872
289   0.007851631071448872
290   0.007851631071448872
291   0.007851631071448872
292   0.007851631071448872
293   0.007851631071448872
294   0.0038780928147821928
295   0.0038780928147821928
296   0.0038780928147821928
297   0.0038780928147821928
298   0.0038780928147821928
299   0.0038780928147821928
300   0.0038780928147821928
301   0.0038780928147821928
302   0.0038780928147821928
303   0.0038780928147821928
304   0.0038780928147821928
305   0.0038780928147821928
306   0.0038780928147821928
307   0.0038780928147821928
308   0.0038780928147821928
309   0.0038780928147821928
310   0.0038780928147821928
311   0.0038780928147821928
312   0.0038780928147821928
313   0.0038780928147821928
314   0.0038780928147821928
315   0.0038780928147821928
316   0.0038780928147821928
317   0.0038780928147821928
318   0.0038780928147821928
319   0.0019647512214556032
320   0.0019647512214556032
321   0.0019647512214556032
322   0.0019647512214556032
323   0.0019647512214556032
324   0.0019647512214556032
325   0.0019647512214556032
326   0.0019647512214556032
327   0.0019647512214556032
328   0.0019647512214556032
329   0.0019647512214556032
330   0.0019647512214556032
331   0.0019647512214556032
332   0.0019647512214556032
333   0.0019647512214556032
334   0.0019647512214556032
335   0.0019647512214556032
336   0.0019647512214556032
337   0.0019647512214556032
338   0.0019647512214556032
339   0.0019647512214556032
340   0.0019647512214556032
341   0.0019647512214556032
342   0.0019647512214556032
343   0.0019647512214556032
344   0.0019647512214556032
345   0.0019647512214556032
346   0.0019647512214556032
347   0.0019647512214556032
348   0.0019647512214556032
349   0.0019647512214556032
350   0.0019647512214556032
351   0.0019647512214556032
352   0.0019647512214556032
353   0.0019647512214556032
354   0.0019647512214556032
355   0.0019647512214556032
356   0.0019647512214556032
357   0.0019647512214556032
358   0.0019647512214556032
359   0.0019647512214556032
360   0.0019647512214556032
361   0.0019647512214556032
362   0.0019647512214556032
363   0.0019647512214556032
364   0.0019647512214556032
365   0.0019647512214556032
366   0.0019647512214556032
367   0.0019647512214556032
368   0.0011406797396923253
369   0.0011406797396923253
370   0.0011406797396923253
371   0.0011406797396923253
372   0.0011406797396923253
373   0.0011406797396923253
374   0.0011406797396923253
375   0.0011406797396923253
376   0.0011406797396923253
377   0.0011406797396923253
378   0.0011406797396923253
379   0.0011406797396923253
380   0.0011406797396923253
381   0.0011406797396923253
382   0.0011406797396923253
383   0.0011406797396923253
384   0.0011406797396923253
385   0.0011406797396923253
386   0.0011406797396923253
387   0.0011406797396923253
388   0.0011406797396923253
389   0.0011406797396923253
390   0.0011406797396923253
391   0.0011406797396923253
392   0.0011406797396923253
393   0.0011406797396923253
394   0.0011406797396923253
395   0.0011406797396923253
396   0.0011406797396923253
397   0.0011406797396923253
398   0.0011406797396923253
399   0.0011406797396923253
400   0.0011406797396923253
401   0.0011406797396923253
402   0.0011406797396923253
403   0.0011406797396923253
404   0.0011406797396923253
405   0.0011406797396923253
406   0.0011406797396923253
407   0.0011406797396923253
408   0.0011406797396923253
409   0.0011406797396923253
410   0.0011406797396923253
411   0.0011406797396923253
412   0.0011406797396923253
413   0.0011406797396923253
414   0.0011406797396923253
415   0.0011406797396923253
416   0.0011406797396923253
417   0.0011406797396923253
418   0.0011406797396923253
419   0.0011406797396923253
420   0.0011406797396923253
421   9.447013913785042E-4
422   9.447013913785042E-4
423   9.447013913785042E-4
424   9.447013913785042E-4
425   9.447013913785042E-4
426   9.447013913785042E-4
427   9.447013913785042E-4
428   9.447013913785042E-4
429   9.447013913785042E-4
430   9.447013913785042E-4
431   9.447013913785042E-4
432   9.447013913785042E-4
433   9.447013913785042E-4
434   9.447013913785042E-4
435   9.447013913785042E-4
436   9.447013913785042E-4
437   9.447013913785042E-4
438   9.447013913785042E-4
439   9.447013913785042E-4
440   9.447013913785042E-4
441   9.447013913785042E-4
442   9.447013913785042E-4
443   9.447013913785042E-4
444   9.447013913785042E-4
445   9.447013913785042E-4
446   9.447013913785042E-4
447   9.447013913785042E-4
448   9.447013913785042E-4
449   9.447013913785042E-4
450   9.447013913785042E-4
451   9.447013913785042E-4
452   9.447013913785042E-4
453   9.447013913785042E-4
454   9.447013913785042E-4
455   9.447013913785042E-4
456   9.447013913785042E-4
457   9.447013913785042E-4
458   9.447013913785042E-4
459   9.447013913785042E-4
460   9.447013913785042E-4
461   9.447013913785042E-4
462   9.447013913785042E-4
463   9.447013913785042E-4
464   9.447013913785042E-4
465   9.447013913785042E-4
466   9.447013913785042E-4
467   9.447013913785042E-4
468   9.447013913785042E-4
469   9.447013913785042E-4
470   9.447013913785042E-4
471   9.447013913785042E-4
472   9.447013913785042E-4
473   9.447013913785042E-4
474   9.447013913785042E-4
475   9.447013913785042E-4
476   9.447013913785042E-4
477   9.447013913785042E-4
478   9.447013913785042E-4
479   9.447013913785042E-4
480   9.447013913785042E-4
481   9.447013913785042E-4
482   9.447013913785042E-4
483   9.447013913785042E-4
484   9.447013913785042E-4
485   9.447013913785042E-4
486   9.447013913785042E-4
487   9.447013913785042E-4
488   9.447013913785042E-4
489   9.447013913785042E-4
490   9.447013913785042E-4
491   9.447013913785042E-4
492   9.447013913785042E-4
493   9.447013913785042E-4
494   9.447013913785042E-4
495   9.447013913785042E-4
496   9.447013913785042E-4
497   9.447013913785042E-4
498   9.447013913785042E-4
499   9.447013913785042E-4
500   9.447013913785042E-4
501   9.447013913785042E-4
502   9.447013913785042E-4
503   9.447013913785042E-4
504   9.447013913785042E-4
505   9.447013913785042E-4
506   9.447013913785042E-4
507   9.447013913785042E-4
508   9.447013913785042E-4
509   9.447013913785042E-4
510   9.447013913785042E-4
511   9.447013913785042E-4
512   9.447013913785042E-4
513   9.447013913785042E-4
514   9.447013913785042E-4
515   9.447013913785042E-4
516   9.447013913785042E-4
517   9.447013913785042E-4
518   9.447013913785042E-4
519   9.447013913785042E-4
520   9.447013913785042E-4
521   9.447013913785042E-4
522   9.447013913785042E-4
523   9.447013913785042E-4
524   9.447013913785042E-4
525   9.447013913785042E-4
526   9.447013913785042E-4
527   9.447013913785042E-4
528   9.447013913785042E-4
529   9.447013913785042E-4
530   9.447013913785042E-4
531   9.447013913785042E-4
532   6.577339328517798E-4
533   6.577339328517798E-4
534   6.577339328517798E-4
535   6.577339328517798E-4
536   6.577339328517798E-4
537   6.577339328517798E-4
538   6.577339328517798E-4
539   6.577339328517798E-4
540   6.577339328517798E-4
541   6.577339328517798E-4
542   6.577339328517798E-4
543   6.577339328517798E-4
544   6.577339328517798E-4
545   6.577339328517798E-4
546   6.577339328517798E-4
547   6.577339328517798E-4
548   6.577339328517798E-4
549   6.577339328517798E-4
550   6.577339328517798E-4
551   6.577339328517798E-4
552   6.577339328517798E-4
553   6.577339328517798E-4
554   6.577339328517798E-4
555   6.577339328517798E-4
556   6.577339328517798E-4
557   6.577339328517798E-4
558   6.577339328517798E-4
559   6.577339328517798E-4
560   6.577339328517798E-4
561   6.577339328517798E-4
562   6.577339328517798E-4
563   6.577339328517798E-4
564   6.577339328517798E-4
565   6.577339328517798E-4
566   6.577339328517798E-4
567   6.577339328517798E-4
568   6.577339328517798E-4
569   6.577339328517798E-4
570   6.577339328517798E-4
571   6.577339328517798E-4
572   6.577339328517798E-4
573   6.577339328517798E-4
574   6.577339328517798E-4
575   6.577339328517798E-4
576   6.577339328517798E-4
577   6.577339328517798E-4
578   6.577339328517798E-4
579   6.577339328517798E-4
580   6.577339328517798E-4
581   6.577339328517798E-4
582   6.577339328517798E-4
583   6.577339328517798E-4
584   6.577339328517798E-4
585   6.577339328517798E-4
586   6.577339328517798E-4
587   6.577339328517798E-4
588   6.577339328517798E-4
589   6.577339328517798E-4
590   6.577339328517798E-4
591   6.577339328517798E-4
592   6.577339328517798E-4
593   6.577339328517798E-4
594   6.577339328517798E-4
595   6.577339328517798E-4
596   6.577339328517798E-4
597   6.577339328517798E-4
598   6.577339328517798E-4
599   6.577339328517798E-4
600   6.577339328517798E-4
601   6.577339328517798E-4
602   6.577339328517798E-4
603   6.577339328517798E-4
604   6.577339328517798E-4
605   6.577339328517798E-4
606   6.577339328517798E-4
607   6.577339328517798E-4
608   6.577339328517798E-4
609   6.577339328517798E-4
610   6.577339328517798E-4
611   6.577339328517798E-4
612   6.577339328517798E-4
613   6.577339328517798E-4
614   6.577339328517798E-4
615   6.577339328517798E-4
616   6.577339328517798E-4
617   6.577339328517798E-4
618   6.577339328517798E-4
619   6.577339328517798E-4
620   6.577339328517798E-4
621   6.577339328517798E-4
622   6.577339328517798E-4
623   2.5638235830692524E-4
624   2.5638235830692524E-4
625   2.5638235830692524E-4
626   2.5638235830692524E-4
627   2.5638235830692524E-4
628   2.5638235830692524E-4
629   2.5638235830692524E-4
630   2.5638235830692524E-4
631   2.5638235830692524E-4
632   2.5638235830692524E-4
633   2.5638235830692524E-4
634   2.5638235830692524E-4
635   2.5638235830692524E-4
636   2.5638235830692524E-4
637   2.5638235830692524E-4
638   2.5638235830692524E-4
639   2.5638235830692524E-4
640   2.5638235830692524E-4
641   2.5638235830692524E-4
642   2.5638235830692524E-4
643   2.5638235830692524E-4
644   2.5638235830692524E-4
645   2.5638235830692524E-4
646   2.5638235830692524E-4
647   2.5638235830692524E-4
648   2.5638235830692524E-4
649   2.5638235830692524E-4
650   2.5638235830692524E-4
651   2.5638235830692524E-4
652   2.5638235830692524E-4
653   2.5638235830692524E-4
654   2.5638235830692524E-4
655   2.5638235830692524E-4
656   2.5638235830692524E-4
657   2.5638235830692524E-4
658   2.5638235830692524E-4
659   2.5638235830692524E-4
660   2.5638235830692524E-4
661   2.5638235830692524E-4
662   2.5638235830692524E-4
663   2.5638235830692524E-4
664   2.5638235830692524E-4
665   2.5638235830692524E-4
666   2.5638235830692524E-4
667   2.5638235830692524E-4
668   2.5638235830692524E-4
669   2.5638235830692524E-4
670   2.5638235830692524E-4
671   2.5638235830692524E-4
672   2.5638235830692524E-4
673   2.5638235830692524E-4
674   2.5638235830692524E-4
675   2.5638235830692524E-4
676   2.5638235830692524E-4
677   2.5638235830692524E-4
678   2.5638235830692524E-4
679   2.5638235830692524E-4
680   2.5638235830692524E-4
681   2.5638235830692524E-4
682   2.5638235830692524E-4
683   2.5638235830692524E-4
684   2.5638235830692524E-4
685   2.5638235830692524E-4
686   2.5638235830692524E-4
687   2.5638235830692524E-4
688   2.5638235830692524E-4
689   2.5638235830692524E-4
690   2.5638235830692524E-4
691   2.5638235830692524E-4
692   2.5638235830692524E-4
693   2.5638235830692524E-4
694   2.5638235830692524E-4
695   2.5638235830692524E-4
696   2.5638235830692524E-4
697   2.5638235830692524E-4
698   2.5638235830692524E-4
699   2.5638235830692524E-4
700   2.5638235830692524E-4
701   2.5638235830692524E-4
702   2.5638235830692524E-4
703   2.5638235830692524E-4
704   2.5638235830692524E-4
705   2.5638235830692524E-4
706   2.5638235830692524E-4
707   2.5638235830692524E-4
708   2.5638235830692524E-4
709   2.5638235830692524E-4
710   2.5638235830692524E-4
711   2.5638235830692524E-4
712   2.5638235830692524E-4
713   2.5638235830692524E-4
714   2.5638235830692524E-4
715   2.5638235830692524E-4
716   2.5638235830692524E-4
717   2.5638235830692524E-4
718   2.5638235830692524E-4
719   2.5638235830692524E-4
720   2.5638235830692524E-4
721   2.5638235830692524E-4
722   2.5638235830692524E-4
723   2.5638235830692524E-4
724   2.5638235830692524E-4
725   2.5638235830692524E-4
726   2.5638235830692524E-4
727   2.5638235830692524E-4
728   2.5638235830692524E-4
729   2.5638235830692524E-4
730   2.5638235830692524E-4
731   2.5638235830692524E-4
732   2.5638235830692524E-4
733   2.5638235830692524E-4
734   2.5638235830692524E-4
735   2.5638235830692524E-4
736   2.5638235830692524E-4
737   2.5638235830692524E-4
738   2.5638235830692524E-4
739   2.5638235830692524E-4
740   2.5638235830692524E-4
741   2.5638235830692524E-4
742   2.5638235830692524E-4
743   2.5638235830692524E-4
744   2.5638235830692524E-4
745   2.5638235830692524E-4
746   2.5638235830692524E-4
747   2.5638235830692524E-4
748   2.5638235830692524E-4
749   2.5638235830692524E-4
750   2.5638235830692524E-4
751   2.5638235830692524E-4
752   2.5638235830692524E-4
753   2.5638235830692524E-4
754   2.5638235830692524E-4
755   2.5638235830692524E-4
756   2.5638235830692524E-4
757   2.5638235830692524E-4
758   2.5638235830692524E-4
759   2.5638235830692524E-4
760   2.5638235830692524E-4
761   2.5638235830692524E-4
762   2.5638235830692524E-4
763   2.5638235830692524E-4
764   2.5638235830692524E-4
765   2.5638235830692524E-4
766   2.5638235830692524E-4
767   2.5638235830692524E-4
768   2.5638235830692524E-4
769   2.5638235830692524E-4
770   2.5638235830692524E-4
771   2.5638235830692524E-4
772   2.5638235830692524E-4
773   2.5638235830692524E-4
774   2.5638235830692524E-4
775   2.5638235830692524E-4
776   2.5638235830692524E-4
777   2.5638235830692524E-4
778   2.5638235830692524E-4
779   2.5638235830692524E-4
780   2.5638235830692524E-4
781   2.5638235830692524E-4
782   2.5638235830692524E-4
783   2.5638235830692524E-4
784   2.5638235830692524E-4
785   2.5638235830692524E-4
786   2.5638235830692524E-4
787   2.5638235830692524E-4
788   2.5638235830692524E-4
789   2.5638235830692524E-4
790   2.5638235830692524E-4
791   2.5638235830692524E-4
792   2.5638235830692524E-4
793   2.5638235830692524E-4
794   2.5638235830692524E-4
795   2.5638235830692524E-4
796   2.5638235830692524E-4
797   2.5638235830692524E-4
798   2.5638235830692524E-4
799   2.5638235830692524E-4
800   2.5638235830692524E-4
801   2.5638235830692524E-4
802   2.5638235830692524E-4
803   2.5638235830692524E-4
804   2.5638235830692524E-4
805   2.5638235830692524E-4
806   2.5638235830692524E-4
807   2.5638235830692524E-4
808   2.5638235830692524E-4
809   2.5638235830692524E-4
810   2.5638235830692524E-4
811   2.5638235830692524E-4
812   2.5638235830692524E-4
813   2.5638235830692524E-4
814   2.5638235830692524E-4
815   2.5638235830692524E-4
816   2.5638235830692524E-4
817   2.5638235830692524E-4
818   2.5638235830692524E-4
819   2.5638235830692524E-4
820   2.5638235830692524E-4
821   2.5638235830692524E-4
822   2.5638235830692524E-4
823   2.5638235830692524E-4
824   2.5638235830692524E-4
825   2.5638235830692524E-4
826   2.5638235830692524E-4
827   2.5638235830692524E-4
828   2.5638235830692524E-4
829   2.5638235830692524E-4
830   2.5638235830692524E-4
831   2.5638235830692524E-4
832   2.5638235830692524E-4
833   2.5638235830692524E-4
834   2.5638235830692524E-4
835   2.5638235830692524E-4
836   2.5638235830692524E-4
837   2.5638235830692524E-4
838   2.5638235830692524E-4
839   2.5638235830692524E-4
840   2.5638235830692524E-4
841   2.5638235830692524E-4
842   2.5638235830692524E-4
843   2.5638235830692524E-4
844   2.5638235830692524E-4
845   2.5638235830692524E-4
846   2.5638235830692524E-4
847   2.5638235830692524E-4
848   2.5638235830692524E-4
849   2.5638235830692524E-4
850   2.4987732411088377E-4
851   2.3102827467872696E-4
852   2.3102827467872696E-4
853   2.3102827467872696E-4
854   2.3102827467872696E-4
855   2.3102827467872696E-4
856   2.3102827467872696E-4
857   2.3102827467872696E-4
858   2.3102827467872696E-4
859   2.3102827467872696E-4
860   2.3102827467872696E-4
861   2.3102827467872696E-4
862   2.3102827467872696E-4
863   2.3102827467872696E-4
864   2.3102827467872696E-4
865   2.3102827467872696E-4
866   2.1849220371286283E-4
867   2.1849220371286283E-4
868   2.1849220371286283E-4
869   2.1849220371286283E-4
870   2.1849220371286283E-4
871   2.1849220371286283E-4
872   2.1849220371286283E-4
873   2.1849220371286283E-4
874   2.1849220371286283E-4
875   2.1849220371286283E-4
876   2.1849220371286283E-4
877   2.1849220371286283E-4
878   2.1849220371286283E-4
879   2.1849220371286283E-4
880   2.1849220371286283E-4
881   2.1849220371286283E-4
882   2.1849220371286283E-4
883   2.1849220371286283E-4
884   2.1849220371286283E-4
885   2.1849220371286283E-4
886   2.1849220371286283E-4
887   2.1849220371286283E-4
888   2.1849220371286283E-4
889   2.1849220371286283E-4
890   2.1849220371286283E-4
891   2.1849220371286283E-4
892   2.1849220371286283E-4
893   2.1849220371286283E-4
894   2.1849220371286283E-4
895   2.1849220371286283E-4
896   2.1849220371286283E-4
897   1.4160736469005637E-4
898   1.4160736469005637E-4
899   1.4160736469005637E-4
900   1.4160736469005637E-4
901   1.4160736469005637E-4
902   1.4160736469005637E-4
903   1.4160736469005637E-4
904   1.4160736469005637E-4
905   1.4160736469005637E-4
906   1.4160736469005637E-4
907   1.4160736469005637E-4
908   1.4160736469005637E-4
909   1.4160736469005637E-4
910   1.4160736469005637E-4
911   1.4160736469005637E-4
912   1.4160736469005637E-4
913   1.4160736469005637E-4
914   1.4160736469005637E-4
915   1.4160736469005637E-4
916   1.4160736469005637E-4
917   1.4160736469005637E-4
918   1.4160736469005637E-4
919   1.4160736469005637E-4
920   1.4160736469005637E-4
921   1.4160736469005637E-4
922   1.4160736469005637E-4
923   1.4160736469005637E-4
924   1.4160736469005637E-4
925   1.4160736469005637E-4
926   1.4160736469005637E-4
927   1.4160736469005637E-4
928   1.4160736469005637E-4
929   1.4160736469005637E-4
930   1.4160736469005637E-4
931   1.4160736469005637E-4
932   1.4160736469005637E-4
933   1.4160736469005637E-4
934   1.4160736469005637E-4
935   1.4160736469005637E-4
936   1.4160736469005637E-4
937   1.4160736469005637E-4
938   1.4160736469005637E-4
939   1.4160736469005637E-4
940   1.4160736469005637E-4
941   1.4160736469005637E-4
942   1.4160736469005637E-4
943   1.4160736469005637E-4
944   1.4160736469005637E-4
945   1.4160736469005637E-4
946   1.4160736469005637E-4
947   1.4160736469005637E-4
948   1.4160736469005637E-4
949   1.4160736469005637E-4
950   1.4160736469005637E-4
951   1.4160736469005637E-4
952   1.4160736469005637E-4
953   1.4160736469005637E-4
954   1.4160736469005637E-4
955   1.4160736469005637E-4
956   1.4160736469005637E-4
957   1.4160736469005637E-4
958   1.4160736469005637E-4
959   1.4160736469005637E-4
960   1.4160736469005637E-4
961   1.4160736469005637E-4
962   1.4160736469005637E-4
963   1.4160736469005637E-4
964   1.3729654848262016E-4
965   1.3729654848262016E-4
966   1.3729654848262016E-4
967   1.3729654848262016E-4
968   1.3729654848262016E-4
969   1.3729654848262016E-4
970   1.3729654848262016E-4
971   1.3729654848262016E-4
972   1.3729654848262016E-4
973   1.3729654848262016E-4
974   1.3729654848262016E-4
975   1.3729654848262016E-4
976   1.3729654848262016E-4
977   1.3729654848262016E-4
978   1.3729654848262016E-4
979   1.3729654848262016E-4
980   1.3729654848262016E-4
981   1.3729654848262016E-4
982   1.3729654848262016E-4
983   1.3729654848262016E-4
984   1.3729654848262016E-4
985   5.308160709948034E-5
986   5.308160709948034E-5
987   5.308160709948034E-5
988   5.308160709948034E-5
989   5.308160709948034E-5
990   5.308160709948034E-5
991   5.308160709948034E-5
992   5.308160709948034E-5
993   5.308160709948034E-5
994   5.308160709948034E-5
995   5.308160709948034E-5
996   5.308160709948034E-5
997   5.308160709948034E-5
998   5.308160709948034E-5
999   5.308160709948034E-5
