1   10.918419005915558
2   10.918419005915558
3   10.918419005915558
4   10.918419005915558
5   10.918419005915558
6   10.662852500295346
7   10.662852500295346
8   10.662852500295346
9   10.662852500295346
10   3.08221546313383
11   3.08221546313383
12   3.08221546313383
13   3.08221546313383
14   3.08221546313383
15   3.08221546313383
16   3.08221546313383
17   3.08221546313383
18   3.08221546313383
19   3.08221546313383
20   3.08221546313383
21   3.08221546313383
22   3.08221546313383
23   3.08221546313383
24   3.08221546313383
25   3.08221546313383
26   3.08221546313383
27   3.08221546313383
28   3.08221546313383
29   3.08221546313383
30   3.08221546313383
31   3.08221546313383
32   3.08221546313383
33   3.08221546313383
34   3.08221546313383
35   3.08221546313383
36   3.08221546313383
37   1.0304993414885955
38   1.0304993414885955
39   1.0304993414885955
40   1.0304993414885955
41   1.0304993414885955
42   1.0304993414885955
43   1.0304993414885955
44   1.0304993414885955
45   1.0304993414885955
46   1.0304993414885955
47   1.0304993414885955
48   1.0304993414885955
49   1.0304993414885955
50   1.0304993414885955
51   1.0304993414885955
52   1.0304993414885955
53   1.0304993414885955
54   1.0304993414885955
55   1.0304993414885955
56   1.0304993414885955
57   1.0304993414885955
58   1.0304993414885955
59   1.0304993414885955
60   1.0304993414885955
61   1.0304993414885955
62   1.0304993414885955
63   1.0304993414885955
64   1.0304993414885955
65   1.0304993414885955
66   1.0304993414885955
67   1.0304993414885955
68   1.0304993414885955
69   1.0304993414885955
70   1.0304993414885955
71   1.0304993414885955
72   1.0304993414885955
73   1.0304993414885955
74   1.0304993414885955
75   1.0304993414885955
76   1.0304993414885955
77   1.0304993414885955
78   1.0304993414885955
79   1.0304993414885955
80   1.0304993414885955
81   1.0304993414885955
82   1.0304993414885955
83   1.0304993414885955
84   1.0304993414885955
85   1.0304993414885955
86   1.0304993414885955
87   1.0304993414885955
88   1.0304993414885955
89   1.0304993414885955
90   1.0304993414885955
91   1.0304993414885955
92   1.0304993414885955
93   1.0304993414885955
94   1.0304993414885955
95   1.0304993414885955
96   1.0304993414885955
97   1.0304993414885955
98   1.0304993414885955
99   0.6744051162699577
100   0.6744051162699577
101   0.6744051162699577
102   0.6744051162699577
103   0.6744051162699577
104   0.6744051162699577
105   0.6744051162699577
106   0.6744051162699577
107   0.6744051162699577
108   0.16104311221596507
109   0.16104311221596507
110   0.15575803382643685
111   0.15575803382643685
112   0.15575803382643685
113   0.15575803382643685
114   0.15575803382643685
115   0.15575803382643685
116   0.15575803382643685
117   0.15575803382643685
118   0.15575803382643685
119   0.14663130548207798
120   0.14663130548207798
121   0.14663130548207798
122   0.14663130548207798
123   0.14663130548207798
124   0.14663130548207798
125   0.14663130548207798
126   0.14663130548207798
127   0.14663130548207798
128   0.14663130548207798
129   0.14663130548207798
130   0.14663130548207798
131   0.14663130548207798
132   0.14663130548207798
133   0.14663130548207798
134   0.14663130548207798
135   0.12291270633024766
136   0.12291270633024766
137   0.12291270633024766
138   0.12291270633024766
139   0.12291270633024766
140   0.12291270633024766
141   0.12291270633024766
142   0.12291270633024766
143   0.12291270633024766
144   0.12291270633024766
145   0.12291270633024766
146   0.05425323389511754
147   0.05425323389511754
148   0.05425323389511754
149   0.05425323389511754
150   0.05425323389511754
151   0.05425323389511754
152   0.014379009357182938
153   0.014379009357182938
154   0.014379009357182938
155   0.014379009357182938
156   0.014379009357182938
157   0.014379009357182938
158   0.014379009357182938
159   0.014379009357182938
160   0.014379009357182938
161   0.014379009357182938
162   0.014379009357182938
163   0.014379009357182938
164   0.014379009357182938
165   0.014379009357182938
166   0.014379009357182938
167   0.014379009357182938
168   0.014379009357182938
169   0.014379009357182938
170   0.014379009357182938
171   0.014379009357182938
172   0.014379009357182938
173   0.014379009357182938
174   0.014379009357182938
175   0.014379009357182938
176   0.014379009357182938
177   0.014379009357182938
178   0.014379009357182938
179   0.014379009357182938
180   0.014379009357182938
181   0.014379009357182938
182   0.014379009357182938
183   0.014379009357182938
184   0.006207744051751602
185   0.006207744051751602
186   0.006207744051751602
187   0.006207744051751602
188   0.006207744051751602
189   0.006207744051751602
190   0.006207744051751602
191   0.006207744051751602
192   0.006207744051751602
193   0.006207744051751602
194   0.006207744051751602
195   0.006207744051751602
196   0.006207744051751602
197   0.006207744051751602
198   0.006207744051751602
199   0.006207744051751602
200   0.006207744051751602
201   0.006207744051751602
202   0.006207744051751602
203   0.006207744051751602
204   0.006207744051751602
205   0.006207744051751602
206   0.006207744051751602
207   0.006207744051751602
208   0.006207744051751602
209   0.006207744051751602
210   0.006207744051751602
211   0.006207744051751602
212   0.006207744051751602
213   0.006207744051751602
214   0.006207744051751602
215   0.006207744051751602
216   0.006207744051751602
217   0.006207744051751602
218   0.006207744051751602
219   0.006207744051751602
220   0.006207744051751602
221   0.006207744051751602
222   0.006207744051751602
223   0.006207744051751602
224   0.006207744051751602
225   0.006207744051751602
226   0.006207744051751602
227   0.006207744051751602
228   0.006207744051751602
229   0.006207744051751602
230   0.006207744051751602
231   0.006207744051751602
232   0.006207744051751602
233   0.006207744051751602
234   0.006207744051751602
235   0.006207744051751602
236   0.006207744051751602
237   0.006207744051751602
238   0.006207744051751602
239   0.006207744051751602
240   0.006207744051751602
241   0.006207744051751602
242   0.006207744051751602
243   0.006207744051751602
244   0.006207744051751602
245   0.006207744051751602
246   0.006207744051751602
247   0.006207744051751602
248   0.006207744051751602
249   0.006207744051751602
250   0.006207744051751602
251   0.006207744051751602
252   0.006207744051751602
253   0.006207744051751602
254   0.006207744051751602
255   0.006207744051751602
256   0.006207744051751602
257   0.006207744051751602
258   0.006207744051751602
259   0.006207744051751602
260   0.006207744051751602
261   0.006207744051751602
262   0.006207744051751602
263   0.006207744051751602
264   0.006207744051751602
265   0.006207744051751602
266   0.006207744051751602
267   0.006207744051751602
268   0.006207744051751602
269   0.006207744051751602
270   0.006207744051751602
271   0.006207744051751602
272   0.006207744051751602
273   0.006207744051751602
274   0.006207744051751602
275   0.006207744051751602
276   0.006207744051751602
277   0.006207744051751602
278   0.006207744051751602
279   0.006207744051751602
280   0.006207744051751602
281   0.006207744051751602
282   0.006207744051751602
283   0.005361883769213817
284   0.005361883769213817
285   0.005361883769213817
286   0.005361883769213817
287   0.005361883769213817
288   0.005361883769213817
289   0.005361883769213817
290   0.005361883769213817
291   0.005361883769213817
292   0.005361883769213817
293   0.005361883769213817
294   0.005361883769213817
295   0.005361883769213817
296   0.005361883769213817
297   0.005361883769213817
298   0.005361883769213817
299   0.005361883769213817
300   0.005361883769213817
301   0.005361883769213817
302   0.005361883769213817
303   0.005361883769213817
304   0.005361883769213817
305   0.005361883769213817
306   0.005361883769213817
307   0.005361883769213817
308   0.005361883769213817
309   0.005361883769213817
310   0.005361883769213817
311   0.005361883769213817
312   0.005361883769213817
313   0.005361883769213817
314   0.005361883769213817
315   0.005361883769213817
316   0.005361883769213817
317   0.005361883769213817
318   0.005361883769213817
319   0.005361883769213817
320   0.005361883769213817
321   0.005361883769213817
322   0.005361883769213817
323   0.005361883769213817
324   0.005361883769213817
325   0.005361883769213817
326   0.005361883769213817
327   0.005361883769213817
328   0.005361883769213817
329   0.005361883769213817
330   0.005361883769213817
331   0.004696648652090396
332   0.004696648652090396
333   0.0014997462658248824
334   0.0014997462658248824
335   0.0014997462658248824
336   0.0014997462658248824
337   0.0014997462658248824
338   0.0014997462658248824
339   0.0014997462658248824
340   0.0014997462658248824
341   0.0014997462658248824
342   0.0014997462658248824
343   0.0014997462658248824
344   0.0014997462658248824
345   0.0014997462658248824
346   0.0014997462658248824
347   0.0014997462658248824
348   0.0014997462658248824
349   0.0014997462658248824
350   0.0014997462658248824
351   0.0014997462658248824
352   0.0014997462658248824
353   6.986664132259963E-4
354   6.986664132259963E-4
355   6.986664132259963E-4
356   6.986664132259963E-4
357   6.986664132259963E-4
358   6.986664132259963E-4
359   6.986664132259963E-4
360   6.986664132259963E-4
361   6.986664132259963E-4
362   6.986664132259963E-4
363   6.986664132259963E-4
364   6.986664132259963E-4
365   6.986664132259963E-4
366   6.986664132259963E-4
367   6.986664132259963E-4
368   6.986664132259963E-4
369   6.986664132259963E-4
370   6.986664132259963E-4
371   6.986664132259963E-4
372   6.986664132259963E-4
373   6.986664132259963E-4
374   6.986664132259963E-4
375   6.986664132259963E-4
376   6.986664132259963E-4
377   6.986664132259963E-4
378   6.986664132259963E-4
379   6.986664132259963E-4
380   6.986664132259963E-4
381   6.986664132259963E-4
382   6.986664132259963E-4
383   6.986664132259963E-4
384   6.986664132259963E-4
385   6.986664132259963E-4
386   6.986664132259963E-4
387   6.986664132259963E-4
388   6.986664132259963E-4
389   6.986664132259963E-4
390   6.986664132259963E-4
391   6.986664132259963E-4
392   6.986664132259963E-4
393   6.986664132259963E-4
394   6.986664132259963E-4
395   6.986664132259963E-4
396   6.986664132259963E-4
397   6.986664132259963E-4
398   6.986664132259963E-4
399   6.986664132259963E-4
400   6.986664132259963E-4
401   6.986664132259963E-4
402   6.986664132259963E-4
403   6.986664132259963E-4
404   6.986664132259963E-4
405   6.986664132259963E-4
406   6.986664132259963E-4
407   6.986664132259963E-4
408   6.986664132259963E-4
409   6.986664132259963E-4
410   6.986664132259963E-4
411   6.986664132259963E-4
412   6.986664132259963E-4
413   6.986664132259963E-4
414   6.986664132259963E-4
415   6.986664132259963E-4
416   6.986664132259963E-4
417   6.986664132259963E-4
418   6.986664132259963E-4
419   6.986664132259963E-4
420   6.986664132259963E-4
421   6.986664132259963E-4
422   6.986664132259963E-4
423   6.986664132259963E-4
424   6.986664132259963E-4
425   6.986664132259963E-4
426   6.986664132259963E-4
427   6.986664132259963E-4
428   6.986664132259963E-4
429   6.986664132259963E-4
430   6.986664132259963E-4
431   6.986664132259963E-4
432   6.986664132259963E-4
433   6.986664132259963E-4
434   6.986664132259963E-4
435   6.986664132259963E-4
436   6.986664132259963E-4
437   6.986664132259963E-4
438   6.986664132259963E-4
439   6.986664132259963E-4
440   6.986664132259963E-4
441   6.986664132259963E-4
442   6.986664132259963E-4
443   6.986664132259963E-4
444   6.986664132259963E-4
445   6.986664132259963E-4
446   6.986664132259963E-4
447   5.525886093069466E-4
448   5.525886093069466E-4
449   5.525886093069466E-4
450   5.525886093069466E-4
451   5.525886093069466E-4
452   5.525886093069466E-4
453   5.525886093069466E-4
454   5.525886093069466E-4
455   5.525886093069466E-4
456   5.525886093069466E-4
457   5.525886093069466E-4
458   5.525886093069466E-4
459   5.525886093069466E-4
460   5.525886093069466E-4
461   5.525886093069466E-4
462   5.525886093069466E-4
463   5.525886093069466E-4
464   5.525886093069466E-4
465   5.525886093069466E-4
466   5.525886093069466E-4
467   4.6761206541197126E-4
468   4.6761206541197126E-4
469   4.6761206541197126E-4
470   4.6761206541197126E-4
471   4.6761206541197126E-4
472   4.6761206541197126E-4
473   4.6761206541197126E-4
474   4.6761206541197126E-4
475   4.6761206541197126E-4
476   4.6761206541197126E-4
477   4.6761206541197126E-4
478   4.6761206541197126E-4
479   4.6761206541197126E-4
480   4.6761206541197126E-4
481   4.6761206541197126E-4
482   4.6761206541197126E-4
483   4.6761206541197126E-4
484   4.6761206541197126E-4
485   4.6761206541197126E-4
486   4.6761206541197126E-4
487   4.6761206541197126E-4
488   4.6761206541197126E-4
489   4.6761206541197126E-4
490   4.6761206541197126E-4
491   4.6761206541197126E-4
492   4.6761206541197126E-4
493   4.6761206541197126E-4
494   4.6761206541197126E-4
495   4.6761206541197126E-4
496   4.6761206541197126E-4
497   4.6761206541197126E-4
498   4.6761206541197126E-4
499   4.6761206541197126E-4
500   4.6761206541197126E-4
501   4.6761206541197126E-4
502   4.6761206541197126E-4
503   4.6761206541197126E-4
504   4.6761206541197126E-4
505   4.6761206541197126E-4
506   4.6761206541197126E-4
507   4.6761206541197126E-4
508   4.6761206541197126E-4
509   4.6761206541197126E-4
510   4.6761206541197126E-4
511   4.6761206541197126E-4
512   4.6761206541197126E-4
513   4.6761206541197126E-4
514   4.6761206541197126E-4
515   4.6761206541197126E-4
516   4.6761206541197126E-4
517   4.6761206541197126E-4
518   4.6761206541197126E-4
519   4.6761206541197126E-4
520   4.6761206541197126E-4
521   4.6761206541197126E-4
522   4.6761206541197126E-4
523   4.6761206541197126E-4
524   4.6761206541197126E-4
525   4.6761206541197126E-4
526   4.6761206541197126E-4
527   4.6761206541197126E-4
528   4.6761206541197126E-4
529   4.6761206541197126E-4
530   4.6761206541197126E-4
531   4.6761206541197126E-4
532   4.6761206541197126E-4
533   4.6761206541197126E-4
534   4.6761206541197126E-4
535   4.6761206541197126E-4
536   4.6761206541197126E-4
537   4.6761206541197126E-4
538   4.6761206541197126E-4
539   4.6761206541197126E-4
540   4.6761206541197126E-4
541   4.6761206541197126E-4
542   4.6761206541197126E-4
543   4.6761206541197126E-4
544   1.9579114202091479E-4
545   1.9579114202091479E-4
546   1.9579114202091479E-4
547   1.9579114202091479E-4
548   1.9579114202091479E-4
549   1.9579114202091479E-4
550   1.9579114202091479E-4
551   1.9579114202091479E-4
552   1.9579114202091479E-4
553   1.9579114202091479E-4
554   1.9579114202091479E-4
555   1.9579114202091479E-4
556   1.9579114202091479E-4
557   1.9579114202091479E-4
558   1.9579114202091479E-4
559   1.9579114202091479E-4
560   1.9579114202091479E-4
561   1.9579114202091479E-4
562   1.9579114202091479E-4
563   1.9579114202091479E-4
564   1.9579114202091479E-4
565   1.9579114202091479E-4
566   1.9579114202091479E-4
567   1.9579114202091479E-4
568   1.9579114202091479E-4
569   1.9579114202091479E-4
570   1.9579114202091479E-4
571   1.9579114202091479E-4
572   1.9579114202091479E-4
573   1.9579114202091479E-4
574   1.9579114202091479E-4
575   1.9579114202091479E-4
576   1.9579114202091479E-4
577   1.9579114202091479E-4
578   1.9579114202091479E-4
579   1.9579114202091479E-4
580   1.9579114202091479E-4
581   1.9579114202091479E-4
582   1.9579114202091479E-4
583   1.9579114202091479E-4
584   1.9579114202091479E-4
585   1.9579114202091479E-4
586   1.9579114202091479E-4
587   1.9579114202091479E-4
588   1.9579114202091479E-4
589   1.9579114202091479E-4
590   1.9579114202091479E-4
591   1.9579114202091479E-4
592   1.9579114202091479E-4
593   1.9579114202091479E-4
594   1.9579114202091479E-4
595   1.9579114202091479E-4
596   1.9579114202091479E-4
597   1.9579114202091479E-4
598   1.9579114202091479E-4
599   1.9579114202091479E-4
600   1.9579114202091479E-4
601   1.9579114202091479E-4
602   1.9579114202091479E-4
603   1.9579114202091479E-4
604   1.9579114202091479E-4
605   1.9579114202091479E-4
606   1.9579114202091479E-4
607   1.9579114202091479E-4
608   1.9579114202091479E-4
609   1.9579114202091479E-4
610   1.9579114202091479E-4
611   1.9579114202091479E-4
612   1.9579114202091479E-4
613   1.9579114202091479E-4
614   1.9579114202091479E-4
615   1.9579114202091479E-4
616   1.9579114202091479E-4
617   1.9579114202091479E-4
618   1.9579114202091479E-4
619   1.9579114202091479E-4
620   1.9579114202091479E-4
621   1.9579114202091479E-4
622   1.9579114202091479E-4
623   1.9579114202091479E-4
624   1.9579114202091479E-4
625   1.9579114202091479E-4
626   1.9579114202091479E-4
627   1.9579114202091479E-4
628   1.9579114202091479E-4
629   1.9579114202091479E-4
630   1.9579114202091479E-4
631   1.9579114202091479E-4
632   1.9579114202091479E-4
633   1.9579114202091479E-4
634   1.9579114202091479E-4
635   1.9579114202091479E-4
636   1.9579114202091479E-4
637   1.9579114202091479E-4
638   1.9579114202091479E-4
639   1.9579114202091479E-4
640   1.9579114202091479E-4
641   1.9579114202091479E-4
642   1.9579114202091479E-4
643   1.9579114202091479E-4
644   1.9579114202091479E-4
645   1.9579114202091479E-4
646   1.9579114202091479E-4
647   1.9579114202091479E-4
648   1.9579114202091479E-4
649   1.9579114202091479E-4
650   1.9579114202091479E-4
651   1.9579114202091479E-4
652   1.9579114202091479E-4
653   1.9579114202091479E-4
654   1.9579114202091479E-4
655   1.9579114202091479E-4
656   1.9579114202091479E-4
657   1.9579114202091479E-4
658   1.9579114202091479E-4
659   1.9579114202091479E-4
660   1.9579114202091479E-4
661   1.9579114202091479E-4
662   1.9579114202091479E-4
663   1.9579114202091479E-4
664   1.9579114202091479E-4
665   1.9579114202091479E-4
666   1.9579114202091479E-4
667   1.9579114202091479E-4
668   1.9579114202091479E-4
669   1.9579114202091479E-4
670   1.9579114202091479E-4
671   1.9579114202091479E-4
672   1.9579114202091479E-4
673   1.9579114202091479E-4
674   1.9579114202091479E-4
675   1.9579114202091479E-4
676   1.9579114202091479E-4
677   1.9579114202091479E-4
678   1.9579114202091479E-4
679   1.9579114202091479E-4
680   1.9579114202091479E-4
681   1.9579114202091479E-4
682   1.9579114202091479E-4
683   1.9579114202091479E-4
684   1.9579114202091479E-4
685   1.9579114202091479E-4
686   1.9579114202091479E-4
687   1.9579114202091479E-4
688   1.9579114202091479E-4
689   1.9579114202091479E-4
690   1.9579114202091479E-4
691   1.9579114202091479E-4
692   1.9579114202091479E-4
693   1.7603998796356465E-4
694   1.7603998796356465E-4
695   1.7603998796356465E-4
696   1.7603998796356465E-4
697   1.7603998796356465E-4
698   1.7603998796356465E-4
699   1.7603998796356465E-4
700   1.7603998796356465E-4
701   1.7603998796356465E-4
702   1.7603998796356465E-4
703   1.7603998796356465E-4
704   1.7603998796356465E-4
705   1.7603998796356465E-4
706   1.7603998796356465E-4
707   1.7603998796356465E-4
708   1.7603998796356465E-4
709   1.7603998796356465E-4
710   1.7603998796356465E-4
711   1.7603998796356465E-4
712   1.7603998796356465E-4
713   1.7603998796356465E-4
714   1.7603998796356465E-4
715   1.7603998796356465E-4
716   1.7603998796356465E-4
717   1.7603998796356465E-4
718   1.7603998796356465E-4
719   1.7603998796356465E-4
720   1.7603998796356465E-4
721   1.7603998796356465E-4
722   1.7603998796356465E-4
723   1.7603998796356465E-4
724   1.7603998796356465E-4
725   1.7603998796356465E-4
726   1.7603998796356465E-4
727   1.7603998796356465E-4
728   1.7603998796356465E-4
729   1.7603998796356465E-4
730   1.7603998796356465E-4
731   1.7603998796356465E-4
732   1.7603998796356465E-4
733   1.7603998796356465E-4
734   1.7603998796356465E-4
735   1.7603998796356465E-4
736   1.7603998796356465E-4
737   1.7603998796356465E-4
738   1.7603998796356465E-4
739   1.7603998796356465E-4
740   1.7603998796356465E-4
741   1.7603998796356465E-4
742   1.7603998796356465E-4
743   1.7603998796356465E-4
744   1.7603998796356465E-4
745   1.7603998796356465E-4
746   1.7603998796356465E-4
747   1.7603998796356465E-4
748   1.7603998796356465E-4
749   1.7603998796356465E-4
750   1.7603998796356465E-4
751   1.7603998796356465E-4
752   1.7603998796356465E-4
753   1.7603998796356465E-4
754   1.7603998796356465E-4
755   1.7603998796356465E-4
756   1.7603998796356465E-4
757   1.7603998796356465E-4
758   1.7603998796356465E-4
759   1.7603998796356465E-4
760   1.7603998796356465E-4
761   1.7603998796356465E-4
762   1.7603998796356465E-4
763   1.7603998796356465E-4
764   1.7603998796356465E-4
765   1.7603998796356465E-4
766   1.7603998796356465E-4
767   1.7603998796356465E-4
768   1.7603998796356465E-4
769   1.7603998796356465E-4
770   1.7603998796356465E-4
771   1.4178784466076062E-4
772   1.0717635051462376E-4
773   1.0717635051462376E-4
774   1.0717635051462376E-4
775   1.0717635051462376E-4
776   1.0717635051462376E-4
777   1.0717635051462376E-4
778   1.0717635051462376E-4
779   1.0717635051462376E-4
780   1.0717635051462376E-4
781   1.0717635051462376E-4
782   1.0717635051462376E-4
783   1.0717635051462376E-4
784   1.0717635051462376E-4
785   1.0717635051462376E-4
786   1.0717635051462376E-4
787   1.0717635051462376E-4
788   1.0717635051462376E-4
789   1.0717635051462376E-4
790   1.0717635051462376E-4
791   1.0717635051462376E-4
792   1.0717635051462376E-4
793   1.0717635051462376E-4
794   1.0717635051462376E-4
795   1.0717635051462376E-4
796   1.0717635051462376E-4
797   1.0717635051462376E-4
798   1.0717635051462376E-4
799   1.0717635051462376E-4
800   1.0717635051462376E-4
801   1.0717635051462376E-4
802   1.0717635051462376E-4
803   1.0717635051462376E-4
804   1.0717635051462376E-4
805   1.0717635051462376E-4
806   1.0717635051462376E-4
807   1.0717635051462376E-4
808   1.0717635051462376E-4
809   1.0717635051462376E-4
810   1.0717635051462376E-4
811   1.0717635051462376E-4
812   1.0717635051462376E-4
813   1.0717635051462376E-4
814   1.0717635051462376E-4
815   1.0717635051462376E-4
816   1.0717635051462376E-4
817   1.0717635051462376E-4
818   1.0717635051462376E-4
819   1.0717635051462376E-4
820   1.0717635051462376E-4
821   1.0717635051462376E-4
822   1.0717635051462376E-4
823   1.0717635051462376E-4
824   1.0717635051462376E-4
825   1.0717635051462376E-4
826   1.0717635051462376E-4
827   1.0717635051462376E-4
828   1.0717635051462376E-4
829   1.0717635051462376E-4
830   1.0717635051462376E-4
831   1.0717635051462376E-4
832   1.0717635051462376E-4
833   1.0717635051462376E-4
834   1.0717635051462376E-4
835   1.0717635051462376E-4
836   1.0717635051462376E-4
837   1.0717635051462376E-4
838   1.0717635051462376E-4
839   1.0717635051462376E-4
840   1.0717635051462376E-4
841   1.0717635051462376E-4
842   1.0717635051462376E-4
843   1.0717635051462376E-4
844   1.0717635051462376E-4
845   1.0717635051462376E-4
846   1.0717635051462376E-4
847   1.0717635051462376E-4
848   1.0717635051462376E-4
849   1.0717635051462376E-4
850   1.0717635051462376E-4
851   1.0717635051462376E-4
852   1.0717635051462376E-4
853   1.0717635051462376E-4
854   1.0717635051462376E-4
855   1.0717635051462376E-4
856   1.0717635051462376E-4
857   1.0717635051462376E-4
858   1.0717635051462376E-4
859   1.0717635051462376E-4
860   1.0717635051462376E-4
861   1.0717635051462376E-4
862   1.0717635051462376E-4
863   1.0717635051462376E-4
864   1.0717635051462376E-4
865   1.0717635051462376E-4
866   1.0717635051462376E-4
867   1.0717635051462376E-4
868   1.0717635051462376E-4
869   1.0717635051462376E-4
870   1.0717635051462376E-4
871   1.0717635051462376E-4
872   1.0717635051462376E-4
873   1.0717635051462376E-4
874   1.0717635051462376E-4
875   1.0717635051462376E-4
876   1.0717635051462376E-4
877   1.0717635051462376E-4
878   1.0717635051462376E-4
879   1.0717635051462376E-4
880   1.0717635051462376E-4
881   1.0717635051462376E-4
882   1.0717635051462376E-4
883   1.0717635051462376E-4
884   1.0717635051462376E-4
885   1.0717635051462376E-4
886   1.0717635051462376E-4
887   1.0717635051462376E-4
888   1.0717635051462376E-4
889   1.0717635051462376E-4
890   1.0717635051462376E-4
891   1.0717635051462376E-4
892   1.0717635051462376E-4
893   1.0717635051462376E-4
894   1.0717635051462376E-4
895   1.0717635051462376E-4
896   1.0717635051462376E-4
897   1.0717635051462376E-4
898   1.0717635051462376E-4
899   1.0717635051462376E-4
900   1.0717635051462376E-4
901   1.0717635051462376E-4
902   1.0717635051462376E-4
903   1.0717635051462376E-4
904   1.0717635051462376E-4
905   1.0717635051462376E-4
906   1.0717635051462376E-4
907   1.0717635051462376E-4
908   1.0717635051462376E-4
909   1.0717635051462376E-4
910   1.0717635051462376E-4
911   1.0717635051462376E-4
912   1.0717635051462376E-4
913   1.0717635051462376E-4
914   1.0717635051462376E-4
915   1.0717635051462376E-4
916   1.0717635051462376E-4
917   1.0717635051462376E-4
918   1.0717635051462376E-4
919   1.0717635051462376E-4
920   1.0717635051462376E-4
921   1.0717635051462376E-4
922   1.0717635051462376E-4
923   1.0717635051462376E-4
924   1.0717635051462376E-4
925   1.0717635051462376E-4
926   1.0717635051462376E-4
927   1.0717635051462376E-4
928   1.0717635051462376E-4
929   1.0717635051462376E-4
930   1.0717635051462376E-4
931   1.0717635051462376E-4
932   1.0717635051462376E-4
933   1.0717635051462376E-4
934   1.0717635051462376E-4
935   1.0717635051462376E-4
936   1.0717635051462376E-4
937   1.0717635051462376E-4
938   1.0717635051462376E-4
939   1.0717635051462376E-4
940   1.0717635051462376E-4
941   1.0717635051462376E-4
942   1.0717635051462376E-4
943   1.0717635051462376E-4
944   1.0717635051462376E-4
945   1.0717635051462376E-4
946   1.0717635051462376E-4
947   1.0717635051462376E-4
948   1.0717635051462376E-4
949   1.0717635051462376E-4
950   1.0717635051462376E-4
951   1.0717635051462376E-4
952   1.0717635051462376E-4
953   1.0717635051462376E-4
954   1.0717635051462376E-4
955   1.0717635051462376E-4
956   1.0717635051462376E-4
957   1.0717635051462376E-4
958   1.0717635051462376E-4
959   1.0717635051462376E-4
960   1.0717635051462376E-4
961   1.0717635051462376E-4
962   1.0717635051462376E-4
963   1.0717635051462376E-4
964   1.0717635051462376E-4
965   1.0717635051462376E-4
966   1.0717635051462376E-4
967   1.0717635051462376E-4
968   1.0717635051462376E-4
969   1.0717635051462376E-4
970   1.0717635051462376E-4
971   1.0717635051462376E-4
972   1.0717635051462376E-4
973   1.0717635051462376E-4
974   1.0717635051462376E-4
975   1.0717635051462376E-4
976   1.0717635051462376E-4
977   1.0280128792186047E-4
978   1.0280128792186047E-4
979   1.0280128792186047E-4
980   1.0280128792186047E-4
981   1.0280128792186047E-4
982   1.0280128792186047E-4
983   1.0280128792186047E-4
984   1.0280128792186047E-4
985   1.0280128792186047E-4
986   1.0280128792186047E-4
987   1.0280128792186047E-4
988   1.0280128792186047E-4
989   1.0280128792186047E-4
990   1.0280128792186047E-4
991   1.0280128792186047E-4
992   1.0280128792186047E-4
993   1.0280128792186047E-4
994   1.0280128792186047E-4
995   1.0280128792186047E-4
996   1.0280128792186047E-4
997   1.0280128792186047E-4
998   1.0280128792186047E-4
999   1.0280128792186047E-4
